time,price,signal,label
2019-01-24 10:45:00,10.129,buy,2.0
2019-01-25 10:15:00,9.945,sell,4.0
2019-02-11 10:45:00,9.163,buy,1.0
2019-02-19 14:30:00,10.386,sell,3.0
2019-02-22 13:15:00,11.021,buy,1.0
2019-02-28 10:30:00,12.834,sell,3.0
2019-03-04 11:30:00,13.735,buy,2.0
2019-03-14 09:45:00,13.708,sell,4.0
2019-03-15 10:00:00,13.432,buy,2.0
2019-03-15 10:15:00,13.432,sell,4.0
2019-03-18 15:00:00,13.524,buy,2.0
2019-03-22 10:45:00,13.836,sell,4.0
2019-03-28 11:15:00,13.229,buy,2.0
2019-04-08 13:45:00,13.579,sell,4.0
2019-04-23 14:15:00,13.248,buy,2.0
2019-04-25 14:30:00,12.659,sell,4.0
2019-05-08 09:45:00,11.04,buy,2.0
2019-05-09 10:00:00,10.929,sell,4.0
2019-05-09 11:15:00,11.334,buy,2.0
2019-05-10 09:45:00,11.536,sell,4.0
2019-05-10 10:15:00,11.647,buy,2.0
2019-05-17 10:00:00,11.343,sell,4.0
2019-05-20 11:30:00,11.003,buy,2.0
2019-05-22 14:30:00,10.902,sell,4.0
2019-05-23 09:45:00,11.003,buy,1.0
2019-05-28 10:15:00,12.199,sell,3.0
2019-06-03 10:45:00,12.41,buy,2.0
2019-06-04 10:00:00,11.895,sell,4.0
2019-06-04 15:00:00,12.502,buy,2.0
2019-06-06 13:45:00,13.275,sell,4.0
2019-06-12 11:15:00,13.257,buy,2.0
2019-06-14 09:45:00,13.11,sell,4.0
2019-06-14 11:15:00,13.008,buy,2.0
2019-06-17 09:45:00,12.852,sell,4.0
2019-06-17 10:15:00,12.87,buy,2.0
2019-06-20 09:45:00,13.018,sell,4.0
2019-06-20 11:00:00,13.551,buy,2.0
2019-06-26 11:15:00,14.391,sell,4.0
2019-06-27 10:30:00,15.649,buy,2.0
2019-07-04 14:45:00,15.817,sell,4.0
2019-07-10 09:45:00,14.531,buy,2.0
2019-07-10 10:15:00,14.428,sell,4.0
2019-07-15 11:30:00,14.708,buy,2.0
2019-07-15 14:30:00,14.372,sell,4.0
2019-07-19 10:15:00,14.568,buy,2.0
2019-07-25 10:30:00,14.028,sell,4.0
2019-07-25 15:00:00,14.037,buy,2.0
2019-07-26 10:15:00,13.934,sell,4.0
2019-07-30 10:30:00,13.683,buy,2.0
2019-07-30 11:15:00,13.664,sell,4.0
2019-08-05 10:45:00,12.956,buy,2.0
2019-08-05 13:15:00,12.9,sell,4.0
2019-08-06 11:00:00,13.487,buy,2.0
2019-08-06 14:45:00,13.589,sell,4.0
2019-08-07 10:15:00,13.422,buy,2.0
2019-08-09 10:15:00,13.207,sell,4.0
2019-08-13 09:45:00,13.161,buy,2.0
2019-08-13 10:00:00,13.086,sell,4.0
2019-08-16 10:45:00,13.347,buy,2.0
2019-08-19 09:45:00,13.496,sell,4.0
2019-08-19 10:00:00,13.822,buy,1.0
2019-08-21 10:30:00,15.426,sell,3.0
2019-08-21 10:45:00,15.398,buy,2.0
2019-08-22 10:00:00,15.081,sell,4.0
2019-08-22 11:00:00,14.857,buy,2.0
2019-08-22 11:30:00,14.876,sell,4.0
2019-08-22 13:15:00,14.801,buy,2.0
2019-08-23 10:45:00,14.717,sell,4.0
2019-08-26 10:30:00,15.137,buy,2.0
2019-08-28 10:30:00,14.522,sell,4.0
2019-09-02 11:00:00,14.466,buy,2.0
2019-09-03 11:15:00,14.447,sell,4.0
2019-09-03 14:30:00,14.652,buy,2.0
2019-09-06 10:00:00,15.174,sell,4.0
2019-09-06 13:45:00,15.062,buy,2.0
2019-09-09 11:00:00,15.249,sell,4.0
2019-09-11 11:15:00,16.302,buy,2.0
2019-09-16 10:45:00,16.078,sell,4.0
2019-09-16 11:15:00,16.097,buy,2.0
2019-09-16 14:30:00,15.948,sell,4.0
2019-10-10 09:45:00,14.261,buy,2.0
2019-10-15 10:30:00,14.158,sell,4.0
2019-10-15 13:15:00,14.111,buy,2.0
2019-10-16 11:15:00,14.065,sell,4.0
2019-10-25 13:45:00,11.66,buy,2.0
2019-11-06 10:45:00,11.119,sell,4.0
2019-11-12 15:00:00,10.691,buy,2.0
2019-11-13 09:45:00,10.616,sell,4.0
2019-11-14 13:45:00,11.119,buy,2.0
2019-11-20 14:15:00,11.017,sell,4.0
2019-11-21 10:45:00,11.147,buy,2.0
2019-11-22 11:00:00,11.073,sell,4.0
2019-11-29 14:45:00,10.868,buy,2.0
2019-12-06 11:00:00,11.026,sell,4.0
2019-12-11 11:00:00,11.147,buy,2.0
2019-12-11 13:45:00,11.147,sell,4.0
2019-12-13 10:15:00,11.408,buy,1.0
2019-12-18 10:00:00,12.751,sell,3.0
2019-12-18 11:00:00,12.704,buy,2.0
2019-12-23 10:00:00,12.909,sell,4.0
2019-12-23 10:15:00,12.844,buy,2.0
2019-12-25 10:30:00,12.359,sell,4.0
2019-12-25 14:00:00,12.471,buy,2.0
2019-12-25 15:00:00,12.452,sell,4.0
2019-12-27 10:00:00,12.853,buy,2.0
2019-12-27 15:00:00,12.406,sell,4.0
2019-12-31 11:30:00,12.9,buy,2.0
2020-01-02 14:15:00,12.993,sell,4.0
2020-01-06 11:00:00,12.956,buy,2.0
2020-01-07 09:45:00,13.701,sell,4.0
2020-01-07 15:00:00,13.422,buy,2.0
2020-01-08 10:15:00,13.021,sell,4.0
2020-01-17 10:30:00,13.133,buy,2.0
2020-01-17 14:00:00,12.974,sell,4.0
2020-01-22 14:30:00,13.263,buy,2.0
2020-01-23 10:15:00,13.086,sell,4.0
2020-02-04 14:30:00,11.054,buy,2.0
2020-02-05 14:15:00,11.119,sell,4.0
2020-02-10 10:45:00,11.436,buy,2.0
2020-02-11 11:30:00,11.446,sell,4.0
2020-02-12 14:15:00,11.53,buy,2.0
2020-02-13 10:30:00,11.912,sell,4.0
2020-02-19 10:30:00,12.592,buy,2.0
2020-02-19 11:30:00,12.49,sell,4.0
2020-02-19 13:15:00,12.49,buy,2.0
2020-02-19 14:30:00,12.303,sell,4.0
2020-02-20 10:15:00,12.238,buy,2.0
2020-02-24 10:15:00,12.853,sell,4.0
2020-02-24 13:30:00,12.984,buy,2.0
2020-02-24 14:30:00,13.012,sell,4.0
2020-02-24 14:45:00,12.853,buy,2.0
2020-02-25 13:30:00,12.676,sell,4.0
2020-02-25 14:15:00,12.844,buy,2.0
2020-02-28 10:00:00,12.583,sell,4.0
2020-03-02 11:30:00,12.424,buy,2.0
2020-03-06 10:30:00,13.123,sell,4.0
2020-03-06 14:15:00,13.077,buy,2.0
2020-03-09 09:45:00,12.965,sell,4.0
2020-03-09 10:45:00,12.872,buy,2.0
2020-03-09 11:00:00,12.779,sell,4.0
2020-03-09 14:30:00,12.862,buy,2.0
2020-03-10 10:15:00,12.704,sell,4.0
2020-03-10 11:30:00,13.217,buy,2.0
2020-03-12 10:15:00,13.356,sell,4.0
2020-03-13 14:15:00,13.627,buy,2.0
2020-03-16 14:30:00,12.974,sell,4.0
2020-03-25 10:00:00,11.455,buy,2.0
2020-03-26 15:00:00,11.25,sell,4.0
2020-03-27 13:15:00,11.539,buy,2.0
2020-03-27 14:00:00,11.53,sell,4.0
2020-03-31 10:45:00,11.455,buy,2.0
2020-03-31 14:15:00,11.287,sell,4.0
2020-04-03 10:00:00,11.278,buy,2.0
2020-04-03 10:30:00,11.213,sell,4.0
2020-04-07 10:45:00,11.39,buy,2.0
2020-04-07 13:45:00,11.399,sell,4.0
2020-04-07 14:15:00,11.548,buy,2.0
2020-04-08 10:30:00,11.399,sell,4.0
2020-04-09 10:15:00,11.586,buy,2.0
2020-04-10 10:00:00,11.325,sell,4.0
2020-04-14 14:30:00,11.436,buy,2.0
2020-04-15 10:15:00,11.371,sell,4.0
2020-04-20 15:00:00,11.38,buy,2.0
2020-04-21 10:00:00,11.222,sell,4.0
2020-04-28 13:45:00,10.877,buy,2.0
2020-04-29 10:15:00,10.868,sell,4.0
2020-04-29 10:45:00,10.84,buy,2.0
2020-04-29 13:15:00,10.849,sell,4.0
2020-04-30 10:00:00,10.989,buy,2.0
2020-05-11 14:30:00,11.269,sell,4.0
2020-05-13 09:45:00,11.483,buy,2.0
2020-05-14 11:00:00,11.38,sell,4.0
2020-05-15 10:15:00,11.408,buy,2.0
2020-05-18 10:15:00,11.343,sell,4.0
2020-05-18 11:30:00,11.353,buy,2.0
2020-05-18 14:45:00,11.213,sell,4.0
2020-05-26 11:00:00,10.905,buy,2.0
2020-05-26 11:15:00,10.905,sell,4.0
2020-05-28 10:15:00,10.998,buy,2.0
2020-05-29 10:30:00,10.914,sell,4.0
2020-06-01 10:00:00,11.241,buy,2.0
2020-06-04 10:00:00,11.287,sell,4.0
2020-06-04 11:00:00,11.203,buy,2.0
2020-06-05 14:00:00,11.147,sell,4.0
2020-06-05 14:30:00,11.269,buy,2.0
2020-06-11 14:45:00,11.362,sell,4.0
2020-06-12 11:00:00,11.446,buy,2.0
2020-06-15 14:45:00,11.353,sell,4.0
2020-06-18 13:30:00,11.474,buy,2.0
2020-06-22 14:15:00,11.846,sell,4.0
2020-06-23 11:00:00,11.809,buy,2.0
2020-06-29 10:30:00,11.502,sell,4.0
2020-06-30 14:00:00,11.511,buy,2.0
2020-07-01 09:45:00,11.455,sell,4.0
2020-07-02 10:30:00,11.744,buy,1.0
2020-07-14 11:15:00,15.239,sell,3.0
2020-07-20 13:15:00,13.785,buy,2.0
2020-07-21 13:30:00,13.543,sell,4.0
2020-07-21 14:45:00,13.571,buy,2.0
2020-07-23 11:00:00,13.282,sell,4.0
2020-07-23 13:45:00,13.459,buy,2.0
2020-07-23 14:00:00,13.589,sell,4.0
2020-07-29 10:45:00,13.198,buy,2.0
2020-08-06 11:15:00,13.569,sell,4.0
2020-08-06 15:00:00,14.02,buy,2.0
2020-08-07 10:45:00,13.522,sell,4.0
2020-08-10 14:30:00,13.71,buy,2.0
2020-08-11 13:15:00,13.569,sell,4.0
2020-08-17 10:00:00,13.654,buy,2.0
2020-08-19 11:30:00,14.076,sell,4.0
2020-08-26 10:45:00,13.259,buy,2.0
2020-08-26 11:30:00,12.968,sell,4.0
2020-08-28 14:30:00,13.146,buy,2.0
2020-09-01 10:15:00,13.034,sell,4.0
2020-09-01 11:00:00,13.006,buy,2.0
2020-09-01 11:15:00,13.015,sell,4.0
2020-09-01 11:30:00,12.996,buy,2.0
2020-09-02 10:30:00,13.015,sell,4.0
2020-09-02 14:15:00,13.137,buy,2.0
2020-09-03 09:45:00,13.024,sell,4.0
2020-09-03 11:00:00,12.968,buy,2.0
2020-09-03 11:30:00,12.93,sell,4.0
2020-09-08 14:30:00,12.592,buy,2.0
2020-09-09 10:00:00,12.442,sell,4.0
2020-09-10 11:00:00,12.292,buy,2.0
2020-09-10 13:30:00,12.283,sell,4.0
2020-09-10 13:45:00,12.236,buy,2.0
2020-09-10 14:30:00,12.057,sell,4.0
2020-09-17 14:45:00,11.963,buy,2.0
2020-09-23 10:15:00,12.461,sell,4.0
2020-09-24 10:45:00,12.245,buy,2.0
2020-09-30 11:30:00,12.376,sell,4.0
2020-10-12 10:15:00,12.921,buy,2.0
2020-10-12 11:15:00,12.874,sell,4.0
2020-10-23 10:15:00,12.47,buy,2.0
2020-10-23 10:45:00,12.461,sell,4.0
2020-10-23 13:45:00,12.461,buy,2.0
2020-10-23 14:30:00,12.376,sell,4.0
2020-10-28 14:00:00,12.076,buy,2.0
2020-10-29 10:45:00,11.963,sell,4.0
2020-10-29 11:30:00,12.02,buy,2.0
2020-10-30 10:30:00,12.001,sell,4.0
2020-11-03 10:45:00,11.954,buy,2.0
2020-11-06 14:15:00,11.916,sell,4.0
2020-11-09 10:30:00,12.189,buy,2.0
2020-11-12 13:45:00,12.048,sell,4.0
2020-11-16 13:30:00,12.076,buy,2.0
2020-11-16 14:30:00,12.038,sell,4.0
2020-11-17 13:45:00,12.029,buy,2.0
2020-11-19 09:45:00,12.048,sell,4.0
2020-11-19 11:30:00,12.113,buy,2.0
2020-11-24 10:15:00,12.348,sell,4.0
2020-11-24 11:15:00,12.367,buy,2.0
2020-11-24 13:45:00,12.283,sell,4.0
2020-11-30 10:00:00,12.452,buy,2.0
2020-12-01 09:45:00,12.292,sell,4.0
2020-12-01 10:45:00,12.311,buy,2.0
2020-12-01 14:30:00,12.592,sell,4.0
2020-12-02 10:45:00,12.977,buy,2.0
2020-12-02 14:00:00,12.78,sell,4.0
2020-12-03 09:45:00,13.034,buy,2.0
2020-12-03 10:30:00,12.94,sell,4.0
2020-12-08 14:30:00,12.761,buy,2.0
2020-12-09 13:45:00,12.517,sell,4.0
2020-12-17 11:30:00,12.179,buy,2.0
2020-12-22 10:45:00,12.085,sell,4.0
2020-12-30 15:00:00,11.691,buy,2.0
2021-01-06 13:15:00,11.935,sell,4.0
2021-01-06 14:00:00,11.973,buy,2.0
2021-01-07 13:45:00,11.813,sell,4.0
2021-01-12 14:15:00,12.113,buy,2.0
2021-01-13 10:45:00,11.973,sell,4.0
2021-01-13 13:30:00,11.935,buy,2.0
2021-01-14 10:15:00,11.597,sell,4.0
2021-01-14 13:15:00,11.625,buy,2.0
2021-01-14 15:00:00,11.541,sell,4.0
2021-01-15 10:30:00,11.71,buy,2.0
2021-01-15 13:30:00,11.569,sell,4.0
2021-01-19 14:00:00,11.653,buy,2.0
2021-01-19 14:30:00,11.625,sell,4.0
2021-01-21 13:15:00,11.738,buy,2.0
2021-01-22 10:30:00,11.456,sell,4.0
2021-02-09 14:00:00,10.32,buy,2.0
2021-02-23 10:00:00,10.743,sell,4.0
2021-02-23 10:30:00,10.667,buy,2.0
2021-02-24 14:00:00,10.592,sell,4.0
2021-02-24 14:45:00,10.564,buy,2.0
2021-02-26 10:30:00,10.433,sell,4.0
2021-03-03 11:00:00,10.489,buy,2.0
2021-03-04 11:00:00,10.602,sell,4.0
2021-03-05 10:00:00,10.667,buy,2.0
2021-03-09 10:00:00,10.339,sell,4.0
2021-03-22 11:00:00,10.188,buy,2.0
2021-03-23 13:15:00,10.198,sell,4.0
2021-03-23 14:30:00,10.339,buy,2.0
2021-03-24 10:00:00,10.367,sell,4.0
2021-03-24 10:30:00,10.386,buy,2.0
2021-03-29 14:15:00,10.311,sell,4.0
2021-03-30 10:15:00,10.527,buy,2.0
2021-04-02 11:00:00,10.301,sell,4.0
2021-04-06 10:45:00,10.311,buy,2.0
2021-04-07 10:00:00,10.245,sell,4.0
2021-04-08 11:30:00,10.395,buy,2.0
2021-04-09 09:45:00,10.301,sell,4.0
2021-04-20 10:00:00,10.16,buy,2.0
2021-04-20 10:30:00,10.113,sell,4.0
2021-04-29 11:30:00,9.71,buy,2.0
2021-04-29 14:15:00,9.653,sell,4.0
2021-05-11 11:00:00,8.987,buy,2.0
2021-05-11 11:15:00,8.977,sell,4.0
2021-05-14 11:30:00,9.306,buy,2.0
2021-05-18 11:00:00,9.428,sell,4.0
2021-05-24 10:30:00,9.484,buy,2.0
2021-05-31 11:15:00,9.738,sell,4.0
2021-06-08 13:45:00,9.691,buy,2.0
2021-06-08 14:30:00,9.681,sell,4.0
2021-06-16 13:15:00,9.296,buy,2.0
2021-06-16 14:00:00,9.268,sell,4.0
2021-06-16 14:45:00,9.306,buy,2.0
2021-06-16 15:00:00,9.315,sell,4.0
2021-06-18 14:15:00,9.437,buy,2.0
2021-06-22 13:15:00,9.437,sell,4.0
2021-06-24 10:30:00,9.456,buy,2.0
2021-06-28 11:00:00,9.569,sell,4.0
2021-06-28 13:15:00,9.559,buy,2.0
2021-06-30 09:45:00,9.597,sell,4.0
2021-06-30 10:00:00,9.531,buy,2.0
2021-06-30 10:15:00,9.522,sell,4.0
2021-06-30 11:00:00,10.085,buy,2.0
2021-07-01 11:30:00,10.142,sell,4.0
2021-07-01 13:15:00,10.132,buy,2.0
2021-07-02 10:15:00,9.512,sell,4.0
2021-07-12 11:00:00,9.249,buy,2.0
2021-07-13 14:00:00,9.137,sell,4.0
2021-07-14 14:00:00,9.156,buy,2.0
2021-07-15 09:45:00,9.071,sell,4.0
2021-07-22 11:15:00,9.137,buy,2.0
2021-07-22 15:00:00,9.156,sell,4.0
2021-07-23 11:15:00,9.39,buy,2.0
2021-07-27 11:00:00,9.109,sell,4.0
2021-08-02 13:15:00,9.015,buy,2.0
2021-08-05 15:00:00,8.835,sell,4.0
2021-08-09 10:45:00,9.053,buy,2.0
2021-08-17 14:30:00,9.243,sell,4.0
2021-08-18 10:30:00,9.347,buy,1.0
2021-08-26 11:30:00,11.027,sell,3.0
2021-08-31 14:30:00,10.249,buy,2.0
2021-09-01 10:00:00,10.144,sell,4.0
2021-09-01 10:45:00,10.211,buy,1.0
2021-09-16 14:00:00,12.089,sell,3.0
2021-09-17 14:30:00,12.64,buy,2.0
2021-09-24 11:00:00,12.944,sell,4.0
2021-10-13 11:15:00,10.837,buy,2.0
2021-10-13 13:30:00,11.046,sell,4.0
2021-10-14 11:15:00,11.264,buy,2.0
2021-10-15 10:00:00,10.723,sell,4.0
2021-10-15 14:45:00,10.97,buy,2.0
2021-10-18 09:45:00,10.808,sell,4.0
2021-10-18 11:15:00,10.875,buy,2.0
2021-10-18 11:30:00,10.894,sell,4.0
2021-10-21 13:15:00,11.122,buy,2.0
2021-10-21 14:00:00,10.998,sell,4.0
2021-10-25 10:30:00,10.78,buy,2.0
2021-10-29 10:45:00,11.103,sell,4.0
2021-10-29 13:30:00,11.017,buy,2.0
2021-11-02 10:45:00,10.476,sell,4.0
2021-11-10 11:15:00,10.011,buy,2.0
2021-11-10 13:45:00,10.021,sell,4.0
2021-11-11 10:15:00,10.192,buy,2.0
2021-11-18 14:15:00,10.267,sell,4.0
2021-11-19 10:30:00,10.562,buy,1.0
2021-11-29 10:30:00,11.634,sell,3.0
2021-12-01 11:30:00,11.919,buy,2.0
2021-12-01 13:30:00,11.862,sell,4.0
2021-12-02 10:30:00,11.985,buy,2.0
2021-12-02 11:15:00,12.412,sell,4.0
2021-12-02 11:30:00,12.308,buy,2.0
2021-12-02 13:15:00,12.26,sell,4.0
2021-12-02 14:00:00,12.26,buy,2.0
2021-12-03 11:15:00,12.127,sell,4.0
2021-12-06 10:30:00,12.697,buy,2.0
2021-12-06 13:45:00,12.393,sell,4.0
2021-12-07 13:30:00,12.099,buy,2.0
2021-12-13 13:30:00,13.0,sell,4.0
2021-12-17 11:30:00,12.944,buy,2.0
2021-12-17 14:00:00,12.944,sell,4.0
2021-12-27 11:30:00,12.146,buy,2.0
2021-12-27 13:15:00,12.184,sell,4.0
2021-12-28 13:15:00,12.127,buy,2.0
2021-12-28 15:00:00,12.251,sell,4.0
2021-12-29 09:45:00,12.023,buy,2.0
2021-12-29 10:00:00,11.843,sell,4.0
2021-12-30 11:00:00,12.27,buy,2.0
2021-12-31 10:45:00,12.184,sell,4.0
2022-01-11 11:30:00,11.624,buy,2.0
2022-01-11 13:30:00,11.558,sell,4.0
2022-01-18 11:15:00,11.52,buy,2.0
2022-01-19 14:45:00,11.473,sell,4.0
2022-01-20 10:45:00,11.691,buy,2.0
2022-01-21 11:15:00,12.004,sell,4.0
2022-01-26 14:45:00,11.71,buy,2.0
2022-01-27 11:00:00,11.463,sell,4.0
2022-02-08 15:00:00,11.036,buy,2.0
2022-02-11 10:45:00,11.093,sell,4.0
2022-02-16 10:15:00,10.647,buy,2.0
2022-02-17 11:30:00,10.619,sell,4.0
2022-02-18 10:30:00,10.486,buy,2.0
2022-02-22 10:30:00,10.467,sell,4.0
2022-02-23 11:30:00,10.533,buy,2.0
2022-02-24 13:30:00,10.277,sell,4.0
2022-02-25 10:30:00,10.429,buy,2.0
2022-02-28 10:15:00,10.125,sell,4.0
2022-03-03 10:15:00,10.239,buy,2.0
2022-03-04 10:00:00,10.04,sell,4.0
2022-03-04 11:15:00,10.163,buy,2.0
2022-03-07 10:45:00,9.897,sell,4.0
2022-03-10 10:15:00,9.385,buy,2.0
2022-03-10 10:45:00,9.394,sell,4.0
2022-03-10 11:00:00,9.366,buy,2.0
2022-03-10 11:15:00,9.385,sell,4.0
2022-03-11 11:15:00,9.072,buy,2.0
2022-03-11 13:15:00,9.1,sell,4.0
2022-03-11 14:00:00,9.432,buy,2.0
2022-03-16 09:45:00,8.901,sell,4.0
2022-03-16 11:00:00,8.911,buy,2.0
2022-03-24 10:30:00,9.053,sell,4.0
2022-03-30 13:15:00,9.081,buy,2.0
2022-04-11 10:30:00,9.062,sell,4.0
2022-04-12 14:15:00,9.195,buy,2.0
2022-04-13 11:30:00,9.508,sell,4.0
2022-04-13 15:00:00,9.546,buy,2.0
2022-04-14 09:45:00,9.489,sell,4.0
2022-04-14 11:15:00,9.689,buy,2.0
2022-04-18 11:00:00,9.129,sell,4.0
2022-04-27 14:30:00,7.781,buy,2.0
2022-04-28 10:15:00,7.629,sell,4.0
2022-05-11 10:30:00,7.582,buy,2.0
2022-05-12 09:45:00,7.506,sell,4.0
2022-05-16 10:30:00,7.582,buy,2.0
2022-05-16 11:00:00,7.544,sell,4.0
2022-05-18 10:45:00,7.601,buy,2.0
2022-05-19 10:15:00,7.44,sell,4.0
2022-05-20 10:00:00,7.629,buy,2.0
2022-05-24 10:45:00,7.648,sell,4.0
2022-05-26 11:15:00,7.651,buy,2.0
2022-06-07 11:00:00,8.348,sell,4.0
2022-06-08 11:00:00,8.638,buy,2.0
2022-06-09 14:15:00,8.493,sell,4.0
2022-06-10 11:30:00,8.561,buy,2.0
2022-06-13 14:45:00,8.512,sell,4.0
2022-06-14 10:15:00,9.373,buy,1.0
2022-06-16 13:30:00,10.34,sell,3.0
2022-06-17 14:15:00,10.399,buy,2.0
2022-06-20 10:15:00,9.886,sell,4.0
2022-06-22 13:15:00,9.721,buy,2.0
2022-06-28 10:45:00,9.692,sell,4.0
2022-06-28 15:00:00,9.896,buy,2.0
2022-06-29 10:45:00,9.944,sell,4.0
2022-06-30 10:45:00,9.808,buy,2.0
2022-06-30 11:15:00,9.973,sell,4.0
2022-06-30 13:15:00,10.002,buy,2.0
2022-07-01 13:30:00,9.779,sell,4.0
2022-07-04 14:00:00,9.663,buy,2.0
2022-07-05 11:15:00,9.605,sell,4.0
2022-07-06 14:15:00,9.625,buy,2.0
2022-07-06 14:30:00,9.625,sell,4.0
2022-07-20 09:45:00,8.802,buy,2.0
2022-07-20 11:30:00,8.754,sell,4.0
2022-07-21 10:30:00,8.773,buy,2.0
2022-07-22 13:15:00,8.648,sell,4.0
2022-07-28 10:15:00,8.851,buy,2.0
2022-07-28 14:45:00,8.89,sell,4.0
2022-08-01 11:15:00,8.599,buy,2.0
2022-08-02 10:00:00,8.241,sell,4.0
2022-08-05 14:45:00,8.493,buy,2.0
2022-08-10 11:15:00,8.754,sell,4.0
2022-08-11 13:30:00,9.296,buy,2.0
2022-08-18 11:30:00,8.977,sell,4.0
2022-08-18 13:45:00,9.025,buy,2.0
2022-08-19 14:45:00,8.938,sell,4.0
2022-08-23 13:15:00,8.957,buy,2.0
2022-08-23 13:45:00,8.977,sell,4.0
2022-08-24 10:15:00,9.218,buy,2.0
2022-08-25 14:15:00,8.86,sell,4.0
2022-08-31 14:30:00,8.948,buy,2.0
2022-09-01 11:15:00,8.851,sell,4.0
2022-09-06 10:30:00,8.773,buy,2.0
2022-09-06 14:15:00,8.802,sell,4.0
2022-09-06 15:00:00,8.851,buy,2.0
2022-09-07 10:15:00,8.744,sell,4.0
2022-09-09 10:30:00,8.822,buy,2.0
2022-09-16 10:15:00,8.416,sell,4.0
2022-09-21 14:30:00,8.416,buy,2.0
2022-09-22 10:15:00,8.319,sell,4.0
2022-09-30 13:45:00,7.942,buy,2.0
2022-10-11 09:45:00,7.825,sell,4.0
2022-10-11 11:15:00,7.922,buy,2.0
2022-10-11 14:30:00,7.806,sell,4.0
2022-10-12 11:30:00,7.835,buy,2.0
2022-10-19 11:00:00,8.203,sell,4.0
2022-10-20 14:00:00,8.222,buy,2.0
2022-10-24 13:45:00,8.116,sell,4.0
2022-10-26 11:30:00,8.154,buy,2.0
2022-10-28 10:30:00,8.029,sell,4.0
2022-10-31 13:30:00,7.835,buy,2.0
2022-10-31 14:00:00,7.806,sell,4.0
2022-11-02 10:00:00,8.087,buy,2.0
2022-11-10 14:00:00,8.174,sell,4.0
2022-11-11 10:00:00,8.319,buy,2.0
2022-11-14 15:00:00,8.377,sell,4.0
2022-11-15 10:45:00,8.735,buy,2.0
2022-11-21 09:45:00,8.454,sell,4.0
2022-11-29 10:45:00,8.435,buy,2.0
2022-12-01 11:15:00,8.561,sell,4.0
2022-12-05 10:45:00,8.648,buy,2.0
2022-12-06 13:45:00,8.735,sell,4.0
2022-12-22 11:00:00,8.019,buy,2.0
2022-12-22 13:15:00,8.009,sell,4.0
2022-12-23 10:15:00,8.145,buy,2.0
2022-12-23 11:30:00,8.125,sell,4.0
2022-12-26 14:30:00,8.009,buy,2.0
2022-12-28 14:45:00,7.971,sell,4.0
2022-12-29 10:00:00,7.903,buy,2.0
2022-12-29 10:15:00,7.893,sell,4.0
2022-12-30 14:15:00,8.048,buy,2.0
2023-01-03 10:00:00,7.855,sell,4.0
2023-01-03 13:30:00,7.922,buy,2.0
2023-01-06 14:00:00,8.038,sell,4.0
2023-01-09 10:30:00,8.261,buy,2.0
2023-01-10 13:15:00,8.309,sell,4.0
2023-01-12 14:30:00,8.338,buy,2.0
2023-01-16 15:00:00,8.86,sell,4.0
2023-01-17 10:00:00,8.851,buy,2.0
2023-01-20 11:30:00,8.938,sell,4.0
2023-02-01 10:15:00,8.938,buy,2.0
2023-02-02 11:00:00,8.899,sell,4.0
2023-02-06 10:00:00,8.831,buy,2.0
2023-02-06 10:30:00,8.773,sell,4.0
2023-02-09 15:00:00,8.677,buy,2.0
2023-02-14 13:30:00,8.59,sell,4.0
2023-02-15 09:45:00,8.638,buy,2.0
2023-02-15 13:15:00,8.783,sell,4.0
2023-02-16 10:15:00,8.822,buy,2.0
2023-02-16 14:30:00,8.609,sell,4.0
2023-02-20 14:45:00,8.686,buy,2.0
2023-02-22 10:45:00,8.396,sell,4.0
2023-02-28 11:30:00,8.387,buy,2.0
2023-02-28 13:30:00,8.328,sell,4.0
2023-03-01 09:45:00,8.416,buy,2.0
2023-03-01 14:15:00,8.454,sell,4.0
2023-03-02 09:45:00,8.425,buy,2.0
2023-03-02 10:30:00,8.435,sell,4.0
2023-03-03 15:00:00,8.445,buy,2.0
2023-03-06 10:30:00,8.387,sell,4.0
2023-03-16 10:45:00,8.222,buy,2.0
2023-03-16 15:00:00,8.106,sell,4.0
2023-03-17 11:00:00,8.174,buy,2.0
2023-03-20 10:45:00,8.193,sell,4.0
2023-03-23 14:30:00,8.222,buy,2.0
2023-03-24 11:00:00,8.164,sell,4.0
2023-04-03 11:00:00,8.125,buy,2.0
2023-04-04 11:15:00,8.154,sell,4.0
2023-04-07 10:30:00,8.183,buy,2.0
2023-04-10 13:45:00,8.203,sell,4.0
2023-04-11 10:30:00,8.309,buy,2.0
2023-04-11 13:45:00,8.222,sell,4.0
2023-04-12 13:30:00,8.27,buy,2.0
2023-04-13 11:15:00,8.222,sell,4.0
2023-04-13 11:30:00,8.232,buy,2.0
2023-04-13 14:00:00,8.193,sell,4.0
2023-04-13 15:00:00,8.203,buy,2.0
2023-04-14 11:30:00,8.193,sell,4.0
2023-04-14 14:00:00,8.203,buy,2.0
2023-04-14 14:45:00,8.203,sell,4.0
2023-04-17 10:00:00,8.406,buy,2.0
2023-04-19 10:15:00,8.338,sell,4.0
2023-04-20 14:45:00,8.57,buy,2.0
2023-04-21 11:00:00,8.396,sell,4.0
2023-04-21 13:15:00,8.348,buy,2.0
2023-04-24 10:30:00,8.348,sell,4.0
2023-04-27 15:00:00,8.203,buy,2.0
2023-05-09 14:15:00,8.744,sell,4.0
2023-05-16 09:45:00,8.599,buy,2.0
2023-05-16 10:15:00,8.59,sell,4.0
2023-05-16 15:00:00,8.532,buy,2.0
2023-05-18 11:00:00,8.474,sell,4.0
2023-05-29 11:00:00,8.174,buy,2.0
2023-05-29 13:15:00,8.212,sell,4.0
2023-05-31 10:15:00,8.154,buy,2.0
2023-05-31 10:30:00,8.145,sell,4.0
2023-05-31 11:30:00,8.164,buy,2.0
2023-05-31 13:15:00,8.154,sell,4.0
2023-06-01 11:15:00,8.212,buy,2.0
2023-06-01 14:15:00,8.174,sell,4.0
2023-06-08 14:45:00,8.125,buy,2.0
2023-06-14 14:15:00,8.135,sell,4.0
2023-06-15 14:15:00,8.203,buy,2.0
2023-06-19 11:30:00,8.145,sell,4.0
2023-06-19 13:45:00,8.135,buy,2.0
2023-06-19 14:30:00,8.135,sell,4.0
2023-06-30 11:00:00,7.864,buy,2.0
2023-07-06 11:30:00,7.884,sell,4.0
2023-07-07 14:00:00,7.913,buy,2.0
2023-07-12 14:15:00,7.884,sell,4.0
2023-07-13 10:45:00,7.932,buy,2.0
2023-07-19 09:45:00,7.98,sell,4.0
2023-07-19 14:45:00,7.98,buy,2.0
2023-07-21 09:45:00,7.942,sell,4.0
2023-07-25 10:15:00,8.157,buy,1.0
2023-08-08 10:45:00,9.234,sell,3.0
2023-08-16 13:45:00,9.048,buy,2.0
2023-08-16 14:00:00,9.058,sell,4.0
2023-08-23 09:45:00,8.578,buy,2.0
2023-08-23 10:30:00,8.509,sell,4.0
2023-08-25 14:45:00,8.47,buy,2.0
2023-08-28 13:15:00,8.774,sell,4.0
2023-09-11 13:30:00,8.372,buy,2.0
2023-09-13 10:15:00,8.235,sell,4.0
2023-09-19 13:15:00,8.186,buy,2.0
2023-09-20 10:30:00,8.176,sell,4.0
2023-09-20 11:00:00,8.167,buy,2.0
2023-09-21 09:45:00,8.127,sell,4.0
2023-09-22 10:45:00,8.176,buy,2.0
2023-09-25 10:45:00,8.137,sell,4.0
2023-10-11 11:00:00,8.049,buy,2.0
2023-10-12 09:45:00,8.069,sell,4.0
2023-10-12 10:15:00,8.059,buy,2.0
2023-10-13 10:30:00,8.049,sell,4.0
2023-10-16 11:15:00,8.088,buy,2.0
2023-10-20 10:45:00,8.078,sell,4.0
2023-10-20 11:00:00,8.078,buy,2.0
2023-10-23 10:00:00,7.902,sell,4.0
2023-10-24 11:00:00,7.912,buy,2.0
2023-10-24 13:45:00,7.902,sell,4.0
2023-10-24 14:30:00,8.039,buy,2.0
2023-10-30 11:30:00,8.078,sell,4.0
2023-11-03 13:15:00,8.147,buy,2.0
2023-11-03 13:45:00,8.127,sell,4.0
2023-11-06 10:00:00,8.255,buy,2.0
2023-11-13 10:30:00,8.206,sell,4.0
2023-11-14 11:00:00,8.372,buy,2.0
2023-11-15 11:15:00,8.372,sell,4.0
2023-11-20 09:45:00,8.294,buy,2.0
2023-11-20 10:15:00,8.294,sell,4.0
2023-11-20 13:15:00,8.421,buy,2.0
2023-11-21 14:45:00,8.333,sell,4.0
2023-12-01 10:00:00,8.118,buy,2.0
2023-12-05 10:15:00,8.127,sell,4.0
2023-12-11 13:30:00,8.118,buy,2.0
2023-12-15 14:45:00,8.137,sell,4.0
2023-12-22 13:45:00,7.765,buy,2.0
2023-12-22 14:30:00,7.745,sell,4.0
2023-12-27 13:30:00,7.726,buy,2.0
2024-01-04 10:45:00,7.697,sell,4.0
2024-01-17 09:45:00,7.413,buy,2.0
2024-01-17 13:45:00,7.364,sell,4.0
2024-01-19 10:00:00,7.227,buy,2.0
2024-01-19 10:45:00,7.207,sell,4.0
2024-01-24 14:45:00,7.354,buy,2.0
2024-01-30 10:15:00,7.383,sell,4.0
2024-02-01 11:15:00,7.217,buy,2.0
2024-02-02 10:00:00,7.05,sell,4.0
2024-02-05 14:45:00,6.619,buy,2.0
2024-02-05 15:00:00,6.61,sell,4.0
2024-02-06 13:15:00,7.001,buy,2.0
2024-02-19 10:00:00,7.285,sell,4.0
2024-02-19 10:45:00,7.305,buy,2.0
2024-02-23 14:30:00,7.501,sell,4.0
2024-02-23 15:00:00,7.52,buy,2.0
2024-02-26 14:30:00,7.501,sell,4.0
2024-02-27 10:00:00,7.52,buy,2.0
2024-02-29 10:15:00,7.618,sell,4.0
2024-02-29 11:00:00,7.697,buy,2.0
2024-03-04 10:30:00,7.628,sell,4.0
2024-03-11 11:00:00,7.51,buy,2.0
2024-03-11 11:15:00,7.52,sell,4.0
2024-03-12 09:45:00,7.755,buy,2.0
2024-03-14 13:30:00,7.54,sell,4.0
2024-03-18 09:45:00,7.687,buy,2.0
2024-03-22 10:15:00,7.569,sell,4.0
2024-03-28 13:45:00,7.246,buy,2.0
2024-04-02 14:45:00,7.315,sell,4.0
2024-04-10 10:15:00,7.227,buy,2.0
2024-04-10 11:30:00,7.197,sell,4.0
2024-04-15 11:30:00,7.129,buy,2.0
2024-04-15 14:45:00,7.119,sell,4.0
2024-04-15 15:00:00,7.129,buy,2.0
2024-04-17 09:45:00,7.001,sell,4.0
2024-04-17 11:00:00,7.031,buy,2.0
2024-04-22 13:30:00,7.129,sell,4.0
2024-04-25 13:15:00,7.099,buy,2.0
2024-04-25 14:30:00,7.07,sell,4.0
2024-04-26 10:00:00,7.168,buy,2.0
2024-05-06 11:15:00,7.54,sell,4.0
2024-05-10 13:15:00,7.432,buy,2.0
2024-05-15 10:30:00,7.324,sell,4.0
2024-05-20 10:00:00,7.432,buy,2.0
2024-05-23 10:30:00,7.246,sell,4.0
2024-05-29 11:15:00,7.08,buy,2.0
2024-05-29 14:15:00,7.04,sell,4.0
2024-05-31 10:15:00,7.109,buy,2.0
2024-06-03 11:00:00,7.04,sell,4.0
2024-06-05 10:30:00,7.05,buy,2.0
2024-06-05 14:45:00,7.021,sell,4.0
2024-06-14 14:00:00,6.894,buy,2.0
2024-06-20 11:00:00,6.884,sell,4.0
2024-06-26 14:45:00,6.737,buy,2.0
2024-06-27 10:30:00,6.688,sell,4.0
2024-06-28 10:15:00,6.737,buy,2.0
2024-06-28 14:30:00,6.61,sell,4.0
2024-07-09 14:30:00,6.433,buy,2.0
2024-07-16 10:45:00,6.433,sell,4.0
2024-07-17 11:30:00,6.482,buy,2.0
2024-07-18 10:00:00,6.424,sell,4.0
2024-07-18 14:00:00,6.521,buy,2.0
2024-07-22 14:30:00,6.492,sell,4.0
2024-07-26 10:00:00,6.57,buy,2.0
2024-07-30 10:15:00,6.541,sell,4.0
2024-07-31 10:00:00,6.708,buy,2.0
2024-08-05 14:00:00,6.678,sell,4.0
2024-08-08 11:30:00,6.848,buy,2.0
2024-08-09 14:45:00,6.728,sell,4.0
2024-08-14 09:45:00,6.748,buy,2.0
2024-08-16 14:15:00,6.708,sell,4.0
2024-08-19 10:15:00,6.768,buy,2.0
2024-08-19 13:45:00,6.748,sell,4.0
2024-08-19 14:45:00,6.758,buy,2.0
2024-08-20 10:30:00,6.688,sell,4.0
2024-08-28 13:30:00,6.479,buy,2.0
2024-08-28 14:30:00,6.469,sell,4.0
2024-08-28 15:00:00,6.469,buy,2.0
2024-09-02 10:15:00,6.589,sell,4.0
2024-09-02 11:15:00,6.549,buy,2.0
2024-09-03 14:30:00,6.559,sell,4.0
2024-09-04 10:00:00,6.599,buy,2.0
2024-09-06 11:30:00,6.668,sell,4.0
2024-09-09 10:45:00,6.688,buy,2.0
2024-09-09 14:00:00,6.638,sell,4.0
2024-09-23 10:15:00,6.808,buy,2.0
2024-09-23 14:15:00,6.768,sell,4.0
2024-09-24 11:15:00,6.977,buy,2.0
2024-09-25 14:15:00,7.325,sell,4.0
2024-09-26 09:45:00,7.246,buy,1.0
2024-10-09 11:15:00,9.167,sell,3.0
2024-10-18 14:45:00,8.599,buy,2.0
2024-10-21 10:00:00,8.251,sell,4.0
2024-10-25 10:00:00,8.47,buy,2.0
2024-10-29 14:00:00,8.42,sell,4.0
2024-10-31 10:45:00,8.639,buy,2.0
2024-11-12 11:30:00,9.107,sell,4.0
2024-11-13 14:30:00,8.948,buy,2.0
2024-11-14 10:15:00,8.928,sell,4.0
2024-11-28 09:45:00,8.35,buy,2.0
2024-12-03 11:00:00,8.569,sell,4.0
2024-12-03 14:45:00,8.619,buy,2.0
2024-12-04 14:30:00,8.49,sell,4.0
2024-12-06 10:30:00,8.619,buy,2.0
2024-12-09 14:15:00,8.559,sell,4.0
2024-12-09 14:45:00,8.599,buy,2.0
2024-12-10 11:15:00,8.758,sell,4.0
2024-12-10 11:30:00,8.778,buy,2.0
2024-12-10 14:45:00,8.659,sell,4.0
2024-12-11 10:15:00,8.689,buy,2.0
2024-12-13 10:30:00,8.619,sell,4.0
2024-12-23 11:15:00,8.44,buy,2.0
2024-12-23 14:45:00,8.34,sell,4.0
2024-12-24 10:15:00,8.44,buy,2.0
2024-12-25 11:00:00,8.39,sell,4.0
2024-12-27 11:30:00,8.6,buy,2.0
2024-12-27 14:00:00,8.55,sell,4.0
