time,price,signal,label
2019-02-21 14:00:00,3.998,buy,2.0
2019-02-22 11:00:00,3.956,sell,4.0
2019-02-22 14:00:00,3.973,buy,1.0
2019-02-26 11:30:00,4.429,sell,3.0
2019-02-26 13:30:00,4.48,buy,2.0
2019-02-26 14:00:00,4.463,sell,4.0
2019-02-28 10:30:00,4.361,buy,2.0
2019-02-28 11:30:00,4.319,sell,4.0
2019-03-01 10:00:00,4.336,buy,2.0
2019-03-01 14:30:00,4.37,sell,4.0
2019-03-01 15:00:00,4.395,buy,2.0
2019-03-04 15:00:00,4.421,sell,4.0
2019-03-06 10:00:00,4.522,buy,2.0
2019-03-07 10:30:00,4.657,sell,4.0
2019-03-07 11:00:00,4.615,buy,2.0
2019-03-07 11:30:00,4.615,sell,4.0
2019-03-11 11:00:00,4.353,buy,2.0
2019-03-12 14:30:00,4.412,sell,4.0
2019-03-14 10:30:00,4.378,buy,2.0
2019-03-14 14:00:00,4.336,sell,4.0
2019-03-15 11:00:00,4.37,buy,2.0
2019-03-19 10:30:00,4.48,sell,4.0
2019-03-20 11:00:00,4.471,buy,2.0
2019-03-20 13:30:00,4.421,sell,4.0
2019-03-21 10:00:00,4.48,buy,2.0
2019-03-21 14:30:00,4.48,sell,4.0
2019-03-21 15:00:00,4.471,buy,2.0
2019-03-22 10:00:00,4.429,sell,4.0
2019-03-22 14:30:00,4.446,buy,2.0
2019-03-25 11:30:00,4.37,sell,4.0
2019-03-26 11:00:00,4.328,buy,2.0
2019-03-26 11:30:00,4.294,sell,4.0
2019-03-27 11:00:00,4.26,buy,2.0
2019-03-28 13:30:00,4.209,sell,4.0
2019-03-29 11:00:00,4.26,buy,2.0
2019-04-01 14:30:00,4.454,sell,4.0
2019-04-02 15:00:00,4.48,buy,2.0
2019-04-03 14:00:00,4.505,sell,4.0
2019-04-03 15:00:00,4.53,buy,2.0
2019-04-04 11:30:00,4.547,sell,4.0
2019-04-08 10:30:00,4.64,buy,2.0
2019-04-08 14:00:00,4.623,sell,4.0
2019-04-08 15:00:00,4.784,buy,2.0
2019-04-09 10:30:00,4.657,sell,4.0
2019-04-10 15:00:00,4.59,buy,2.0
2019-04-11 11:30:00,4.53,sell,4.0
2019-04-12 14:00:00,4.437,buy,2.0
2019-04-12 14:30:00,4.463,sell,4.0
2019-04-12 15:00:00,4.471,buy,2.0
2019-04-15 14:00:00,4.336,sell,4.0
2019-04-16 11:00:00,4.268,buy,2.0
2019-04-17 15:00:00,4.336,sell,4.0
2019-04-18 11:00:00,4.344,buy,2.0
2019-04-18 13:30:00,4.328,sell,4.0
2019-04-19 13:30:00,4.319,buy,2.0
2019-04-22 11:00:00,4.311,sell,4.0
2019-04-23 11:00:00,4.26,buy,2.0
2019-04-23 11:30:00,4.26,sell,4.0
2019-04-23 14:30:00,4.277,buy,2.0
2019-04-24 10:00:00,4.251,sell,4.0
2019-04-24 14:00:00,4.251,buy,2.0
2019-04-25 11:00:00,4.218,sell,4.0
2019-04-26 14:00:00,3.93,buy,2.0
2019-04-26 15:00:00,3.922,sell,4.0
2019-04-29 10:00:00,3.837,buy,2.0
2019-04-29 10:30:00,3.82,sell,4.0
2019-04-29 11:30:00,3.82,buy,2.0
2019-04-30 10:00:00,3.829,sell,4.0
2019-04-30 10:30:00,3.829,buy,2.0
2019-05-06 11:00:00,3.634,sell,4.0
2019-05-07 10:30:00,3.609,buy,2.0
2019-05-08 10:30:00,3.584,sell,4.0
2019-05-08 11:00:00,3.584,buy,2.0
2019-05-09 10:00:00,3.541,sell,4.0
2019-05-09 14:30:00,3.558,buy,2.0
2019-05-10 10:00:00,3.626,sell,4.0
2019-05-10 10:30:00,3.618,buy,2.0
2019-05-10 14:00:00,3.601,sell,4.0
2019-05-10 15:00:00,3.618,buy,2.0
2019-05-13 11:00:00,3.584,sell,4.0
2019-05-14 14:30:00,3.525,buy,2.0
2019-05-15 10:00:00,3.558,sell,4.0
2019-05-15 10:30:00,3.558,buy,2.0
2019-05-16 14:30:00,3.626,sell,4.0
2019-05-20 11:30:00,3.516,buy,2.0
2019-05-20 14:30:00,3.499,sell,4.0
2019-05-21 10:00:00,3.541,buy,2.0
2019-05-22 11:30:00,3.584,sell,4.0
2019-05-23 14:30:00,3.525,buy,2.0
2019-05-24 11:00:00,3.516,sell,4.0
2019-05-24 13:30:00,3.499,buy,2.0
2019-05-24 14:00:00,3.508,sell,4.0
2019-05-24 15:00:00,3.508,buy,2.0
2019-05-28 14:00:00,3.584,sell,4.0
2019-05-29 14:00:00,3.584,buy,2.0
2019-05-30 10:00:00,3.567,sell,4.0
2019-05-31 10:00:00,3.575,buy,2.0
2019-06-03 11:30:00,3.55,sell,4.0
2019-06-05 10:30:00,3.472,buy,2.0
2019-06-05 11:00:00,3.48,sell,4.0
2019-06-05 11:30:00,3.48,buy,2.0
2019-06-05 14:00:00,3.48,sell,4.0
2019-06-05 14:30:00,3.472,buy,2.0
2019-06-05 15:00:00,3.472,sell,4.0
2019-06-10 11:00:00,3.385,buy,2.0
2019-06-12 11:00:00,3.489,sell,4.0
2019-06-13 13:30:00,3.48,buy,2.0
2019-06-14 13:30:00,3.472,sell,4.0
2019-06-17 15:00:00,3.446,buy,2.0
2019-06-18 11:00:00,3.446,sell,4.0
2019-06-18 11:30:00,3.454,buy,2.0
2019-06-18 15:00:00,3.428,sell,4.0
2019-06-19 10:30:00,3.472,buy,2.0
2019-06-19 15:00:00,3.446,sell,4.0
2019-06-20 11:00:00,3.472,buy,2.0
2019-06-21 14:00:00,3.532,sell,4.0
2019-06-24 10:30:00,3.645,buy,2.0
2019-06-24 13:30:00,3.619,sell,4.0
2019-06-26 10:00:00,3.558,buy,2.0
2019-06-26 14:30:00,3.55,sell,4.0
2019-06-26 15:00:00,3.558,buy,2.0
2019-06-27 14:30:00,3.567,sell,4.0
2019-07-01 10:00:00,3.567,buy,2.0
2019-07-02 10:30:00,3.593,sell,4.0
2019-07-03 10:00:00,3.567,buy,2.0
2019-07-03 10:30:00,3.567,sell,4.0
2019-07-04 10:30:00,3.575,buy,2.0
2019-07-04 15:00:00,3.575,sell,4.0
2019-07-05 10:00:00,3.567,buy,2.0
2019-07-05 10:30:00,3.567,sell,4.0
2019-07-05 11:30:00,3.575,buy,2.0
2019-07-05 14:00:00,3.584,sell,4.0
2019-07-05 14:30:00,3.584,buy,2.0
2019-07-08 10:30:00,3.498,sell,4.0
2019-07-09 11:00:00,3.498,buy,2.0
2019-07-10 14:00:00,3.498,sell,4.0
2019-07-11 11:00:00,3.48,buy,2.0
2019-07-11 13:30:00,3.472,sell,4.0
2019-07-12 14:00:00,3.463,buy,2.0
2019-07-16 14:00:00,3.498,sell,4.0
2019-07-17 10:30:00,3.55,buy,2.0
2019-07-17 11:30:00,3.55,sell,4.0
2019-07-18 13:30:00,3.532,buy,2.0
2019-07-19 10:00:00,3.567,sell,4.0
2019-07-19 10:30:00,3.575,buy,2.0
2019-07-19 15:00:00,3.567,sell,4.0
2019-07-22 14:00:00,3.584,buy,2.0
2019-07-23 11:00:00,3.567,sell,4.0
2019-07-24 11:00:00,3.575,buy,2.0
2019-07-24 14:30:00,3.567,sell,4.0
2019-07-25 13:30:00,3.567,buy,2.0
2019-07-26 13:30:00,3.541,sell,4.0
2019-07-29 10:30:00,3.55,buy,2.0
2019-07-29 14:30:00,3.532,sell,4.0
2019-07-30 11:00:00,3.541,buy,2.0
2019-07-30 14:30:00,3.524,sell,4.0
2019-07-31 15:00:00,3.48,buy,2.0
2019-08-01 10:00:00,3.48,sell,4.0
2019-08-01 10:30:00,3.454,buy,2.0
2019-08-01 11:00:00,3.454,sell,4.0
2019-08-02 10:00:00,3.411,buy,2.0
2019-08-02 14:00:00,3.394,sell,4.0
2019-08-02 15:00:00,3.394,buy,2.0
2019-08-05 10:30:00,3.394,sell,4.0
2019-08-05 11:00:00,3.385,buy,2.0
2019-08-05 14:30:00,3.368,sell,4.0
2019-08-06 13:30:00,3.238,buy,2.0
2019-08-08 10:00:00,3.272,sell,4.0
2019-08-08 10:30:00,3.272,buy,2.0
2019-08-09 11:30:00,3.29,sell,4.0
2019-08-12 11:30:00,3.281,buy,2.0
2019-08-13 11:00:00,3.255,sell,4.0
2019-08-14 10:30:00,3.281,buy,2.0
2019-08-14 14:30:00,3.272,sell,4.0
2019-08-15 11:30:00,3.247,buy,2.0
2019-08-19 10:00:00,3.29,sell,4.0
2019-08-19 10:30:00,3.281,buy,2.0
2019-08-20 10:30:00,3.342,sell,4.0
2019-08-22 11:00:00,3.324,buy,2.0
2019-08-22 14:00:00,3.316,sell,4.0
2019-08-22 15:00:00,3.324,buy,2.0
2019-08-23 11:30:00,3.307,sell,4.0
2019-08-23 15:00:00,3.298,buy,2.0
2019-08-26 11:00:00,3.229,sell,4.0
2019-08-27 10:00:00,3.255,buy,2.0
2019-08-28 11:00:00,3.272,sell,4.0
2019-08-28 14:00:00,3.29,buy,2.0
2019-08-28 15:00:00,3.29,sell,4.0
2019-08-29 10:00:00,3.281,buy,2.0
2019-08-29 10:30:00,3.29,sell,4.0
2019-08-29 11:00:00,3.298,buy,2.0
2019-08-29 14:00:00,3.281,sell,4.0
2019-08-30 11:30:00,3.272,buy,2.0
2019-08-30 13:30:00,3.272,sell,4.0
2019-09-02 10:30:00,3.402,buy,2.0
2019-09-03 13:30:00,3.524,sell,4.0
2019-09-04 14:00:00,3.541,buy,2.0
2019-09-05 11:30:00,3.567,sell,4.0
2019-09-06 15:00:00,3.515,buy,2.0
2019-09-10 15:00:00,3.558,sell,4.0
2019-09-11 10:00:00,3.541,buy,2.0
2019-09-11 10:30:00,3.55,sell,4.0
2019-09-11 14:30:00,3.541,buy,2.0
2019-09-16 11:00:00,3.558,sell,4.0
2019-09-18 10:30:00,3.48,buy,2.0
2019-09-19 10:30:00,3.446,sell,4.0
2019-09-19 15:00:00,3.472,buy,2.0
2019-09-20 11:00:00,3.446,sell,4.0
2019-09-20 14:00:00,3.446,buy,2.0
2019-09-20 14:30:00,3.446,sell,4.0
2019-09-23 11:00:00,3.411,buy,2.0
2019-09-23 14:30:00,3.411,sell,4.0
2019-09-23 15:00:00,3.428,buy,2.0
2019-09-24 15:00:00,3.42,sell,4.0
2019-09-27 10:30:00,3.324,buy,2.0
2019-09-30 13:30:00,3.324,sell,4.0
2019-09-30 14:00:00,3.324,buy,2.0
2019-10-08 14:30:00,3.342,sell,4.0
2019-10-09 13:30:00,3.342,buy,2.0
2019-10-10 14:30:00,3.385,sell,4.0
2019-10-10 15:00:00,3.385,buy,2.0
2019-10-11 11:00:00,3.376,sell,4.0
2019-10-11 14:30:00,3.394,buy,2.0
2019-10-14 10:00:00,3.472,sell,4.0
2019-10-14 10:30:00,3.463,buy,2.0
2019-10-14 11:00:00,3.463,sell,4.0
2019-10-15 10:00:00,3.437,buy,2.0
2019-10-15 10:30:00,3.42,sell,4.0
2019-10-16 10:30:00,3.402,buy,2.0
2019-10-16 11:00:00,3.411,sell,4.0
2019-10-16 11:30:00,3.394,buy,2.0
2019-10-16 13:30:00,3.411,sell,4.0
2019-10-16 14:00:00,3.385,buy,2.0
2019-10-16 14:30:00,3.394,sell,4.0
2019-10-17 10:30:00,3.394,buy,2.0
2019-10-17 11:30:00,3.376,sell,4.0
2019-10-17 14:30:00,3.368,buy,2.0
2019-10-17 15:00:00,3.368,sell,4.0
2019-10-18 10:00:00,3.359,buy,2.0
2019-10-18 10:30:00,3.368,sell,4.0
2019-10-18 11:00:00,3.359,buy,2.0
2019-10-18 14:00:00,3.324,sell,4.0
2019-10-18 14:30:00,3.324,buy,2.0
2019-10-21 10:00:00,3.298,sell,4.0
2019-10-21 10:30:00,3.307,buy,2.0
2019-10-22 11:30:00,3.307,sell,4.0
2019-10-22 13:30:00,3.307,buy,2.0
2019-10-22 14:30:00,3.324,sell,4.0
2019-10-22 15:00:00,3.324,buy,2.0
2019-10-23 11:30:00,3.307,sell,4.0
2019-10-24 10:30:00,3.333,buy,2.0
2019-10-24 14:00:00,3.298,sell,4.0
2019-10-25 14:00:00,3.298,buy,2.0
2019-10-28 15:00:00,3.333,sell,4.0
2019-10-29 10:00:00,3.324,buy,2.0
2019-10-29 10:30:00,3.307,sell,4.0
2019-10-30 13:30:00,3.29,buy,2.0
2019-10-30 14:30:00,3.272,sell,4.0
2019-10-31 13:30:00,3.264,buy,2.0
2019-10-31 14:30:00,3.264,sell,4.0
2019-10-31 15:00:00,3.255,buy,2.0
2019-11-04 11:00:00,3.29,sell,4.0
2019-11-04 13:30:00,3.316,buy,2.0
2019-11-05 10:00:00,3.307,sell,4.0
2019-11-05 14:00:00,3.324,buy,2.0
2019-11-06 11:30:00,3.333,sell,4.0
2019-11-06 13:30:00,3.342,buy,2.0
2019-11-06 14:00:00,3.35,sell,4.0
2019-11-08 10:30:00,3.342,buy,2.0
2019-11-08 15:00:00,3.333,sell,4.0
2019-11-12 11:00:00,3.264,buy,2.0
2019-11-12 11:30:00,3.272,sell,4.0
2019-11-12 13:30:00,3.281,buy,2.0
2019-11-13 11:30:00,3.29,sell,4.0
2019-11-13 13:30:00,3.272,buy,2.0
2019-11-13 14:00:00,3.272,sell,4.0
2019-11-14 10:30:00,3.272,buy,2.0
2019-11-14 11:00:00,3.272,sell,4.0
2019-11-14 13:30:00,3.29,buy,2.0
2019-11-15 11:00:00,3.324,sell,4.0
2019-11-15 11:30:00,3.316,buy,2.0
2019-11-15 14:00:00,3.29,sell,4.0
2019-11-18 11:00:00,3.376,buy,2.0
2019-11-19 10:30:00,3.368,sell,4.0
2019-11-20 10:00:00,3.35,buy,2.0
2019-11-20 10:30:00,3.368,sell,4.0
2019-11-20 11:00:00,3.368,buy,2.0
2019-11-20 14:00:00,3.359,sell,4.0
2019-11-21 11:30:00,3.368,buy,2.0
2019-11-21 15:00:00,3.385,sell,4.0
2019-11-22 10:00:00,3.42,buy,2.0
2019-11-22 13:30:00,3.394,sell,4.0
2019-11-22 15:00:00,3.42,buy,2.0
2019-11-25 14:00:00,3.515,sell,4.0
2019-11-27 14:00:00,3.428,buy,2.0
2019-11-27 14:30:00,3.437,sell,4.0
2019-11-27 15:00:00,3.428,buy,2.0
2019-11-28 10:30:00,3.402,sell,4.0
2019-11-29 10:30:00,3.376,buy,2.0
2019-12-02 14:00:00,3.402,sell,4.0
2019-12-02 14:30:00,3.411,buy,2.0
2019-12-03 10:30:00,3.411,sell,4.0
2019-12-03 11:00:00,3.411,buy,2.0
2019-12-04 13:30:00,3.446,sell,4.0
2019-12-04 15:00:00,3.454,buy,2.0
2019-12-05 10:00:00,3.472,sell,4.0
2019-12-05 10:30:00,3.454,buy,2.0
2019-12-05 11:00:00,3.446,sell,4.0
2019-12-05 15:00:00,3.472,buy,2.0
2019-12-09 10:30:00,3.532,sell,4.0
2019-12-10 14:30:00,3.498,buy,2.0
2019-12-10 15:00:00,3.506,sell,4.0
2019-12-11 10:00:00,3.515,buy,2.0
2019-12-11 14:00:00,3.524,sell,4.0
2019-12-12 14:30:00,3.489,buy,2.0
2019-12-13 10:00:00,3.498,sell,4.0
2019-12-13 10:30:00,3.498,buy,2.0
2019-12-16 10:00:00,3.498,sell,4.0
2019-12-16 14:00:00,3.515,buy,2.0
2019-12-17 15:00:00,3.55,sell,4.0
2019-12-19 10:30:00,3.524,buy,2.0
2019-12-19 11:00:00,3.532,sell,4.0
2019-12-19 11:30:00,3.541,buy,2.0
2019-12-20 10:00:00,3.532,sell,4.0
2019-12-24 10:30:00,3.428,buy,2.0
2019-12-25 13:30:00,3.446,sell,4.0
2019-12-26 10:30:00,3.454,buy,2.0
2019-12-27 15:00:00,3.489,sell,4.0
2019-12-30 11:30:00,3.524,buy,2.0
2019-12-31 10:30:00,3.524,sell,4.0
2019-12-31 15:00:00,3.541,buy,2.0
2020-01-02 15:00:00,3.593,sell,4.0
2020-01-03 10:00:00,3.567,buy,2.0
2020-01-03 10:30:00,3.575,sell,4.0
2020-01-06 10:30:00,3.575,buy,2.0
2020-01-06 15:00:00,3.55,sell,4.0
2020-01-07 10:30:00,3.601,buy,2.0
2020-01-08 10:30:00,3.567,sell,4.0
2020-01-09 10:30:00,3.567,buy,2.0
2020-01-10 11:00:00,3.541,sell,4.0
2020-01-10 14:30:00,3.567,buy,2.0
2020-01-13 10:30:00,3.541,sell,4.0
2020-01-13 13:30:00,3.541,buy,2.0
2020-01-13 14:00:00,3.558,sell,4.0
2020-01-13 14:30:00,3.55,buy,2.0
2020-01-14 14:30:00,3.567,sell,4.0
2020-01-16 10:30:00,3.506,buy,2.0
2020-01-16 14:00:00,3.498,sell,4.0
2020-01-17 10:30:00,3.498,buy,2.0
2020-01-20 10:30:00,3.489,sell,4.0
2020-01-20 13:30:00,3.498,buy,2.0
2020-01-21 10:30:00,3.454,sell,4.0
2020-01-22 11:00:00,3.411,buy,2.0
2020-01-23 11:00:00,3.35,sell,4.0
2020-02-04 10:30:00,2.969,buy,2.0
2020-02-05 14:00:00,2.935,sell,4.0
2020-02-06 14:00:00,2.952,buy,2.0
2020-02-07 11:30:00,2.926,sell,4.0
2020-02-10 10:00:00,2.944,buy,2.0
2020-02-11 11:00:00,3.065,sell,4.0
2020-02-12 14:00:00,3.065,buy,2.0
2020-02-13 11:30:00,3.039,sell,4.0
2020-02-14 11:00:00,3.03,buy,2.0
2020-02-18 11:30:00,3.082,sell,4.0
2020-02-19 10:30:00,3.082,buy,2.0
2020-02-19 11:00:00,3.073,sell,4.0
2020-02-19 14:00:00,3.091,buy,2.0
2020-02-19 15:00:00,3.073,sell,4.0
2020-02-20 14:00:00,3.117,buy,2.0
2020-02-21 15:00:00,3.186,sell,4.0
2020-02-24 10:00:00,3.212,buy,2.0
2020-02-24 11:00:00,3.186,sell,4.0
2020-02-26 10:00:00,3.151,buy,2.0
2020-02-27 11:00:00,3.169,sell,4.0
2020-03-02 10:30:00,3.143,buy,2.0
2020-03-03 11:30:00,3.186,sell,4.0
2020-03-04 13:30:00,3.186,buy,2.0
2020-03-06 10:30:00,3.221,sell,4.0
2020-03-09 15:00:00,3.108,buy,2.0
2020-03-10 10:00:00,3.091,sell,4.0
2020-03-10 10:30:00,3.082,buy,2.0
2020-03-11 14:30:00,3.125,sell,4.0
2020-03-13 10:30:00,2.978,buy,2.0
2020-03-16 14:30:00,2.961,sell,4.0
2020-03-17 14:00:00,2.909,buy,2.0
2020-03-17 14:30:00,2.926,sell,4.0
2020-03-17 15:00:00,2.918,buy,2.0
2020-03-18 15:00:00,2.892,sell,4.0
2020-03-19 14:30:00,2.9,buy,2.0
2020-03-20 14:00:00,2.9,sell,4.0
2020-03-24 10:30:00,2.857,buy,2.0
2020-03-26 10:30:00,2.857,sell,4.0
2020-03-27 11:00:00,2.883,buy,2.0
2020-03-30 10:00:00,2.822,sell,4.0
2020-03-31 10:30:00,2.84,buy,2.0
2020-03-31 14:00:00,2.822,sell,4.0
2020-04-01 11:30:00,2.822,buy,2.0
2020-04-02 10:00:00,2.831,sell,4.0
2020-04-02 10:30:00,2.831,buy,2.0
2020-04-03 13:30:00,2.84,sell,4.0
2020-04-07 10:30:00,2.883,buy,2.0
2020-04-08 11:30:00,2.883,sell,4.0
2020-04-08 14:00:00,2.9,buy,2.0
2020-04-08 15:00:00,2.892,sell,4.0
2020-04-09 10:30:00,2.909,buy,2.0
2020-04-09 13:30:00,2.892,sell,4.0
2020-04-13 10:00:00,2.857,buy,2.0
2020-04-13 10:30:00,2.857,sell,4.0
2020-04-13 14:30:00,2.874,buy,2.0
2020-04-15 10:00:00,2.883,sell,4.0
2020-04-15 15:00:00,2.892,buy,2.0
2020-04-16 10:30:00,2.892,sell,4.0
2020-04-16 11:00:00,2.918,buy,2.0
2020-04-17 11:30:00,2.918,sell,4.0
2020-04-20 11:00:00,2.926,buy,2.0
2020-04-21 10:30:00,2.892,sell,4.0
2020-04-22 11:00:00,2.892,buy,2.0
2020-04-23 14:00:00,2.883,sell,4.0
2020-04-23 15:00:00,2.883,buy,2.0
2020-04-24 10:00:00,2.874,sell,4.0
2020-04-24 14:00:00,2.866,buy,2.0
2020-04-24 14:30:00,2.857,sell,4.0
2020-04-27 10:30:00,2.857,buy,2.0
2020-04-27 13:30:00,2.857,sell,4.0
2020-04-27 14:30:00,2.84,buy,2.0
2020-04-27 15:00:00,2.831,sell,4.0
2020-04-28 13:30:00,2.779,buy,2.0
2020-05-06 10:30:00,2.9,sell,4.0
2020-05-07 10:30:00,2.918,buy,2.0
2020-05-07 11:00:00,2.918,sell,4.0
2020-05-08 11:00:00,3.073,buy,2.0
2020-05-11 14:00:00,3.177,sell,4.0
2020-05-12 14:30:00,3.203,buy,2.0
2020-05-13 11:30:00,3.238,sell,4.0
2020-05-15 11:30:00,3.004,buy,2.0
2020-05-18 10:00:00,3.004,sell,4.0
2020-05-18 10:30:00,3.03,buy,2.0
2020-05-18 15:00:00,2.969,sell,4.0
2020-05-19 15:00:00,2.978,buy,2.0
2020-05-20 10:00:00,2.987,sell,4.0
2020-05-20 10:30:00,2.978,buy,2.0
2020-05-20 11:30:00,2.978,sell,4.0
2020-05-21 10:00:00,2.978,buy,2.0
2020-05-21 14:30:00,2.961,sell,4.0
2020-05-25 10:00:00,2.9,buy,2.0
2020-05-27 13:30:00,2.944,sell,4.0
2020-05-28 10:00:00,2.952,buy,2.0
2020-05-28 10:30:00,2.943,sell,4.0
2020-05-29 15:00:00,2.934,buy,2.0
2020-06-02 11:00:00,2.97,sell,4.0
2020-06-03 10:00:00,2.996,buy,2.0
2020-06-03 11:30:00,2.988,sell,4.0
2020-06-03 14:30:00,2.979,buy,2.0
2020-06-03 15:00:00,2.97,sell,4.0
2020-06-04 11:30:00,2.979,buy,2.0
2020-06-04 14:00:00,2.988,sell,4.0
2020-06-04 14:30:00,2.996,buy,2.0
2020-06-05 10:30:00,2.97,sell,4.0
2020-06-08 10:00:00,2.979,buy,2.0
2020-06-09 11:00:00,2.996,sell,4.0
2020-06-10 11:30:00,2.979,buy,2.0
2020-06-11 10:30:00,2.988,sell,4.0
2020-06-11 11:00:00,2.979,buy,2.0
2020-06-11 11:30:00,2.979,sell,4.0
2020-06-12 11:30:00,2.925,buy,2.0
2020-06-15 14:30:00,2.934,sell,4.0
2020-06-16 10:30:00,2.934,buy,2.0
2020-06-16 11:00:00,3.005,sell,4.0
2020-06-16 11:30:00,2.988,buy,2.0
2020-06-17 11:00:00,3.014,sell,4.0
2020-06-18 10:30:00,3.139,buy,2.0
2020-06-18 11:30:00,3.112,sell,4.0
2020-06-22 10:00:00,3.005,buy,2.0
2020-06-22 10:30:00,3.023,sell,4.0
2020-06-22 14:30:00,3.005,buy,2.0
2020-06-22 15:00:00,3.005,sell,4.0
2020-06-23 14:30:00,2.979,buy,2.0
2020-06-24 14:00:00,2.97,sell,4.0
2020-06-30 10:30:00,2.961,buy,2.0
2020-07-01 11:00:00,2.988,sell,4.0
2020-07-01 11:30:00,2.988,buy,2.0
2020-07-01 14:30:00,2.979,sell,4.0
2020-07-02 10:00:00,3.005,buy,2.0
2020-07-02 11:00:00,3.005,sell,4.0
2020-07-02 11:30:00,3.005,buy,2.0
2020-07-03 10:00:00,3.112,sell,4.0
2020-07-03 10:30:00,3.086,buy,2.0
2020-07-03 11:00:00,3.068,sell,4.0
2020-07-06 10:30:00,3.193,buy,2.0
2020-07-07 10:30:00,3.246,sell,4.0
2020-07-08 11:30:00,3.264,buy,2.0
2020-07-09 13:30:00,3.3,sell,4.0
2020-07-09 14:00:00,3.291,buy,2.0
2020-07-09 14:30:00,3.318,sell,4.0
2020-07-10 10:00:00,3.3,buy,2.0
2020-07-10 10:30:00,3.282,sell,4.0
2020-07-13 11:00:00,3.282,buy,2.0
2020-07-14 11:00:00,3.282,sell,4.0
2020-07-15 14:30:00,3.237,buy,2.0
2020-07-16 14:00:00,3.193,sell,4.0
2020-07-17 15:00:00,3.104,buy,2.0
2020-07-21 11:30:00,3.255,sell,4.0
2020-07-22 11:00:00,3.291,buy,2.0
2020-07-22 14:30:00,3.246,sell,4.0
2020-07-23 15:00:00,3.193,buy,2.0
2020-07-24 11:00:00,3.166,sell,4.0
2020-07-24 11:30:00,3.139,buy,2.0
2020-07-24 13:30:00,3.121,sell,4.0
2020-07-27 10:30:00,3.104,buy,2.0
2020-07-28 11:30:00,3.157,sell,4.0
2020-07-29 11:30:00,3.148,buy,2.0
2020-07-30 11:00:00,3.148,sell,4.0
2020-07-31 10:30:00,3.166,buy,2.0
2020-07-31 11:30:00,3.157,sell,4.0
2020-08-03 10:00:00,3.184,buy,2.0
2020-08-04 10:30:00,3.202,sell,4.0
2020-08-04 14:00:00,3.335,buy,2.0
2020-08-05 10:30:00,3.282,sell,4.0
2020-08-05 11:30:00,3.389,buy,2.0
2020-08-06 10:30:00,3.398,sell,4.0
2020-08-07 15:00:00,3.362,buy,2.0
2020-08-11 10:30:00,3.38,sell,4.0
2020-08-12 11:30:00,3.291,buy,2.0
2020-08-12 13:30:00,3.291,sell,4.0
2020-08-12 14:30:00,3.344,buy,2.0
2020-08-13 15:00:00,3.362,sell,4.0
2020-08-14 15:00:00,3.38,buy,2.0
2020-08-18 11:00:00,3.487,sell,4.0
2020-08-19 14:00:00,3.487,buy,2.0
2020-08-20 11:30:00,3.514,sell,4.0
2020-08-20 13:30:00,3.505,buy,2.0
2020-08-24 10:30:00,3.505,sell,4.0
2020-08-26 10:30:00,3.255,buy,2.0
2020-08-26 11:00:00,3.255,sell,4.0
2020-08-26 13:30:00,3.255,buy,2.0
2020-08-26 14:00:00,3.237,sell,4.0
2020-08-26 15:00:00,3.237,buy,2.0
2020-08-28 11:30:00,3.282,sell,4.0
2020-08-28 13:30:00,3.273,buy,2.0
2020-08-28 14:00:00,3.291,sell,4.0
2020-08-28 14:30:00,3.318,buy,2.0
2020-08-31 14:00:00,3.3,sell,4.0
2020-09-01 15:00:00,3.291,buy,2.0
2020-09-02 11:30:00,3.282,sell,4.0
2020-09-02 13:30:00,3.273,buy,2.0
2020-09-03 14:00:00,3.407,sell,4.0
2020-09-04 13:30:00,3.38,buy,2.0
2020-09-04 14:30:00,3.407,sell,4.0
2020-09-04 15:00:00,3.416,buy,2.0
2020-09-07 11:00:00,3.38,sell,4.0
2020-09-08 11:30:00,3.335,buy,2.0
2020-09-09 14:00:00,3.398,sell,4.0
2020-09-11 14:00:00,3.3,buy,2.0
2020-09-14 14:00:00,3.282,sell,4.0
2020-09-15 10:30:00,3.291,buy,2.0
2020-09-16 13:30:00,3.335,sell,4.0
2020-09-16 14:00:00,3.344,buy,2.0
2020-09-17 10:30:00,3.335,sell,4.0
2020-09-17 14:00:00,3.389,buy,2.0
2020-09-18 13:30:00,3.425,sell,4.0
2020-09-18 14:00:00,3.425,buy,2.0
2020-09-18 14:30:00,3.433,sell,4.0
2020-09-22 13:30:00,3.344,buy,2.0
2020-09-22 14:00:00,3.335,sell,4.0
2020-09-23 10:30:00,3.326,buy,2.0
2020-09-23 11:30:00,3.326,sell,4.0
2020-09-23 13:30:00,3.318,buy,2.0
2020-09-23 14:00:00,3.335,sell,4.0
2020-09-23 14:30:00,3.318,buy,2.0
2020-09-24 10:30:00,3.291,sell,4.0
2020-09-25 10:30:00,3.3,buy,2.0
2020-09-28 11:00:00,3.335,sell,4.0
2020-09-29 11:00:00,3.335,buy,2.0
2020-09-29 14:00:00,3.326,sell,4.0
2020-09-30 14:30:00,3.282,buy,2.0
2020-10-13 10:30:00,3.326,sell,4.0
2020-10-14 14:30:00,3.309,buy,2.0
2020-10-15 10:30:00,3.3,sell,4.0
2020-10-15 11:30:00,3.309,buy,2.0
2020-10-16 10:00:00,3.3,sell,4.0
2020-10-16 10:30:00,3.309,buy,2.0
2020-10-19 11:30:00,3.318,sell,4.0
2020-10-20 13:30:00,3.3,buy,2.0
2020-10-21 10:30:00,3.273,sell,4.0
2020-10-21 15:00:00,3.264,buy,2.0
2020-10-23 11:30:00,3.237,sell,4.0
2020-10-23 14:30:00,3.237,buy,2.0
2020-10-23 15:00:00,3.237,sell,4.0
2020-10-26 11:30:00,3.228,buy,2.0
2020-10-26 14:00:00,3.211,sell,4.0
2020-10-27 13:30:00,3.184,buy,2.0
2020-10-29 10:30:00,3.157,sell,4.0
2020-10-30 10:00:00,3.166,buy,2.0
2020-10-30 10:30:00,3.166,sell,4.0
2020-11-02 10:30:00,3.104,buy,2.0
2020-11-02 11:00:00,3.112,sell,4.0
2020-11-02 11:30:00,3.112,buy,2.0
2020-11-02 14:00:00,3.104,sell,4.0
2020-11-02 15:00:00,3.095,buy,2.0
2020-11-03 10:00:00,3.13,sell,4.0
2020-11-03 10:30:00,3.139,buy,2.0
2020-11-04 10:30:00,3.13,sell,4.0
2020-11-04 15:00:00,3.139,buy,2.0
2020-11-06 10:30:00,3.202,sell,4.0
2020-11-09 10:30:00,3.237,buy,2.0
2020-11-10 10:30:00,3.237,sell,4.0
2020-11-11 11:00:00,3.255,buy,2.0
2020-11-12 10:30:00,3.246,sell,4.0
2020-11-13 11:00:00,3.219,buy,2.0
2020-11-13 14:00:00,3.193,sell,4.0
2020-11-16 10:00:00,3.237,buy,2.0
2020-11-17 11:30:00,3.3,sell,4.0
2020-11-18 11:00:00,3.309,buy,2.0
2020-11-18 15:00:00,3.291,sell,4.0
2020-11-19 14:00:00,3.255,buy,2.0
2020-11-19 14:30:00,3.264,sell,4.0
2020-11-20 13:30:00,3.255,buy,2.0
2020-11-23 15:00:00,3.371,sell,4.0
2020-11-24 13:30:00,3.398,buy,2.0
2020-11-24 14:00:00,3.407,sell,4.0
2020-11-25 10:30:00,3.425,buy,2.0
2020-11-25 11:00:00,3.398,sell,4.0
2020-11-26 13:30:00,3.326,buy,2.0
2020-11-27 10:00:00,3.371,sell,4.0
2020-11-27 10:30:00,3.335,buy,2.0
2020-11-27 13:30:00,3.335,sell,4.0
2020-11-27 14:30:00,3.344,buy,2.0
2020-11-30 14:30:00,3.353,sell,4.0
2020-12-01 13:30:00,3.362,buy,2.0
2020-12-02 14:00:00,3.371,sell,4.0
2020-12-03 10:00:00,3.362,buy,2.0
2020-12-03 10:30:00,3.344,sell,4.0
2020-12-04 11:30:00,3.326,buy,2.0
2020-12-07 10:30:00,3.309,sell,4.0
2020-12-08 11:00:00,3.282,buy,2.0
2020-12-08 13:30:00,3.282,sell,4.0
2020-12-08 14:00:00,3.3,buy,2.0
2020-12-09 10:00:00,3.264,sell,4.0
2020-12-09 13:30:00,3.273,buy,2.0
2020-12-09 14:00:00,3.264,sell,4.0
2020-12-10 10:30:00,3.273,buy,2.0
2020-12-11 10:30:00,3.291,sell,4.0
2020-12-14 14:30:00,3.184,buy,2.0
2020-12-16 10:30:00,3.184,sell,4.0
2020-12-16 14:00:00,3.202,buy,2.0
2020-12-16 14:30:00,3.193,sell,4.0
2020-12-17 11:30:00,3.246,buy,2.0
2020-12-18 13:30:00,3.282,sell,4.0
2020-12-21 11:30:00,3.309,buy,2.0
2020-12-21 13:30:00,3.3,sell,4.0
2020-12-23 11:00:00,3.211,buy,2.0
2020-12-24 11:00:00,3.202,sell,4.0
2020-12-25 10:30:00,3.219,buy,2.0
2020-12-28 10:30:00,3.264,sell,4.0
2020-12-29 11:00:00,3.246,buy,2.0
2020-12-29 13:30:00,3.237,sell,4.0
2020-12-29 15:00:00,3.228,buy,2.0
2020-12-30 10:30:00,3.237,sell,4.0
2020-12-30 11:00:00,3.237,buy,2.0
2020-12-30 15:00:00,3.228,sell,4.0
2020-12-31 10:30:00,3.228,buy,2.0
2020-12-31 11:30:00,3.211,sell,4.0
2021-01-04 10:00:00,3.202,buy,2.0
2021-01-04 10:30:00,3.228,sell,4.0
2021-01-04 11:00:00,3.228,buy,2.0
2021-01-05 10:30:00,3.219,sell,4.0
2021-01-05 15:00:00,3.273,buy,2.0
2021-01-06 11:30:00,3.246,sell,4.0
2021-01-07 10:30:00,3.523,buy,2.0
2021-01-08 10:30:00,3.371,sell,4.0
2021-01-11 10:00:00,3.353,buy,2.0
2021-01-11 11:00:00,3.335,sell,4.0
2021-01-12 11:30:00,3.326,buy,2.0
2021-01-13 15:00:00,3.398,sell,4.0
2021-01-14 14:30:00,3.398,buy,2.0
2021-01-15 11:30:00,3.344,sell,4.0
2021-01-18 11:30:00,3.335,buy,2.0
2021-01-19 11:00:00,3.3,sell,4.0
2021-01-20 10:30:00,3.398,buy,2.0
2021-01-21 15:00:00,3.362,sell,4.0
2021-01-25 10:30:00,3.344,buy,2.0
2021-01-26 11:30:00,3.407,sell,4.0
2021-01-28 14:00:00,3.246,buy,2.0
2021-01-28 14:30:00,3.237,sell,4.0
2021-01-29 13:30:00,3.202,buy,2.0
2021-01-29 15:00:00,3.175,sell,4.0
2021-02-01 10:30:00,3.184,buy,2.0
2021-02-02 11:30:00,3.193,sell,4.0
2021-02-03 14:00:00,3.184,buy,2.0
2021-02-04 10:00:00,3.13,sell,4.0
2021-02-04 14:30:00,3.148,buy,2.0
2021-02-05 14:00:00,3.13,sell,4.0
2021-02-08 11:00:00,3.157,buy,2.0
2021-02-09 15:00:00,3.175,sell,4.0
2021-02-10 13:30:00,3.184,buy,2.0
2021-02-10 14:00:00,3.184,sell,4.0
2021-02-10 15:00:00,3.193,buy,2.0
2021-02-18 13:30:00,3.282,sell,4.0
2021-02-18 14:00:00,3.282,buy,2.0
2021-02-19 14:30:00,3.371,sell,4.0
2021-02-22 11:00:00,3.576,buy,2.0
2021-02-22 11:30:00,3.648,sell,4.0
2021-02-22 13:30:00,3.656,buy,2.0
2021-02-22 14:00:00,3.63,sell,4.0
2021-02-23 14:00:00,3.621,buy,2.0
2021-02-23 15:00:00,3.594,sell,4.0
2021-02-25 10:30:00,3.621,buy,2.0
2021-02-26 10:00:00,3.487,sell,4.0
2021-03-01 10:30:00,3.46,buy,2.0
2021-03-02 11:00:00,3.469,sell,4.0
2021-03-03 10:30:00,3.594,buy,2.0
2021-03-04 11:30:00,3.648,sell,4.0
2021-03-05 15:00:00,3.487,buy,1.0
2021-03-09 11:00:00,4.004,sell,3.0
2021-03-09 14:00:00,4.218,buy,2.0
2021-03-10 10:30:00,4.004,sell,4.0
2021-03-11 11:00:00,4.084,buy,1.0
2021-03-12 13:30:00,4.361,sell,3.0
2021-03-16 14:00:00,4.307,buy,2.0
2021-03-17 11:00:00,4.165,sell,4.0
2021-03-18 11:00:00,4.138,buy,1.0
2021-03-19 14:00:00,4.655,sell,3.0
2021-03-24 14:00:00,4.049,buy,2.0
2021-03-24 14:30:00,4.058,sell,4.0
2021-03-24 15:00:00,3.986,buy,2.0
2021-03-25 10:00:00,4.031,sell,4.0
2021-03-25 10:30:00,4.022,buy,2.0
2021-03-25 15:00:00,3.977,sell,4.0
2021-03-26 10:30:00,3.969,buy,1.0
2021-03-29 13:30:00,4.174,sell,3.0
2021-03-30 13:30:00,4.236,buy,2.0
2021-03-31 10:30:00,4.111,sell,4.0
2021-04-01 14:00:00,4.281,buy,2.0
2021-04-02 11:00:00,4.218,sell,4.0
2021-04-02 14:00:00,4.236,buy,2.0
2021-04-02 14:30:00,4.245,sell,4.0
2021-04-06 10:30:00,4.281,buy,2.0
2021-04-06 13:30:00,4.263,sell,4.0
2021-04-07 11:30:00,4.272,buy,1.0
2021-04-09 10:00:00,5.021,sell,3.0
2021-04-09 13:30:00,5.164,buy,2.0
2021-04-09 14:30:00,5.253,sell,4.0
2021-04-09 15:00:00,5.253,buy,2.0
2021-04-12 11:00:00,5.164,sell,4.0
2021-04-12 15:00:00,5.253,buy,2.0
2021-04-13 10:00:00,4.86,sell,4.0
2021-04-14 10:30:00,4.967,buy,2.0
2021-04-14 13:30:00,5.021,sell,4.0
2021-04-14 14:00:00,5.173,buy,2.0
2021-04-15 14:30:00,5.164,sell,4.0
2021-04-16 13:30:00,5.636,buy,2.0
2021-04-19 13:30:00,5.547,sell,4.0
2021-04-21 11:30:00,5.128,buy,2.0
2021-04-22 14:30:00,5.253,sell,4.0
2021-04-23 14:00:00,5.306,buy,2.0
2021-04-26 14:00:00,5.413,sell,4.0
2021-04-27 15:00:00,5.645,buy,2.0
2021-04-29 10:30:00,5.645,sell,4.0
2021-04-29 14:30:00,5.699,buy,2.0
2021-04-30 11:30:00,5.708,sell,4.0
2021-05-06 10:30:00,6.252,buy,1.0
2021-05-07 10:30:00,6.822,sell,3.0
2021-05-07 11:30:00,6.876,buy,2.0
2021-05-10 10:30:00,6.894,sell,4.0
2021-05-10 14:30:00,7.197,buy,2.0
2021-05-11 10:00:00,7.473,sell,4.0
2021-05-11 10:30:00,7.161,buy,2.0
2021-05-11 11:00:00,7.188,sell,4.0
2021-05-12 15:00:00,7.027,buy,2.0
2021-05-13 10:30:00,6.698,sell,4.0
2021-05-13 11:30:00,6.671,buy,2.0
2021-05-13 14:00:00,6.555,sell,4.0
2021-05-14 11:00:00,6.501,buy,2.0
2021-05-14 13:30:00,6.448,sell,4.0
2021-05-14 14:00:00,6.376,buy,2.0
2021-05-17 10:30:00,6.359,sell,4.0
2021-05-17 11:00:00,6.403,buy,2.0
2021-05-17 14:30:00,6.287,sell,4.0
2021-05-18 11:00:00,6.314,buy,2.0
2021-05-19 10:30:00,6.189,sell,4.0
2021-05-20 14:30:00,5.743,buy,2.0
2021-05-24 10:30:00,5.734,sell,4.0
2021-05-25 11:00:00,5.931,buy,2.0
2021-05-26 11:30:00,5.984,sell,4.0
2021-05-28 10:00:00,6.073,buy,2.0
2021-05-28 10:30:00,6.073,sell,4.0
2021-05-28 11:30:00,6.1,buy,2.0
2021-05-28 14:00:00,5.939,sell,4.0
2021-05-31 14:30:00,5.895,buy,2.0
2021-06-01 10:30:00,5.717,sell,4.0
2021-06-01 11:00:00,5.734,buy,2.0
2021-06-02 13:30:00,5.935,sell,4.0
2021-06-03 11:00:00,6.099,buy,2.0
2021-06-04 10:30:00,6.126,sell,4.0
2021-06-07 11:00:00,6.099,buy,2.0
2021-06-07 13:30:00,6.071,sell,4.0
2021-06-08 14:00:00,6.071,buy,2.0
2021-06-10 10:00:00,6.345,sell,4.0
2021-06-10 13:30:00,6.591,buy,2.0
2021-06-10 14:30:00,6.637,sell,4.0
2021-06-10 15:00:00,6.6,buy,2.0
2021-06-11 11:30:00,6.819,sell,4.0
2021-06-16 11:30:00,6.372,buy,2.0
2021-06-16 14:00:00,6.263,sell,4.0
2021-06-17 10:00:00,6.308,buy,2.0
2021-06-17 14:00:00,6.199,sell,4.0
2021-06-18 11:00:00,6.108,buy,2.0
2021-06-21 13:30:00,6.318,sell,4.0
2021-06-21 15:00:00,6.391,buy,2.0
2021-06-22 14:30:00,6.655,sell,4.0
2021-06-22 15:00:00,6.618,buy,2.0
2021-06-23 10:30:00,6.591,sell,4.0
2021-06-23 14:00:00,6.728,buy,2.0
2021-06-24 13:30:00,6.746,sell,4.0
2021-06-25 11:00:00,6.837,buy,2.0
2021-06-25 11:30:00,6.919,sell,4.0
2021-06-25 13:30:00,7.074,buy,2.0
2021-06-28 11:00:00,7.029,sell,4.0
2021-06-29 14:30:00,6.91,buy,2.0
2021-06-29 15:00:00,6.855,sell,4.0
2021-06-30 10:30:00,6.846,buy,2.0
2021-06-30 11:00:00,6.792,sell,4.0
2021-06-30 14:00:00,6.801,buy,2.0
2021-06-30 14:30:00,6.783,sell,4.0
2021-07-01 10:00:00,6.901,buy,2.0
2021-07-01 11:30:00,6.655,sell,4.0
2021-07-02 11:00:00,6.564,buy,2.0
2021-07-05 13:30:00,6.555,sell,4.0
2021-07-06 15:00:00,6.299,buy,2.0
2021-07-08 11:00:00,6.217,sell,4.0
2021-07-09 11:00:00,6.281,buy,1.0
2021-07-12 11:00:00,6.855,sell,3.0
2021-07-13 13:30:00,6.901,buy,2.0
2021-07-14 11:00:00,7.056,sell,4.0
2021-07-15 10:30:00,7.257,buy,1.0
2021-07-16 14:00:00,8.296,sell,3.0
2021-07-20 13:30:00,8.086,buy,2.0
2021-07-21 11:00:00,8.086,sell,4.0
2021-07-21 14:00:00,8.086,buy,2.0
2021-07-21 14:30:00,8.123,sell,4.0
2021-07-22 10:00:00,8.423,buy,1.0
2021-07-23 11:00:00,9.536,sell,3.0
2021-07-27 10:30:00,9.454,buy,2.0
2021-07-27 11:00:00,9.39,sell,4.0
2021-07-28 11:00:00,8.843,buy,2.0
2021-07-29 13:30:00,8.843,sell,4.0
2021-07-29 14:00:00,8.97,buy,2.0
2021-07-30 14:00:00,9.089,sell,4.0
2021-08-03 11:30:00,8.077,buy,2.0
2021-08-03 14:00:00,7.913,sell,4.0
2021-08-04 10:00:00,7.986,buy,2.0
2021-08-05 10:30:00,8.123,sell,4.0
2021-08-06 10:30:00,8.305,buy,2.0
2021-08-06 15:00:00,8.232,sell,4.0
2021-08-09 11:30:00,8.214,buy,2.0
2021-08-09 13:30:00,8.287,sell,4.0
2021-08-09 14:00:00,8.241,buy,2.0
2021-08-10 10:30:00,8.15,sell,4.0
2021-08-11 10:30:00,8.323,buy,1.0
2021-08-12 14:30:00,9.062,sell,3.0
2021-08-16 13:30:00,8.56,buy,2.0
2021-08-16 15:00:00,8.405,sell,4.0
2021-08-17 11:00:00,8.387,buy,2.0
2021-08-17 14:00:00,8.196,sell,4.0
2021-08-18 11:00:00,8.077,buy,2.0
2021-08-18 11:30:00,8.077,sell,4.0
2021-08-18 13:30:00,8.141,buy,2.0
2021-08-19 11:00:00,7.503,sell,4.0
2021-08-19 14:00:00,7.74,buy,2.0
2021-08-20 14:00:00,7.758,sell,4.0
2021-08-20 15:00:00,7.867,buy,2.0
2021-08-23 11:30:00,7.804,sell,4.0
2021-08-24 11:00:00,8.077,buy,2.0
2021-08-24 15:00:00,8.086,sell,4.0
2021-08-25 14:00:00,8.095,buy,2.0
2021-08-26 14:30:00,8.378,sell,4.0
2021-08-27 15:00:00,8.159,buy,1.0
2021-09-01 10:30:00,8.752,sell,3.0
2021-09-02 11:30:00,8.642,buy,2.0
2021-09-03 11:30:00,8.733,sell,4.0
2021-09-03 14:30:00,9.125,buy,1.0
2021-09-07 11:00:00,10.165,sell,3.0
2021-09-07 14:00:00,10.511,buy,2.0
2021-09-07 14:30:00,10.502,sell,4.0
2021-09-08 11:30:00,10.657,buy,2.0
2021-09-08 14:00:00,10.411,sell,4.0
2021-09-09 10:30:00,11.304,buy,1.0
2021-09-10 11:00:00,11.879,sell,3.0
2021-09-13 11:30:00,11.888,buy,2.0
2021-09-14 10:30:00,11.742,sell,4.0
2021-09-14 11:00:00,11.714,buy,2.0
2021-09-14 13:30:00,11.277,sell,4.0
2021-09-15 13:30:00,10.885,buy,2.0
2021-09-17 10:30:00,11.286,sell,4.0
2021-09-17 15:00:00,11.332,buy,2.0
2021-09-22 11:00:00,11.213,sell,4.0
2021-09-22 11:30:00,11.295,buy,2.0
2021-09-23 10:30:00,11.022,sell,4.0
2021-09-27 10:30:00,10.119,buy,2.0
2021-09-27 13:30:00,9.855,sell,4.0
2021-09-27 14:30:00,9.946,buy,2.0
2021-09-28 10:30:00,9.718,sell,4.0
2021-09-28 13:30:00,9.873,buy,2.0
2021-09-29 10:30:00,9.335,sell,4.0
2021-09-30 11:00:00,8.843,buy,2.0
2021-10-08 10:30:00,8.733,sell,4.0
2021-10-11 10:00:00,8.287,buy,2.0
2021-10-12 10:30:00,7.685,sell,4.0
2021-10-13 11:00:00,7.466,buy,2.0
2021-10-13 11:30:00,7.512,sell,4.0
2021-10-13 13:30:00,7.567,buy,2.0
2021-10-14 10:30:00,7.53,sell,4.0
2021-10-14 11:00:00,7.594,buy,2.0
2021-10-15 10:00:00,7.384,sell,4.0
2021-10-15 14:30:00,7.521,buy,2.0
2021-10-19 10:30:00,7.484,sell,4.0
2021-10-19 14:00:00,7.521,buy,2.0
2021-10-20 10:30:00,7.484,sell,4.0
2021-10-20 11:30:00,7.557,buy,2.0
2021-10-20 14:30:00,7.494,sell,4.0
2021-10-21 10:30:00,7.849,buy,2.0
2021-10-21 14:30:00,7.794,sell,4.0
2021-10-25 10:30:00,7.32,buy,2.0
2021-10-26 11:30:00,7.348,sell,4.0
2021-10-27 14:00:00,7.138,buy,2.0
2021-10-28 10:30:00,6.855,sell,4.0
2021-10-28 15:00:00,6.837,buy,2.0
2021-11-01 14:00:00,7.165,sell,4.0
2021-11-03 11:00:00,6.801,buy,2.0
2021-11-04 11:00:00,6.792,sell,4.0
2021-11-08 10:30:00,6.682,buy,2.0
2021-11-09 10:00:00,6.518,sell,4.0
2021-11-10 11:00:00,6.345,buy,2.0
2021-11-10 11:30:00,6.345,sell,4.0
2021-11-10 14:30:00,6.527,buy,2.0
2021-11-12 10:00:00,6.837,sell,4.0
2021-11-15 11:00:00,6.71,buy,2.0
2021-11-16 11:00:00,6.746,sell,4.0
2021-11-17 11:00:00,6.792,buy,2.0
2021-11-18 11:30:00,6.837,sell,4.0
2021-11-18 14:00:00,6.783,buy,2.0
2021-11-18 14:30:00,6.773,sell,4.0
2021-11-19 10:30:00,6.919,buy,2.0
2021-11-19 11:30:00,6.855,sell,4.0
2021-11-19 14:00:00,6.938,buy,2.0
2021-11-22 15:00:00,7.22,sell,4.0
2021-11-23 11:00:00,7.448,buy,2.0
2021-11-23 14:00:00,7.339,sell,4.0
2021-11-25 10:00:00,7.126,buy,2.0
2021-11-25 10:30:00,7.107,sell,4.0
2021-11-26 10:30:00,7.254,buy,2.0
2021-11-29 11:00:00,7.126,sell,4.0
2021-11-30 10:30:00,7.146,buy,2.0
2021-11-30 11:30:00,7.117,sell,4.0
2021-12-01 11:00:00,7.048,buy,2.0
2021-12-03 10:30:00,7.146,sell,4.0
2021-12-03 13:30:00,7.284,buy,2.0
2021-12-03 15:00:00,7.254,sell,4.0
2021-12-06 10:30:00,7.422,buy,2.0
2021-12-06 11:30:00,7.422,sell,4.0
2021-12-07 13:30:00,7.451,buy,2.0
2021-12-08 10:30:00,7.294,sell,4.0
2021-12-09 10:00:00,7.313,buy,2.0
2021-12-09 11:30:00,7.313,sell,4.0
2021-12-09 13:30:00,7.284,buy,2.0
2021-12-09 14:00:00,7.264,sell,4.0
2021-12-10 11:00:00,7.274,buy,2.0
2021-12-13 10:30:00,7.225,sell,4.0
2021-12-15 10:30:00,7.038,buy,2.0
2021-12-16 10:00:00,7.097,sell,4.0
2021-12-16 10:30:00,7.304,buy,2.0
2021-12-17 11:00:00,7.441,sell,4.0
2021-12-21 11:00:00,7.254,buy,2.0
2021-12-22 11:00:00,7.225,sell,4.0
2021-12-23 14:30:00,7.392,buy,2.0
2021-12-24 11:00:00,7.166,sell,4.0
2021-12-27 11:00:00,7.097,buy,2.0
2021-12-28 10:30:00,6.979,sell,4.0
2021-12-28 14:00:00,6.969,buy,2.0
2021-12-29 14:00:00,6.998,sell,4.0
2021-12-29 14:30:00,6.989,buy,2.0
2021-12-29 15:00:00,6.989,sell,4.0
2021-12-30 10:30:00,7.028,buy,2.0
2021-12-30 14:00:00,6.998,sell,4.0
2022-01-04 10:30:00,6.969,buy,2.0
2022-01-05 11:00:00,6.989,sell,4.0
2022-01-06 10:30:00,7.018,buy,2.0
2022-01-07 15:00:00,7.225,sell,4.0
2022-01-11 10:30:00,7.51,buy,2.0
2022-01-12 10:30:00,7.235,sell,4.0
2022-01-13 10:00:00,7.264,buy,2.0
2022-01-13 10:30:00,7.205,sell,4.0
2022-01-17 10:00:00,6.91,buy,2.0
2022-01-18 15:00:00,7.058,sell,4.0
2022-01-19 10:00:00,7.264,buy,2.0
2022-01-19 14:00:00,7.245,sell,4.0
2022-01-20 14:00:00,7.658,buy,2.0
2022-01-21 10:30:00,7.333,sell,4.0
2022-01-24 11:00:00,7.363,buy,2.0
2022-01-25 10:00:00,7.107,sell,4.0
2022-01-26 11:00:00,6.998,buy,2.0
2022-01-27 11:00:00,6.93,sell,4.0
2022-01-27 13:30:00,6.89,buy,2.0
2022-01-27 14:00:00,6.91,sell,4.0
2022-01-27 14:30:00,6.9,buy,2.0
2022-01-27 15:00:00,6.89,sell,4.0
2022-01-28 11:30:00,6.605,buy,1.0
2022-02-08 11:00:00,6.959,sell,3.0
2022-02-08 14:30:00,7.146,buy,2.0
2022-02-09 14:00:00,7.225,sell,4.0
2022-02-10 11:00:00,7.284,buy,2.0
2022-02-10 13:30:00,7.245,sell,4.0
2022-02-10 15:00:00,7.294,buy,2.0
2022-02-11 10:30:00,7.284,sell,4.0
2022-02-14 11:30:00,7.215,buy,2.0
2022-02-14 14:00:00,7.146,sell,4.0
2022-02-16 10:00:00,7.195,buy,2.0
2022-02-17 11:00:00,7.215,sell,4.0
2022-02-18 10:30:00,7.245,buy,2.0
2022-02-21 11:00:00,7.343,sell,4.0
2022-02-21 15:00:00,7.382,buy,2.0
2022-02-22 10:30:00,7.304,sell,4.0
2022-02-23 10:00:00,7.215,buy,2.0
2022-02-23 10:30:00,7.185,sell,4.0
2022-02-23 14:00:00,7.176,buy,2.0
2022-02-23 14:30:00,7.176,sell,4.0
2022-02-24 10:00:00,7.107,buy,2.0
2022-02-24 10:30:00,7.097,sell,4.0
2022-02-24 11:00:00,7.097,buy,2.0
2022-02-24 13:30:00,7.058,sell,4.0
2022-02-24 14:00:00,7.008,buy,2.0
2022-02-24 15:00:00,6.989,sell,4.0
2022-02-25 10:00:00,7.205,buy,2.0
2022-02-28 10:30:00,7.146,sell,4.0
2022-02-28 13:30:00,7.185,buy,2.0
2022-03-01 11:00:00,7.245,sell,4.0
2022-03-01 13:30:00,7.254,buy,2.0
2022-03-01 14:00:00,7.264,sell,4.0
2022-03-01 15:00:00,7.284,buy,2.0
2022-03-02 10:30:00,7.313,sell,4.0
2022-03-03 10:30:00,7.382,buy,2.0
2022-03-04 10:30:00,7.294,sell,4.0
2022-03-04 11:30:00,7.402,buy,2.0
2022-03-04 15:00:00,7.353,sell,4.0
2022-03-07 10:30:00,7.54,buy,2.0
2022-03-07 14:30:00,7.52,sell,4.0
2022-03-08 14:30:00,7.678,buy,2.0
2022-03-08 15:00:00,7.727,sell,4.0
2022-03-09 10:00:00,7.235,buy,2.0
2022-03-09 10:30:00,7.205,sell,4.0
2022-03-10 10:30:00,7.117,buy,2.0
2022-03-14 11:00:00,7.058,sell,4.0
2022-03-16 11:00:00,6.162,buy,1.0
2022-03-17 15:00:00,6.595,sell,3.0
2022-03-18 14:30:00,6.683,buy,2.0
2022-03-21 10:30:00,6.585,sell,4.0
2022-03-22 10:00:00,6.556,buy,2.0
2022-03-23 10:30:00,6.605,sell,4.0
2022-03-24 10:00:00,6.634,buy,2.0
2022-03-24 11:00:00,6.595,sell,4.0
2022-03-24 15:00:00,6.575,buy,2.0
2022-03-25 10:00:00,6.516,sell,4.0
2022-03-25 11:30:00,6.526,buy,2.0
2022-03-25 13:30:00,6.506,sell,4.0
2022-03-25 15:00:00,6.467,buy,2.0
2022-03-28 10:00:00,6.319,sell,4.0
2022-03-28 10:30:00,6.428,buy,2.0
2022-03-29 11:00:00,6.556,sell,4.0
2022-03-30 14:00:00,6.526,buy,2.0
2022-03-31 14:00:00,6.565,sell,4.0
2022-04-01 10:00:00,6.644,buy,2.0
2022-04-06 11:00:00,6.762,sell,4.0
2022-04-06 14:00:00,7.077,buy,2.0
2022-04-07 10:00:00,6.93,sell,4.0
2022-04-08 14:00:00,6.949,buy,2.0
2022-04-11 11:00:00,6.743,sell,4.0
2022-04-12 11:00:00,6.664,buy,2.0
2022-04-12 11:30:00,6.664,sell,4.0
2022-04-12 14:00:00,6.733,buy,2.0
2022-04-13 11:00:00,6.674,sell,4.0
2022-04-13 13:30:00,6.802,buy,2.0
2022-04-15 11:30:00,7.077,sell,4.0
2022-04-19 10:30:00,6.969,buy,2.0
2022-04-20 10:30:00,6.861,sell,4.0
2022-04-21 14:00:00,6.536,buy,2.0
2022-04-21 15:00:00,6.467,sell,4.0
2022-04-22 10:30:00,6.506,buy,2.0
2022-04-25 10:30:00,6.122,sell,4.0
2022-04-26 13:30:00,5.837,buy,2.0
2022-04-26 14:00:00,5.768,sell,4.0
2022-04-27 11:30:00,5.492,buy,2.0
2022-04-28 14:00:00,5.611,sell,4.0
2022-04-29 10:30:00,5.748,buy,2.0
2022-05-05 11:30:00,5.876,sell,4.0
2022-05-05 13:30:00,5.857,buy,2.0
2022-05-05 14:00:00,5.857,sell,4.0
2022-05-09 10:30:00,5.512,buy,2.0
2022-05-10 10:30:00,5.424,sell,4.0
2022-05-10 11:00:00,5.404,buy,2.0
2022-05-11 15:00:00,5.502,sell,4.0
2022-05-13 10:30:00,5.404,buy,2.0
2022-05-13 11:30:00,5.433,sell,4.0
2022-05-13 13:30:00,5.404,buy,2.0
2022-05-16 13:30:00,5.433,sell,4.0
2022-05-16 14:30:00,5.463,buy,2.0
2022-05-17 10:30:00,5.355,sell,4.0
2022-05-18 10:00:00,5.394,buy,2.0
2022-05-19 10:00:00,5.266,sell,4.0
2022-05-20 10:00:00,5.473,buy,2.0
2022-05-23 11:30:00,5.65,sell,4.0
2022-05-25 11:00:00,5.424,buy,2.0
2022-05-27 10:30:00,5.679,sell,4.0
2022-05-30 11:00:00,5.65,buy,2.0
2022-05-30 14:30:00,5.64,sell,4.0
2022-05-30 15:00:00,5.65,buy,2.0
2022-05-31 10:00:00,5.611,sell,4.0
2022-05-31 13:30:00,5.65,buy,2.0
2022-06-01 11:00:00,5.62,sell,4.0
2022-06-02 10:00:00,5.699,buy,2.0
2022-06-02 14:00:00,5.699,sell,4.0
2022-06-02 14:30:00,5.709,buy,2.0
2022-06-06 10:30:00,5.67,sell,4.0
2022-06-06 14:30:00,5.739,buy,2.0
2022-06-07 10:30:00,5.758,sell,4.0
2022-06-07 11:00:00,5.778,buy,2.0
2022-06-08 10:00:00,5.857,sell,4.0
2022-06-08 10:30:00,5.827,buy,2.0
2022-06-08 13:30:00,5.748,sell,4.0
2022-06-09 10:00:00,5.817,buy,2.0
2022-06-09 14:00:00,5.758,sell,4.0
2022-06-10 13:30:00,5.778,buy,2.0
2022-06-13 11:00:00,5.709,sell,4.0
2022-06-14 14:00:00,5.65,buy,2.0
2022-06-15 15:00:00,5.719,sell,4.0
2022-06-17 14:00:00,5.552,buy,2.0
2022-06-21 10:30:00,5.483,sell,4.0
2022-06-21 14:00:00,5.512,buy,2.0
2022-06-21 14:30:00,5.492,sell,4.0
2022-06-22 13:30:00,5.512,buy,2.0
2022-06-22 15:00:00,5.443,sell,4.0
2022-06-23 13:30:00,5.414,buy,2.0
2022-06-24 14:00:00,5.443,sell,4.0
2022-06-27 11:00:00,5.473,buy,2.0
2022-06-27 14:30:00,5.473,sell,4.0
2022-06-27 15:00:00,5.473,buy,2.0
2022-06-28 10:30:00,5.453,sell,4.0
2022-06-28 14:00:00,5.473,buy,2.0
2022-06-29 11:30:00,5.492,sell,4.0
2022-06-30 13:30:00,5.433,buy,2.0
2022-07-01 10:30:00,5.413,sell,4.0
2022-07-01 11:30:00,5.433,buy,2.0
2022-07-04 10:30:00,5.383,sell,4.0
2022-07-04 14:00:00,5.403,buy,2.0
2022-07-05 15:00:00,5.542,sell,4.0
2022-07-06 10:00:00,5.423,buy,2.0
2022-07-06 10:30:00,5.413,sell,4.0
2022-07-07 11:00:00,5.423,buy,2.0
2022-07-08 10:00:00,5.393,sell,4.0
2022-07-12 10:00:00,5.303,buy,2.0
2022-07-13 10:30:00,5.244,sell,4.0
2022-07-14 10:00:00,5.184,buy,2.0
2022-07-14 10:30:00,5.104,sell,4.0
2022-07-15 11:30:00,4.935,buy,2.0
2022-07-15 14:30:00,4.895,sell,4.0
2022-07-18 10:30:00,4.945,buy,2.0
2022-07-19 11:00:00,5.025,sell,4.0
2022-07-20 10:30:00,5.045,buy,2.0
2022-07-20 14:00:00,5.035,sell,4.0
2022-07-20 15:00:00,5.054,buy,2.0
2022-07-21 10:30:00,5.015,sell,4.0
2022-07-21 15:00:00,4.995,buy,2.0
2022-07-22 10:00:00,4.985,sell,4.0
2022-07-25 10:00:00,4.945,buy,2.0
2022-07-25 14:00:00,4.895,sell,4.0
2022-07-25 15:00:00,4.895,buy,2.0
2022-07-26 10:00:00,4.905,sell,4.0
2022-07-26 10:30:00,4.915,buy,2.0
2022-07-27 10:30:00,4.905,sell,4.0
2022-07-28 10:30:00,4.925,buy,2.0
2022-07-28 15:00:00,4.925,sell,4.0
2022-07-29 10:30:00,4.925,buy,2.0
2022-07-29 11:00:00,4.915,sell,4.0
2022-08-01 14:30:00,4.885,buy,2.0
2022-08-02 10:30:00,4.716,sell,4.0
2022-08-02 14:30:00,4.756,buy,2.0
2022-08-03 15:00:00,4.647,sell,4.0
2022-08-04 15:00:00,4.647,buy,1.0
2022-08-08 14:30:00,4.895,sell,3.0
2022-08-10 10:00:00,4.905,buy,2.0
2022-08-10 11:00:00,4.885,sell,4.0
2022-08-10 13:30:00,4.895,buy,2.0
2022-08-10 14:30:00,4.875,sell,4.0
2022-08-11 10:30:00,4.985,buy,2.0
2022-08-12 10:30:00,5.025,sell,4.0
2022-08-12 11:00:00,5.015,buy,2.0
2022-08-12 11:30:00,5.015,sell,4.0
2022-08-12 15:00:00,5.015,buy,2.0
2022-08-15 10:00:00,5.015,sell,4.0
2022-08-16 10:30:00,5.005,buy,2.0
2022-08-17 10:30:00,4.995,sell,4.0
2022-08-18 10:00:00,4.975,buy,2.0
2022-08-18 10:30:00,4.955,sell,4.0
2022-08-19 10:00:00,4.965,buy,2.0
2022-08-22 10:30:00,4.945,sell,4.0
2022-08-22 11:30:00,5.005,buy,2.0
2022-08-23 10:30:00,4.935,sell,4.0
2022-08-23 15:00:00,4.965,buy,2.0
2022-08-24 11:30:00,4.915,sell,4.0
2022-08-25 11:30:00,4.915,buy,2.0
2022-08-26 11:00:00,4.875,sell,4.0
2022-08-29 11:30:00,4.836,buy,2.0
2022-08-30 11:30:00,4.905,sell,4.0
2022-08-31 14:00:00,4.895,buy,2.0
2022-09-01 10:00:00,4.895,sell,4.0
2022-09-01 10:30:00,4.895,buy,2.0
2022-09-01 15:00:00,4.846,sell,4.0
2022-09-05 10:30:00,4.836,buy,2.0
2022-09-06 13:30:00,4.945,sell,4.0
2022-09-07 10:00:00,4.945,buy,2.0
2022-09-07 10:30:00,4.955,sell,4.0
2022-09-08 10:30:00,4.965,buy,2.0
2022-09-08 11:00:00,4.965,sell,4.0
2022-09-08 14:00:00,5.005,buy,2.0
2022-09-09 14:30:00,5.025,sell,4.0
2022-09-15 10:30:00,4.905,buy,2.0
2022-09-15 13:30:00,4.855,sell,4.0
2022-09-19 10:30:00,4.517,buy,2.0
2022-09-19 11:00:00,4.557,sell,4.0
2022-09-19 11:30:00,4.537,buy,2.0
2022-09-19 14:00:00,4.517,sell,4.0
2022-09-19 15:00:00,4.517,buy,2.0
2022-09-21 10:30:00,4.607,sell,4.0
2022-09-21 11:00:00,4.656,buy,2.0
2022-09-22 13:30:00,4.766,sell,4.0
2022-09-23 14:30:00,4.746,buy,2.0
2022-09-26 10:30:00,4.647,sell,4.0
2022-09-27 11:00:00,4.507,buy,2.0
2022-09-27 11:30:00,4.517,sell,4.0
2022-09-27 13:30:00,4.567,buy,2.0
2022-09-28 11:30:00,4.597,sell,4.0
2022-09-28 13:30:00,4.547,buy,2.0
2022-09-28 14:00:00,4.547,sell,4.0
2022-09-30 10:30:00,4.467,buy,2.0
2022-10-10 10:00:00,4.487,sell,4.0
2022-10-10 10:30:00,4.448,buy,2.0
2022-10-10 11:00:00,4.448,sell,4.0
2022-10-11 11:30:00,4.398,buy,2.0
2022-10-12 11:30:00,4.338,sell,4.0
2022-10-12 14:30:00,4.467,buy,2.0
2022-10-13 15:00:00,4.448,sell,4.0
2022-10-14 10:30:00,4.507,buy,2.0
2022-10-17 10:30:00,4.547,sell,4.0
2022-10-17 13:30:00,4.577,buy,2.0
2022-10-18 10:00:00,4.587,sell,4.0
2022-10-19 11:30:00,4.557,buy,2.0
2022-10-19 14:00:00,4.527,sell,4.0
2022-10-20 11:00:00,4.537,buy,2.0
2022-10-21 14:00:00,4.527,sell,4.0
2022-10-25 10:30:00,4.438,buy,2.0
2022-10-26 14:00:00,4.448,sell,4.0
2022-10-31 10:30:00,3.91,buy,2.0
2022-11-01 14:30:00,4.0,sell,4.0
2022-11-01 15:00:00,4.03,buy,2.0
2022-11-02 15:00:00,4.03,sell,4.0
2022-11-04 10:00:00,4.03,buy,2.0
2022-11-07 11:00:00,4.189,sell,4.0
2022-11-07 13:30:00,4.199,buy,2.0
2022-11-07 14:00:00,4.179,sell,4.0
2022-11-08 10:00:00,4.199,buy,2.0
2022-11-08 10:30:00,4.199,sell,4.0
2022-11-09 10:30:00,4.258,buy,2.0
2022-11-09 15:00:00,4.258,sell,4.0
2022-11-10 10:00:00,4.249,buy,2.0
2022-11-10 10:30:00,4.268,sell,4.0
2022-11-10 11:00:00,4.278,buy,2.0
2022-11-10 14:30:00,4.288,sell,4.0
2022-11-10 15:00:00,4.278,buy,2.0
2022-11-11 10:30:00,4.348,sell,4.0
2022-11-11 14:00:00,4.398,buy,2.0
2022-11-14 11:00:00,4.418,sell,4.0
2022-11-15 11:00:00,4.408,buy,2.0
2022-11-16 11:30:00,4.408,sell,4.0
2022-11-17 11:00:00,4.388,buy,2.0
2022-11-17 13:30:00,4.388,sell,4.0
2022-11-17 14:00:00,4.378,buy,2.0
2022-11-17 14:30:00,4.388,sell,4.0
2022-11-17 15:00:00,4.398,buy,2.0
2022-11-18 11:30:00,4.348,sell,4.0
2022-11-18 14:30:00,4.368,buy,2.0
2022-11-21 10:00:00,4.328,sell,4.0
2022-11-21 13:30:00,4.358,buy,2.0
2022-11-22 14:30:00,4.418,sell,4.0
2022-11-23 10:30:00,4.487,buy,2.0
2022-11-23 13:30:00,4.457,sell,4.0
2022-11-25 10:00:00,4.497,buy,2.0
2022-11-28 10:30:00,4.438,sell,4.0
2022-11-29 10:30:00,4.507,buy,2.0
2022-11-30 11:00:00,4.527,sell,4.0
2022-12-01 11:00:00,4.517,buy,2.0
2022-12-01 14:00:00,4.497,sell,4.0
2022-12-02 14:30:00,4.457,buy,2.0
2022-12-06 10:30:00,4.637,sell,4.0
2022-12-07 14:00:00,4.567,buy,2.0
2022-12-08 10:00:00,4.557,sell,4.0
2022-12-08 11:00:00,4.587,buy,2.0
2022-12-09 11:00:00,4.567,sell,4.0
2022-12-09 13:30:00,4.627,buy,2.0
2022-12-12 10:30:00,4.567,sell,4.0
2022-12-13 10:30:00,4.557,buy,2.0
2022-12-14 11:00:00,4.497,sell,4.0
2022-12-15 11:00:00,4.418,buy,2.0
2022-12-19 10:30:00,4.487,sell,4.0
2022-12-20 10:30:00,4.438,buy,2.0
2022-12-21 10:00:00,4.418,sell,4.0
2022-12-21 10:30:00,4.438,buy,2.0
2022-12-21 14:00:00,4.388,sell,4.0
2022-12-23 11:30:00,4.318,buy,2.0
2022-12-23 15:00:00,4.288,sell,4.0
2022-12-26 10:00:00,4.298,buy,2.0
2022-12-28 10:00:00,4.358,sell,4.0
2022-12-28 11:00:00,4.408,buy,2.0
2022-12-28 14:30:00,4.418,sell,4.0
2022-12-30 14:00:00,4.308,buy,2.0
2023-01-04 14:00:00,4.318,sell,4.0
2023-01-05 10:00:00,4.348,buy,2.0
2023-01-05 14:00:00,4.328,sell,4.0
2023-01-06 11:30:00,4.358,buy,2.0
2023-01-06 14:00:00,4.328,sell,4.0
2023-01-09 11:00:00,4.358,buy,2.0
2023-01-09 14:00:00,4.338,sell,4.0
2023-01-10 10:00:00,4.318,buy,2.0
2023-01-10 10:30:00,4.308,sell,4.0
2023-01-11 10:30:00,4.338,buy,2.0
2023-01-12 10:30:00,4.308,sell,4.0
2023-01-13 10:00:00,4.338,buy,2.0
2023-01-13 13:30:00,4.318,sell,4.0
2023-01-16 10:30:00,4.368,buy,2.0
2023-01-17 10:30:00,4.368,sell,4.0
2023-01-18 10:30:00,4.398,buy,2.0
2023-01-19 10:30:00,4.428,sell,4.0
2023-01-19 11:00:00,4.438,buy,2.0
2023-01-19 15:00:00,4.467,sell,4.0
2023-01-20 10:00:00,4.517,buy,2.0
2023-01-20 14:00:00,4.527,sell,4.0
2023-01-20 14:30:00,4.537,buy,2.0
2023-01-30 11:00:00,4.597,sell,4.0
2023-01-31 15:00:00,4.567,buy,2.0
2023-02-02 10:30:00,4.607,sell,4.0
2023-02-03 15:00:00,4.527,buy,2.0
2023-02-06 11:00:00,4.487,sell,4.0
2023-02-06 11:30:00,4.477,buy,2.0
2023-02-06 13:30:00,4.487,sell,4.0
2023-02-06 14:00:00,4.497,buy,2.0
2023-02-08 10:30:00,4.507,sell,4.0
2023-02-09 11:00:00,4.517,buy,2.0
2023-02-10 11:30:00,4.487,sell,4.0
2023-02-13 10:30:00,4.507,buy,2.0
2023-02-14 14:00:00,4.607,sell,4.0
2023-02-15 10:00:00,4.607,buy,2.0
2023-02-15 10:30:00,4.597,sell,4.0
2023-02-16 11:00:00,4.617,buy,2.0
2023-02-16 14:30:00,4.527,sell,4.0
2023-02-17 11:00:00,4.597,buy,2.0
2023-02-21 11:30:00,4.716,sell,4.0
2023-02-22 10:00:00,4.816,buy,2.0
2023-02-22 14:30:00,4.806,sell,4.0
2023-02-23 10:00:00,4.796,buy,2.0
2023-02-23 10:30:00,4.786,sell,4.0
2023-02-24 10:30:00,4.796,buy,2.0
2023-02-24 11:30:00,4.766,sell,4.0
2023-02-24 15:00:00,4.806,buy,2.0
2023-02-27 13:30:00,4.756,sell,4.0
2023-02-28 13:30:00,4.726,buy,2.0
2023-02-28 14:00:00,4.726,sell,4.0
2023-02-28 15:00:00,4.756,buy,2.0
2023-03-01 14:30:00,4.776,sell,4.0
2023-03-01 15:00:00,4.776,buy,2.0
2023-03-02 10:30:00,4.806,sell,4.0
2023-03-02 11:00:00,4.826,buy,2.0
2023-03-02 14:00:00,4.826,sell,4.0
2023-03-02 14:30:00,4.826,buy,2.0
2023-03-03 10:00:00,4.836,sell,4.0
2023-03-03 10:30:00,4.836,buy,2.0
2023-03-03 11:30:00,4.826,sell,4.0
2023-03-03 15:00:00,4.826,buy,2.0
2023-03-06 11:00:00,4.816,sell,4.0
2023-03-07 10:30:00,4.826,buy,2.0
2023-03-07 14:30:00,4.766,sell,4.0
2023-03-08 11:30:00,4.776,buy,2.0
2023-03-09 11:00:00,4.746,sell,4.0
2023-03-09 14:30:00,4.746,buy,2.0
2023-03-10 10:00:00,4.696,sell,4.0
2023-03-13 11:00:00,4.617,buy,2.0
2023-03-14 11:00:00,4.567,sell,4.0
2023-03-15 10:30:00,4.617,buy,2.0
2023-03-16 10:30:00,4.597,sell,4.0
2023-03-17 11:00:00,4.577,buy,2.0
2023-03-20 10:00:00,4.537,sell,4.0
2023-03-21 14:00:00,4.448,buy,2.0
2023-03-22 14:00:00,4.448,sell,4.0
2023-03-22 14:30:00,4.457,buy,2.0
2023-03-23 10:30:00,4.428,sell,4.0
2023-03-23 14:30:00,4.428,buy,2.0
2023-03-24 10:30:00,4.408,sell,4.0
2023-03-24 14:00:00,4.398,buy,2.0
2023-03-27 10:00:00,4.338,sell,4.0
2023-03-27 15:00:00,4.318,buy,2.0
2023-03-28 10:30:00,4.318,sell,4.0
2023-03-28 11:00:00,4.328,buy,2.0
2023-03-28 14:30:00,4.298,sell,4.0
2023-03-30 10:30:00,4.239,buy,2.0
2023-03-31 15:00:00,4.318,sell,4.0
2023-04-03 10:30:00,4.298,buy,2.0
2023-04-03 11:00:00,4.288,sell,4.0
2023-04-03 14:00:00,4.308,buy,2.0
2023-04-03 14:30:00,4.318,sell,4.0
2023-04-03 15:00:00,4.318,buy,2.0
2023-04-06 10:00:00,4.328,sell,4.0
2023-04-07 10:30:00,4.328,buy,2.0
2023-04-07 13:30:00,4.318,sell,4.0
2023-04-07 14:00:00,4.328,buy,2.0
2023-04-10 14:00:00,4.318,sell,4.0
2023-04-11 11:00:00,4.318,buy,2.0
2023-04-13 10:30:00,4.418,sell,4.0
2023-04-14 10:30:00,4.418,buy,2.0
2023-04-18 10:30:00,4.457,sell,4.0
2023-04-19 10:30:00,4.448,buy,2.0
2023-04-19 11:00:00,4.448,sell,4.0
2023-04-20 13:30:00,4.398,buy,2.0
2023-04-21 13:30:00,4.348,sell,4.0
2023-04-25 11:00:00,3.95,buy,2.0
2023-04-27 10:30:00,3.94,sell,4.0
2023-04-27 11:00:00,3.93,buy,2.0
2023-04-27 13:30:00,3.92,sell,4.0
2023-04-27 15:00:00,3.92,buy,2.0
2023-05-04 11:00:00,4.0,sell,4.0
2023-05-05 10:00:00,4.0,buy,2.0
2023-05-05 10:30:00,3.99,sell,4.0
2023-05-08 10:30:00,4.079,buy,2.0
2023-05-09 14:30:00,4.159,sell,4.0
2023-05-11 10:30:00,4.149,buy,2.0
2023-05-12 10:30:00,4.119,sell,4.0
2023-05-15 14:00:00,4.109,buy,2.0
2023-05-16 14:30:00,4.109,sell,4.0
2023-05-17 11:30:00,4.089,buy,2.0
2023-05-18 11:00:00,4.079,sell,4.0
2023-05-19 13:30:00,4.02,buy,2.0
2023-05-19 14:30:00,4.02,sell,4.0
2023-05-22 10:30:00,4.03,buy,2.0
2023-05-22 14:30:00,4.01,sell,4.0
2023-05-23 10:00:00,3.99,buy,2.0
2023-05-23 10:30:00,4.0,sell,4.0
2023-05-23 11:30:00,4.0,buy,2.0
2023-05-23 14:00:00,3.99,sell,4.0
2023-05-25 10:30:00,3.92,buy,2.0
2023-05-29 11:30:00,3.99,sell,4.0
2023-05-29 13:30:00,4.01,buy,2.0
2023-05-30 11:00:00,4.0,sell,4.0
2023-05-31 10:00:00,3.98,buy,2.0
2023-05-31 10:30:00,3.98,sell,4.0
2023-06-01 10:30:00,4.01,buy,2.0
2023-06-02 14:00:00,4.05,sell,4.0
2023-06-07 11:00:00,3.95,buy,2.0
2023-06-07 14:00:00,3.93,sell,4.0
2023-06-08 10:00:00,3.91,buy,2.0
2023-06-08 10:30:00,3.95,sell,4.0
2023-06-08 11:00:00,3.92,buy,2.0
2023-06-09 10:30:00,3.93,sell,4.0
2023-06-09 13:30:00,3.94,buy,2.0
2023-06-09 14:00:00,3.95,sell,4.0
2023-06-09 14:30:00,3.95,buy,2.0
2023-06-12 10:00:00,3.93,sell,4.0
2023-06-12 14:30:00,3.93,buy,2.0
2023-06-13 11:00:00,3.93,sell,4.0
2023-06-13 11:30:00,3.94,buy,2.0
2023-06-13 14:30:00,3.93,sell,4.0
2023-06-14 10:00:00,3.94,buy,2.0
2023-06-15 10:00:00,3.92,sell,4.0
2023-06-15 14:30:00,3.94,buy,2.0
2023-06-16 14:00:00,3.98,sell,4.0
2023-06-16 14:30:00,3.98,buy,2.0
2023-06-19 10:30:00,3.96,sell,4.0
2023-06-20 11:30:00,3.94,buy,2.0
2023-06-21 11:00:00,3.92,sell,4.0
2023-06-26 14:00:00,3.83,buy,2.0
2023-06-26 14:30:00,3.84,sell,4.0
2023-06-27 10:30:00,3.86,buy,2.0
2023-06-28 10:30:00,3.86,sell,4.0
2023-06-28 14:30:00,3.87,buy,2.0
2023-06-29 10:30:00,3.86,sell,4.0
2023-06-30 10:30:00,3.86,buy,2.0
2023-07-04 10:30:00,3.92,sell,4.0
2023-07-04 13:30:00,3.91,buy,2.0
2023-07-04 14:00:00,3.9,sell,4.0
2023-07-05 11:00:00,3.94,buy,2.0
2023-07-06 10:30:00,3.93,sell,4.0
2023-07-07 11:00:00,3.9,buy,2.0
2023-07-10 14:00:00,3.93,sell,4.0
2023-07-11 11:30:00,3.95,buy,2.0
2023-07-12 11:00:00,3.94,sell,4.0
2023-07-13 10:30:00,3.96,buy,2.0
2023-07-14 11:00:00,3.98,sell,4.0
2023-07-14 11:30:00,3.97,buy,2.0
2023-07-14 14:00:00,3.97,sell,4.0
2023-07-18 10:00:00,3.95,buy,2.0
2023-07-19 11:30:00,3.97,sell,4.0
2023-07-20 11:00:00,4.0,buy,2.0
2023-07-21 10:00:00,3.99,sell,4.0
2023-07-21 11:00:00,4.0,buy,2.0
2023-07-21 11:30:00,3.99,sell,4.0
2023-07-24 10:30:00,4.01,buy,2.0
2023-07-24 15:00:00,4.01,sell,4.0
2023-07-25 10:30:00,4.09,buy,2.0
2023-07-26 10:30:00,4.12,sell,4.0
2023-07-27 10:00:00,4.23,buy,2.0
2023-07-27 11:30:00,4.24,sell,4.0
2023-07-27 13:30:00,4.24,buy,2.0
2023-07-27 15:00:00,4.22,sell,4.0
2023-07-28 11:30:00,4.28,buy,2.0
2023-07-31 10:30:00,4.31,sell,4.0
2023-08-01 10:30:00,4.37,buy,2.0
2023-08-02 11:00:00,4.32,sell,4.0
2023-08-02 14:30:00,4.34,buy,2.0
2023-08-02 15:00:00,4.36,sell,4.0
2023-08-03 10:00:00,4.32,buy,2.0
2023-08-03 10:30:00,4.31,sell,4.0
2023-08-03 13:30:00,4.35,buy,2.0
2023-08-04 11:30:00,4.35,sell,4.0
2023-08-08 11:30:00,4.27,buy,2.0
2023-08-09 13:30:00,4.23,sell,4.0
2023-08-10 11:00:00,4.26,buy,2.0
2023-08-10 14:00:00,4.23,sell,4.0
2023-08-11 14:00:00,4.18,buy,2.0
2023-08-14 10:00:00,4.15,sell,4.0
2023-08-14 10:30:00,4.16,buy,2.0
2023-08-15 14:00:00,4.18,sell,4.0
2023-08-15 14:30:00,4.18,buy,2.0
2023-08-16 10:00:00,4.15,sell,4.0
2023-08-16 14:00:00,4.18,buy,2.0
2023-08-17 10:30:00,4.13,sell,4.0
2023-08-17 15:00:00,4.14,buy,2.0
2023-08-18 14:00:00,4.14,sell,4.0
2023-08-22 14:30:00,4.09,buy,2.0
2023-08-23 11:30:00,4.07,sell,4.0
2023-08-23 13:30:00,4.07,buy,2.0
2023-08-24 10:00:00,4.03,sell,4.0
2023-08-25 10:30:00,4.03,buy,2.0
2023-08-28 14:30:00,4.09,sell,4.0
2023-08-31 11:30:00,3.94,buy,2.0
2023-08-31 13:30:00,3.93,sell,4.0
2023-08-31 14:00:00,3.93,buy,1.0
2023-09-04 14:00:00,4.15,sell,3.0
2023-09-05 10:00:00,4.14,buy,2.0
2023-09-05 10:30:00,4.13,sell,4.0
2023-09-05 14:00:00,4.15,buy,2.0
2023-09-06 10:30:00,4.09,sell,4.0
2023-09-07 11:30:00,4.07,buy,2.0
2023-09-07 14:00:00,4.05,sell,4.0
2023-09-08 11:30:00,4.06,buy,2.0
2023-09-12 10:00:00,4.08,sell,4.0
2023-09-13 10:30:00,4.08,buy,2.0
2023-09-13 14:30:00,4.07,sell,4.0
2023-09-14 10:30:00,4.11,buy,2.0
2023-09-15 13:30:00,4.13,sell,4.0
2023-09-18 14:00:00,4.13,buy,2.0
2023-09-19 15:00:00,4.17,sell,4.0
2023-09-20 10:30:00,4.17,buy,2.0
2023-09-20 11:00:00,4.17,sell,4.0
2023-09-21 15:00:00,4.13,buy,2.0
2023-09-22 10:00:00,4.11,sell,4.0
2023-09-22 13:30:00,4.11,buy,2.0
2023-09-22 14:00:00,4.13,sell,4.0
2023-09-22 14:30:00,4.12,buy,2.0
2023-09-26 10:00:00,4.09,sell,4.0
2023-09-26 14:30:00,4.09,buy,2.0
2023-09-26 15:00:00,4.08,sell,4.0
2023-09-27 15:00:00,4.03,buy,2.0
2023-09-28 10:00:00,4.04,sell,4.0
2023-09-28 11:30:00,4.03,buy,2.0
2023-10-09 11:00:00,4.01,sell,4.0
2023-10-10 15:00:00,3.97,buy,2.0
2023-10-11 13:30:00,3.96,sell,4.0
2023-10-11 14:00:00,3.97,buy,2.0
2023-10-12 10:00:00,3.98,sell,4.0
2023-10-12 10:30:00,3.98,buy,2.0
2023-10-13 10:30:00,4.0,sell,4.0
2023-10-16 13:30:00,3.99,buy,2.0
2023-10-17 14:00:00,4.0,sell,4.0
2023-10-17 14:30:00,3.99,buy,2.0
2023-10-18 10:00:00,3.96,sell,4.0
2023-10-19 11:00:00,3.9,buy,2.0
2023-10-19 14:00:00,3.87,sell,4.0
2023-10-20 10:30:00,3.85,buy,2.0
2023-10-23 10:00:00,3.8,sell,4.0
2023-10-24 13:30:00,3.68,buy,2.0
2023-10-24 14:00:00,3.71,sell,4.0
2023-10-24 14:30:00,3.71,buy,2.0
2023-10-26 10:30:00,3.81,sell,4.0
2023-10-26 15:00:00,3.86,buy,2.0
2023-10-30 11:00:00,3.94,sell,4.0
2023-10-31 14:30:00,3.9,buy,2.0
2023-11-02 10:30:00,3.93,sell,4.0
2023-11-06 11:00:00,3.89,buy,2.0
2023-11-06 15:00:00,3.87,sell,4.0
2023-11-07 11:30:00,3.86,buy,2.0
2023-11-08 10:00:00,3.82,sell,4.0
2023-11-08 15:00:00,3.81,buy,2.0
2023-11-10 10:30:00,3.79,sell,4.0
2023-11-10 14:00:00,3.81,buy,2.0
2023-11-14 10:30:00,3.84,sell,4.0
2023-11-15 10:30:00,3.9,buy,2.0
2023-11-16 10:00:00,3.88,sell,4.0
2023-11-16 14:00:00,3.91,buy,2.0
2023-11-17 10:30:00,3.85,sell,4.0
2023-11-20 11:00:00,3.88,buy,2.0
2023-11-21 14:00:00,3.9,sell,4.0
2023-11-23 10:30:00,3.88,buy,2.0
2023-11-24 11:30:00,3.91,sell,4.0
2023-11-28 11:00:00,3.87,buy,2.0
2023-11-29 13:30:00,3.89,sell,4.0
2023-11-30 15:00:00,3.86,buy,2.0
2023-12-01 10:00:00,3.88,sell,4.0
2023-12-01 10:30:00,3.87,buy,2.0
2023-12-04 11:00:00,3.86,sell,4.0
2023-12-04 14:30:00,3.88,buy,2.0
2023-12-05 10:30:00,3.84,sell,4.0
2023-12-06 11:00:00,3.82,buy,2.0
2023-12-07 14:00:00,3.84,sell,4.0
2023-12-07 14:30:00,3.85,buy,2.0
2023-12-08 13:30:00,3.88,sell,4.0
2023-12-11 14:00:00,3.82,buy,2.0
2023-12-12 11:30:00,3.83,sell,4.0
2023-12-13 10:00:00,3.83,buy,2.0
2023-12-13 11:00:00,3.83,sell,4.0
2023-12-13 11:30:00,3.82,buy,2.0
2023-12-13 13:30:00,3.81,sell,4.0
2023-12-14 11:30:00,3.79,buy,2.0
2023-12-14 14:30:00,3.79,sell,4.0
2023-12-14 15:00:00,3.78,buy,2.0
2023-12-15 10:00:00,3.79,sell,4.0
2023-12-15 11:00:00,3.81,buy,2.0
2023-12-15 14:30:00,3.78,sell,4.0
2023-12-18 14:00:00,3.74,buy,2.0
2023-12-18 15:00:00,3.74,sell,4.0
2023-12-20 10:00:00,3.75,buy,2.0
2023-12-20 15:00:00,3.7,sell,4.0
2023-12-21 13:30:00,3.7,buy,2.0
2023-12-25 10:30:00,3.67,sell,4.0
2023-12-25 14:30:00,3.69,buy,2.0
2023-12-26 14:30:00,3.71,sell,4.0
2023-12-27 14:00:00,3.68,buy,2.0
2023-12-29 13:30:00,3.72,sell,4.0
2023-12-29 15:00:00,3.73,buy,2.0
2024-01-02 10:00:00,3.75,sell,4.0
2024-01-02 13:30:00,3.77,buy,2.0
2024-01-02 15:00:00,3.77,sell,4.0
2024-01-03 10:30:00,3.8,buy,2.0
2024-01-03 11:00:00,3.82,sell,4.0
2024-01-03 11:30:00,3.81,buy,2.0
2024-01-03 14:00:00,3.81,sell,4.0
2024-01-03 15:00:00,3.83,buy,2.0
2024-01-04 11:00:00,3.82,sell,4.0
2024-01-05 10:30:00,3.88,buy,2.0
2024-01-05 14:00:00,3.84,sell,4.0
2024-01-09 10:30:00,3.76,buy,2.0
2024-01-10 11:00:00,3.76,sell,4.0
2024-01-11 11:30:00,3.75,buy,2.0
2024-01-12 14:00:00,3.76,sell,4.0
2024-01-15 13:30:00,3.75,buy,2.0
2024-01-16 10:00:00,3.72,sell,4.0
2024-01-17 10:00:00,3.71,buy,2.0
2024-01-17 13:30:00,3.69,sell,4.0
2024-01-18 14:30:00,3.52,buy,2.0
2024-01-22 10:30:00,3.53,sell,4.0
2024-01-23 11:00:00,3.42,buy,2.0
2024-01-24 13:30:00,3.44,sell,4.0
2024-01-24 14:30:00,3.53,buy,1.0
2024-01-26 11:30:00,3.75,sell,3.0
2024-01-30 11:30:00,3.79,buy,2.0
2024-01-30 14:00:00,3.77,sell,4.0
2024-01-30 14:30:00,3.74,buy,2.0
2024-01-30 15:00:00,3.7,sell,4.0
2024-01-31 13:30:00,3.62,buy,2.0
2024-01-31 15:00:00,3.57,sell,4.0
2024-02-01 11:00:00,3.57,buy,2.0
2024-02-02 10:00:00,3.58,sell,4.0
2024-02-02 10:30:00,3.55,buy,2.0
2024-02-02 13:30:00,3.49,sell,4.0
2024-02-05 14:00:00,3.46,buy,1.0
2024-02-07 15:00:00,3.86,sell,3.0
2024-02-08 10:00:00,3.95,buy,2.0
2024-02-08 10:30:00,4.03,sell,4.0
2024-02-08 11:00:00,3.99,buy,2.0
2024-02-08 11:30:00,3.99,sell,4.0
2024-02-20 10:30:00,3.85,buy,2.0
2024-02-21 11:00:00,3.84,sell,4.0
2024-02-21 11:30:00,3.86,buy,2.0
2024-02-21 15:00:00,3.81,sell,4.0
2024-02-22 15:00:00,3.81,buy,2.0
2024-02-23 11:00:00,3.79,sell,4.0
2024-02-26 14:00:00,3.75,buy,2.0
2024-02-26 15:00:00,3.72,sell,4.0
2024-02-27 10:30:00,3.73,buy,2.0
2024-02-28 15:00:00,3.73,sell,4.0
2024-02-29 15:00:00,3.79,buy,2.0
2024-03-01 13:30:00,3.74,sell,4.0
2024-03-05 10:30:00,3.66,buy,2.0
2024-03-05 11:00:00,3.64,sell,4.0
2024-03-05 13:30:00,3.63,buy,2.0
2024-03-05 14:00:00,3.63,sell,4.0
2024-03-05 15:00:00,3.65,buy,2.0
2024-03-07 13:30:00,3.79,sell,4.0
2024-03-08 15:00:00,3.76,buy,2.0
2024-03-11 11:00:00,3.73,sell,4.0
2024-03-11 14:30:00,3.81,buy,2.0
2024-03-12 11:00:00,3.74,sell,4.0
2024-03-13 13:30:00,3.72,buy,2.0
2024-03-13 15:00:00,3.69,sell,4.0
2024-03-14 10:30:00,3.71,buy,2.0
2024-03-14 13:30:00,3.68,sell,4.0
2024-03-15 11:00:00,3.65,buy,2.0
2024-03-18 11:30:00,3.69,sell,4.0
2024-03-19 10:00:00,3.73,buy,2.0
2024-03-19 15:00:00,3.74,sell,4.0
2024-03-21 10:00:00,3.71,buy,2.0
2024-03-21 11:00:00,3.69,sell,4.0
2024-03-21 14:30:00,3.71,buy,2.0
2024-03-22 10:30:00,3.64,sell,4.0
2024-03-25 11:00:00,3.63,buy,2.0
2024-03-25 15:00:00,3.6,sell,4.0
2024-03-26 15:00:00,3.59,buy,2.0
2024-03-27 14:00:00,3.58,sell,4.0
2024-03-27 14:30:00,3.57,buy,2.0
2024-03-27 15:00:00,3.53,sell,4.0
2024-03-28 11:30:00,3.58,buy,2.0
2024-03-29 10:00:00,3.58,sell,4.0
2024-03-29 10:30:00,3.57,buy,2.0
2024-04-01 11:30:00,3.61,sell,4.0
2024-04-01 14:30:00,3.63,buy,2.0
2024-04-02 11:00:00,3.69,sell,4.0
2024-04-02 13:30:00,3.7,buy,2.0
2024-04-02 14:00:00,3.71,sell,4.0
2024-04-02 14:30:00,3.72,buy,2.0
2024-04-03 11:30:00,3.74,sell,4.0
2024-04-03 14:30:00,3.78,buy,2.0
2024-04-08 14:00:00,3.78,sell,4.0
2024-04-09 13:30:00,3.8,buy,2.0
2024-04-09 14:30:00,3.79,sell,4.0
2024-04-10 10:30:00,3.79,buy,2.0
2024-04-10 11:00:00,3.8,sell,4.0
2024-04-11 11:00:00,3.83,buy,2.0
2024-04-12 10:00:00,3.77,sell,4.0
2024-04-12 14:00:00,3.82,buy,2.0
2024-04-15 10:30:00,3.83,sell,4.0
2024-04-15 11:00:00,3.84,buy,2.0
2024-04-15 15:00:00,3.81,sell,4.0
2024-04-17 11:00:00,3.73,buy,2.0
2024-04-17 11:30:00,3.74,sell,4.0
2024-04-17 14:30:00,3.79,buy,2.0
2024-04-19 11:30:00,3.9,sell,4.0
2024-04-23 13:30:00,3.7,buy,2.0
2024-04-23 14:30:00,3.66,sell,4.0
2024-04-24 11:00:00,3.69,buy,2.0
2024-04-24 14:30:00,3.63,sell,4.0
2024-04-25 10:00:00,3.71,buy,2.0
2024-04-25 15:00:00,3.7,sell,4.0
2024-04-26 10:00:00,3.67,buy,2.0
2024-04-26 10:30:00,3.67,sell,4.0
2024-04-26 14:00:00,3.7,buy,2.0
2024-04-30 11:30:00,3.87,sell,4.0
2024-05-06 11:00:00,3.9,buy,2.0
2024-05-06 11:30:00,3.9,sell,4.0
2024-05-07 14:30:00,3.89,buy,2.0
2024-05-08 10:30:00,3.83,sell,4.0
2024-05-09 10:30:00,3.85,buy,2.0
2024-05-10 10:30:00,3.85,sell,4.0
2024-05-10 14:30:00,3.85,buy,2.0
2024-05-10 15:00:00,3.87,sell,4.0
2024-05-13 10:00:00,3.84,buy,2.0
2024-05-13 10:30:00,3.88,sell,4.0
2024-05-13 11:00:00,3.88,buy,2.0
2024-05-13 14:30:00,3.84,sell,4.0
2024-05-15 11:30:00,3.83,buy,2.0
2024-05-16 10:00:00,3.83,sell,4.0
2024-05-16 10:30:00,3.81,buy,2.0
2024-05-16 13:30:00,3.86,sell,4.0
2024-05-16 14:00:00,3.85,buy,2.0
2024-05-17 10:00:00,3.85,sell,4.0
2024-05-17 10:30:00,3.84,buy,2.0
2024-05-17 11:30:00,3.82,sell,4.0
2024-05-17 15:00:00,3.91,buy,2.0
2024-05-21 10:30:00,3.91,sell,4.0
2024-05-22 10:30:00,3.96,buy,2.0
2024-05-23 10:30:00,3.89,sell,4.0
2024-05-24 11:00:00,3.89,buy,2.0
2024-05-27 10:00:00,3.86,sell,4.0
2024-05-27 15:00:00,3.86,buy,2.0
2024-05-28 14:30:00,3.81,sell,4.0
2024-05-29 10:30:00,3.87,buy,2.0
2024-05-30 11:30:00,3.85,sell,4.0
2024-05-31 11:00:00,3.81,buy,2.0
2024-05-31 11:30:00,3.8,sell,4.0
2024-05-31 14:30:00,3.79,buy,2.0
2024-05-31 15:00:00,3.78,sell,4.0
2024-06-04 10:00:00,3.64,buy,2.0
2024-06-05 11:00:00,3.66,sell,4.0
2024-06-06 13:30:00,3.58,buy,2.0
2024-06-06 14:00:00,3.58,sell,4.0
2024-06-06 14:30:00,3.58,buy,2.0
2024-06-11 10:30:00,3.59,sell,4.0
2024-06-12 14:00:00,3.56,buy,2.0
2024-06-13 10:30:00,3.49,sell,4.0
2024-06-14 10:30:00,3.46,buy,2.0
2024-06-14 11:00:00,3.44,sell,4.0
2024-06-14 13:30:00,3.49,buy,2.0
2024-06-17 11:00:00,3.44,sell,4.0
2024-06-18 10:30:00,3.47,buy,2.0
2024-06-19 11:00:00,3.47,sell,4.0
2024-06-19 14:00:00,3.5,buy,2.0
2024-06-20 10:30:00,3.46,sell,4.0
2024-06-21 11:00:00,3.46,buy,2.0
2024-06-21 14:30:00,3.43,sell,4.0
2024-06-24 13:30:00,3.39,buy,2.0
2024-06-26 10:00:00,3.38,sell,4.0
2024-06-26 14:00:00,3.42,buy,2.0
2024-06-27 11:30:00,3.43,sell,4.0
2024-06-28 11:00:00,3.43,buy,2.0
2024-06-28 14:30:00,3.38,sell,4.0
2024-07-01 11:00:00,3.43,buy,2.0
2024-07-02 11:30:00,3.48,sell,4.0
2024-07-02 14:00:00,3.52,buy,2.0
2024-07-02 15:00:00,3.51,sell,4.0
2024-07-03 11:00:00,3.53,buy,2.0
2024-07-03 11:30:00,3.54,sell,4.0
2024-07-03 14:00:00,3.54,buy,2.0
2024-07-03 14:30:00,3.54,sell,4.0
2024-07-05 11:00:00,3.48,buy,2.0
2024-07-05 14:00:00,3.49,sell,4.0
2024-07-05 14:30:00,3.48,buy,2.0
2024-07-08 10:30:00,3.45,sell,4.0
2024-07-08 13:30:00,3.46,buy,2.0
2024-07-09 11:00:00,3.42,sell,4.0
2024-07-09 13:30:00,3.46,buy,2.0
2024-07-10 14:00:00,3.46,sell,4.0
2024-07-11 11:00:00,3.53,buy,2.0
2024-07-12 11:30:00,3.53,sell,4.0
2024-07-15 10:30:00,3.56,buy,2.0
2024-07-16 11:00:00,3.57,sell,4.0
2024-07-18 10:30:00,3.53,buy,2.0
2024-07-19 10:30:00,3.51,sell,4.0
2024-07-22 11:30:00,3.46,buy,2.0
2024-07-22 14:30:00,3.45,sell,4.0
2024-07-23 10:00:00,3.48,buy,2.0
2024-07-23 15:00:00,3.43,sell,4.0
2024-07-24 13:30:00,3.44,buy,2.0
2024-07-26 11:30:00,3.45,sell,4.0
2024-07-29 10:00:00,3.48,buy,2.0
2024-07-29 14:00:00,3.45,sell,4.0
2024-07-30 11:30:00,3.48,buy,2.0
2024-08-01 10:30:00,3.58,sell,4.0
2024-08-02 11:00:00,3.57,buy,2.0
2024-08-05 10:00:00,3.54,sell,4.0
2024-08-05 11:00:00,3.56,buy,2.0
2024-08-05 14:30:00,3.54,sell,4.0
2024-08-07 10:00:00,3.52,buy,2.0
2024-08-09 10:30:00,3.56,sell,4.0
2024-08-13 10:00:00,3.49,buy,2.0
2024-08-14 11:00:00,3.5,sell,4.0
2024-08-15 11:00:00,3.48,buy,2.0
2024-08-16 11:30:00,3.47,sell,4.0
2024-08-19 10:30:00,3.47,buy,2.0
2024-08-19 14:00:00,3.46,sell,4.0
2024-08-21 11:00:00,3.39,buy,2.0
2024-08-21 14:00:00,3.38,sell,4.0
2024-08-21 14:30:00,3.38,buy,2.0
2024-08-22 10:00:00,3.36,sell,4.0
2024-08-22 11:00:00,3.37,buy,2.0
2024-08-22 14:30:00,3.34,sell,4.0
2024-08-23 10:00:00,3.35,buy,2.0
2024-08-23 11:00:00,3.34,sell,4.0
2024-08-23 13:30:00,3.35,buy,2.0
2024-08-26 14:00:00,3.37,sell,4.0
2024-08-28 10:30:00,3.34,buy,2.0
2024-08-29 10:30:00,3.33,sell,4.0
2024-08-29 14:00:00,3.36,buy,2.0
2024-08-30 15:00:00,3.29,sell,4.0
2024-09-03 10:30:00,3.27,buy,2.0
2024-09-03 14:30:00,3.25,sell,4.0
2024-09-05 11:00:00,3.17,buy,2.0
2024-09-05 11:30:00,3.17,sell,4.0
2024-09-05 14:00:00,3.17,buy,2.0
2024-09-09 10:30:00,3.15,sell,4.0
2024-09-10 14:00:00,3.09,buy,2.0
2024-09-11 10:30:00,3.07,sell,4.0
2024-09-12 13:30:00,2.99,buy,2.0
2024-09-13 13:30:00,2.97,sell,4.0
2024-09-18 14:30:00,2.92,buy,2.0
2024-09-20 10:30:00,3.01,sell,4.0
2024-09-23 10:30:00,3.02,buy,1.0
2024-09-25 11:00:00,3.39,sell,3.0
2024-09-26 10:30:00,3.44,buy,2.0
2024-09-27 11:00:00,3.52,sell,4.0
2024-09-30 10:30:00,3.83,buy,1.0
2024-10-08 10:30:00,4.08,sell,3.0
2024-10-09 14:30:00,3.84,buy,2.0
2024-10-10 10:00:00,3.74,sell,4.0
2024-10-10 11:00:00,3.79,buy,2.0
2024-10-11 11:00:00,3.77,sell,4.0
2024-10-14 10:30:00,3.72,buy,2.0
2024-10-15 11:00:00,3.74,sell,4.0
2024-10-16 10:30:00,3.74,buy,2.0
2024-10-17 11:00:00,3.73,sell,4.0
2024-10-18 11:30:00,3.66,buy,2.0
2024-10-21 11:30:00,3.71,sell,4.0
2024-10-22 10:30:00,3.7,buy,2.0
2024-10-22 11:30:00,3.71,sell,4.0
2024-10-22 14:00:00,3.76,buy,2.0
2024-10-23 15:00:00,3.81,sell,4.0
2024-10-25 10:30:00,3.8,buy,2.0
2024-10-29 10:30:00,3.93,sell,4.0
2024-10-30 11:00:00,3.87,buy,2.0
2024-10-31 10:30:00,3.79,sell,4.0
2024-10-31 11:00:00,3.81,buy,2.0
2024-11-01 10:00:00,3.83,sell,4.0
2024-11-01 10:30:00,3.82,buy,2.0
2024-11-01 14:30:00,3.79,sell,4.0
2024-11-05 10:00:00,3.82,buy,2.0
2024-11-06 13:30:00,3.85,sell,4.0
2024-11-07 11:00:00,3.9,buy,2.0
2024-11-08 10:30:00,3.94,sell,4.0
2024-11-11 14:00:00,3.8,buy,2.0
2024-11-12 14:30:00,3.79,sell,4.0
2024-11-13 14:30:00,3.79,buy,2.0
2024-11-14 11:00:00,3.75,sell,4.0
2024-11-15 13:30:00,3.65,buy,2.0
2024-11-18 10:00:00,3.78,sell,4.0
2024-11-18 10:30:00,3.83,buy,2.0
2024-11-19 10:00:00,3.76,sell,4.0
2024-11-20 10:00:00,3.69,buy,2.0
2024-11-21 10:30:00,3.71,sell,4.0
2024-11-25 11:00:00,3.61,buy,2.0
2024-11-25 14:00:00,3.58,sell,4.0
2024-11-25 15:00:00,3.59,buy,2.0
2024-11-26 14:30:00,3.56,sell,4.0
2024-11-27 11:30:00,3.54,buy,2.0
2024-11-28 13:30:00,3.62,sell,4.0
2024-11-28 14:00:00,3.62,buy,2.0
2024-11-29 10:00:00,3.6,sell,4.0
2024-11-29 14:00:00,3.62,buy,2.0
2024-11-29 15:00:00,3.62,sell,4.0
2024-12-02 10:00:00,3.65,buy,2.0
2024-12-02 15:00:00,3.71,sell,4.0
2024-12-03 14:30:00,3.72,buy,2.0
2024-12-04 11:30:00,3.71,sell,4.0
2024-12-04 14:30:00,3.71,buy,2.0
2024-12-04 15:00:00,3.72,sell,4.0
2024-12-05 11:00:00,3.74,buy,2.0
2024-12-09 10:30:00,3.9,sell,4.0
2024-12-10 10:30:00,3.94,buy,2.0
2024-12-10 11:30:00,3.93,sell,4.0
2024-12-11 10:30:00,3.98,buy,2.0
2024-12-12 11:00:00,3.92,sell,4.0
2024-12-12 15:00:00,3.96,buy,2.0
2024-12-13 10:30:00,3.89,sell,4.0
2024-12-16 13:30:00,3.81,buy,2.0
2024-12-17 11:00:00,3.76,sell,4.0
2024-12-17 14:30:00,3.77,buy,2.0
2024-12-18 15:00:00,3.78,sell,4.0
2024-12-20 10:00:00,3.7,buy,2.0
2024-12-20 11:30:00,3.67,sell,4.0
2024-12-23 10:00:00,3.64,buy,2.0
2024-12-23 10:30:00,3.63,sell,4.0
2024-12-23 11:30:00,3.63,buy,2.0
2024-12-24 10:00:00,3.6,sell,4.0
2024-12-24 11:00:00,3.6,buy,2.0
2024-12-25 11:00:00,3.6,sell,4.0
2024-12-25 15:00:00,3.6,buy,2.0
2024-12-26 10:00:00,3.56,sell,4.0
2024-12-26 11:00:00,3.58,buy,2.0
2024-12-26 14:00:00,3.55,sell,4.0
2024-12-27 10:30:00,3.6,buy,2.0
2024-12-30 10:30:00,3.56,sell,4.0
2024-12-31 10:00:00,3.55,buy,2.0
2024-12-31 10:30:00,3.54,sell,4.0
2025-01-02 11:30:00,3.45,buy,2.0
2025-01-02 13:30:00,3.41,sell,4.0
2025-01-02 15:00:00,3.38,buy,2.0
2025-01-03 14:00:00,3.34,sell,4.0
2025-01-03 15:00:00,3.32,buy,2.0
2025-01-06 10:00:00,3.31,sell,4.0
2025-01-06 11:00:00,3.34,buy,2.0
2025-01-07 11:30:00,3.32,sell,4.0
2025-01-07 15:00:00,3.37,buy,2.0
2025-01-08 10:30:00,3.3,sell,4.0
