time,price,signal,label
1987-01-05,46.75,buy,1.0
1987-01-22,51.75,sell,3.0
1987-02-02,53.0,buy,2.0
1987-02-10,51.5,sell,4.0
1987-02-27,49.5,buy,1.0
1987-03-20,57.75,sell,3.0
1987-03-23,58.75,buy,2.0
1987-03-26,58.0,sell,4.0
1987-04-03,60.25,buy,2.0
1987-04-10,59.25,sell,4.0
1987-04-22,57.63,buy,2.0
1987-04-24,55.63,sell,4.0
1987-04-30,58.0,buy,2.0
1987-05-13,58.88,sell,4.0
1987-05-27,57.38,buy,2.0
1987-06-08,58.0,sell,4.0
1987-06-17,59.63,buy,2.0
1987-07-09,62.5,sell,4.0
1987-07-17,64.12,buy,2.0
1987-07-21,61.0,sell,4.0
1987-08-03,62.0,buy,2.0
1987-08-06,60.0,sell,4.0
1987-08-19,58.63,buy,2.0
1987-09-01,57.13,sell,4.0
1987-09-23,53.5,buy,2.0
1987-10-07,52.63,sell,4.0
1987-10-21,45.0,buy,2.0
1987-11-09,38.75,sell,4.0
1987-11-18,40.13,buy,2.0
1987-11-20,38.75,sell,4.0
1987-11-24,39.63,buy,2.0
1987-11-27,38.5,sell,4.0
1987-12-08,39.0,buy,2.0
1987-12-18,38.63,sell,4.0
1987-12-21,38.25,buy,2.0
1987-12-30,39.88,sell,4.0
1987-12-31,39.63,buy,2.0
1988-01-11,40.63,sell,4.0
1988-01-20,40.63,buy,2.0
1988-01-21,41.13,sell,4.0
1988-01-22,41.88,buy,1.0
1988-02-05,44.13,sell,3.0
1988-02-11,45.0,buy,2.0
1988-02-19,45.75,sell,4.0
1988-03-03,44.25,buy,1.0
1988-03-22,46.75,sell,3.0
1988-04-04,45.38,buy,1.0
1988-04-15,48.13,sell,3.0
1988-04-27,49.25,buy,2.0
1988-05-04,47.5,sell,4.0
1988-05-11,47.5,buy,2.0
1988-05-12,47.63,sell,4.0
1988-05-17,48.5,buy,2.0
1988-05-19,48.0,sell,4.0
1988-05-25,48.0,buy,1.0
1988-06-14,50.88,sell,3.0
1988-07-06,47.13,buy,2.0
1988-07-25,46.5,sell,4.0
1988-08-01,48.0,buy,2.0
1988-08-08,47.0,sell,4.0
1988-08-25,44.13,buy,2.0
1988-09-09,43.25,sell,4.0
1988-09-15,45.13,buy,2.0
1988-09-23,43.63,sell,4.0
1988-10-06,43.88,buy,1.0
1988-10-21,47.0,sell,3.0
1988-11-18,43.88,buy,2.0
1988-12-06,45.25,sell,4.0
1988-12-08,45.88,buy,2.0
1988-12-22,47.0,sell,4.0
1988-12-27,46.75,buy,2.0
1988-12-28,46.38,sell,4.0
1989-01-06,47.25,buy,2.0
1989-01-24,48.5,sell,4.0
1989-01-30,49.88,buy,2.0
1989-02-02,48.5,sell,4.0
1989-02-08,49.38,buy,2.0
1989-02-09,48.63,sell,4.0
1989-02-21,49.63,buy,2.0
1989-02-27,48.38,sell,4.0
1989-03-03,50.5,buy,2.0
1989-03-21,52.88,sell,4.0
1989-04-04,52.75,buy,2.0
1989-04-13,52.5,sell,4.0
1989-04-19,55.38,buy,2.0
1989-04-26,53.63,sell,4.0
1989-05-15,52.75,buy,2.0
1989-05-31,55.25,sell,4.0
1989-06-26,52.88,buy,1.0
1989-07-14,56.5,sell,3.0
1989-07-17,56.13,buy,2.0
1989-07-18,55.88,sell,4.0
1989-08-04,54.63,buy,2.0
1989-08-14,54.75,sell,4.0
1989-08-25,55.63,buy,1.0
1989-09-12,59.25,sell,3.0
1989-09-13,58.88,buy,2.0
1989-09-14,57.75,sell,4.0
1989-10-02,60.13,buy,1.0
1989-10-16,63.88,sell,3.0
1989-10-20,66.87,buy,2.0
1989-11-07,64.62,sell,4.0
1989-11-17,63.88,buy,2.0
1989-12-08,66.87,sell,4.0
1989-12-22,67.75,buy,2.0
1989-12-27,67.37,sell,4.0
1990-01-02,69.12,buy,2.0
1990-01-08,66.75,sell,4.0
1990-01-17,65.5,buy,2.0
1990-01-26,64.37,sell,4.0
1990-02-01,66.62,buy,2.0
1990-02-13,68.37,sell,4.0
1990-02-20,69.25,buy,2.0
1990-02-22,68.0,sell,4.0
1990-03-05,67.62,buy,2.0
1990-03-06,68.5,sell,4.0
1990-03-07,68.75,buy,2.0
1990-03-14,69.0,sell,4.0
1990-03-15,68.5,buy,2.0
1990-03-20,68.0,sell,4.0
1990-03-30,67.5,buy,2.0
1990-04-12,66.75,sell,4.0
1990-04-26,65.37,buy,1.0
1990-05-17,70.25,sell,3.0
1990-05-31,70.0,buy,2.0
1990-06-08,69.5,sell,4.0
1990-06-12,71.12,buy,2.0
1990-06-19,71.62,sell,4.0
1990-06-20,70.87,buy,2.0
1990-06-21,70.37,sell,4.0
1990-07-02,70.5,buy,2.0
1990-07-11,71.0,sell,4.0
1990-07-12,73.87,buy,2.0
1990-07-26,77.0,sell,4.0
1990-07-31,79.37,buy,2.0
1990-08-02,80.37,sell,4.0
1990-08-03,78.75,buy,2.0
1990-08-06,79.37,sell,4.0
1990-08-20,80.0,buy,2.0
1990-08-24,74.25,sell,4.0
1990-09-05,77.62,buy,2.0
1990-09-12,77.12,sell,4.0
1990-09-18,77.62,buy,2.0
1990-09-27,74.37,sell,4.0
1990-10-22,70.25,buy,2.0
1990-10-26,67.0,sell,4.0
1990-10-31,68.12,buy,2.0
1990-11-08,67.5,sell,4.0
1990-11-13,69.25,buy,2.0
1990-11-16,68.87,sell,4.0
1990-11-19,68.87,buy,2.0
1990-11-26,69.37,sell,4.0
1990-11-27,69.25,buy,2.0
1990-12-07,69.25,sell,4.0
1990-12-20,72.0,buy,2.0
1991-01-04,71.0,sell,4.0
1991-01-16,73.0,buy,2.0
1991-01-23,74.0,sell,4.0
1991-01-24,73.87,buy,2.0
1991-01-30,70.5,sell,4.0
1991-02-07,73.87,buy,2.0
1991-02-19,72.37,sell,4.0
1991-02-28,75.25,buy,2.0
1991-03-12,75.75,sell,4.0
1991-03-14,75.37,buy,2.0
1991-03-15,76.5,sell,4.0
1991-03-20,78.0,buy,2.0
1991-03-28,77.0,sell,4.0
1991-04-12,77.75,buy,2.0
1991-04-23,78.25,sell,4.0
1991-04-25,77.87,buy,2.0
1991-04-26,77.12,sell,4.0
1991-05-02,77.87,buy,2.0
1991-05-13,75.25,sell,4.0
1991-05-22,73.5,buy,2.0
1991-05-23,73.37,sell,4.0
1991-05-28,73.25,buy,2.0
1991-06-11,72.5,sell,4.0
1991-06-24,70.37,buy,2.0
1991-07-05,68.87,sell,4.0
1991-07-16,71.75,buy,2.0
1991-07-24,72.12,sell,4.0
1991-08-06,71.62,buy,2.0
1991-08-09,70.0,sell,4.0
1991-08-20,70.0,buy,2.0
1991-09-05,72.12,sell,4.0
1991-09-06,72.12,buy,2.0
1991-09-10,71.12,sell,4.0
1991-09-17,71.62,buy,2.0
1991-09-18,71.5,sell,4.0
1991-09-20,71.87,buy,2.0
1991-10-08,74.75,sell,4.0
1991-10-14,77.25,buy,2.0
1991-10-17,76.62,sell,4.0
1991-10-31,74.75,buy,2.0
1991-11-04,75.25,sell,4.0
1991-11-05,73.37,buy,2.0
1991-11-06,73.75,sell,4.0
1991-11-20,68.87,buy,2.0
1991-11-21,69.5,sell,4.0
1991-11-22,67.5,buy,2.0
1991-11-25,67.75,sell,4.0
1991-11-26,67.75,buy,2.0
1991-11-29,66.75,sell,4.0
1991-12-03,68.0,buy,2.0
1991-12-09,64.75,sell,4.0
1991-12-13,67.0,buy,2.0
1992-01-07,67.12,sell,4.0
1992-01-15,68.37,buy,2.0
1992-01-24,66.25,sell,4.0
1992-02-07,64.62,buy,2.0
1992-02-18,61.63,sell,4.0
1992-02-28,61.63,buy,2.0
1992-03-19,63.38,sell,4.0
1992-03-23,64.0,buy,2.0
1992-03-25,63.5,sell,4.0
1992-04-06,67.25,buy,2.0
1992-04-08,64.87,sell,4.0
1992-04-16,67.12,buy,2.0
1992-04-23,66.87,sell,4.0
1992-04-24,67.62,buy,2.0
1992-05-06,68.12,sell,4.0
1992-05-19,68.12,buy,1.0
1992-06-11,73.37,sell,3.0
1992-06-12,72.0,buy,2.0
1992-06-15,71.62,sell,4.0
1992-06-30,67.0,buy,2.0
1992-07-01,66.5,sell,4.0
1992-07-06,67.37,buy,2.0
1992-07-21,68.0,sell,4.0
1992-07-29,69.75,buy,2.0
1992-08-07,70.25,sell,4.0
1992-08-12,72.25,buy,2.0
1992-08-18,73.0,sell,4.0
1992-08-19,73.12,buy,2.0
1992-08-24,72.12,sell,4.0
1992-09-01,73.75,buy,2.0
1992-09-09,72.5,sell,4.0
1992-09-17,74.87,buy,2.0
1992-09-28,75.37,sell,4.0
1992-09-29,74.37,buy,2.0
1992-09-30,74.12,sell,4.0
1992-10-09,72.62,buy,2.0
1992-10-12,73.75,sell,4.0
1992-10-13,73.5,buy,2.0
1992-10-21,72.75,sell,4.0
1992-10-26,73.12,buy,2.0
1992-11-02,70.87,sell,4.0
1992-11-12,68.25,buy,2.0
1992-11-25,69.12,sell,4.0
1992-12-08,69.25,buy,2.0
1992-12-23,68.75,sell,4.0
1993-01-04,69.75,buy,2.0
1993-01-06,69.87,sell,4.0
1993-01-07,68.62,buy,2.0
1993-01-08,68.25,sell,4.0
1993-01-13,69.87,buy,2.0
1993-01-19,68.5,sell,4.0
1993-01-26,70.75,buy,1.0
1993-02-10,76.12,sell,3.0
1993-02-11,76.75,buy,2.0
1993-02-16,75.25,sell,4.0
1993-02-22,79.12,buy,2.0
1993-02-25,76.75,sell,4.0
1993-03-03,78.0,buy,2.0
1993-03-05,77.37,sell,4.0
1993-03-16,77.75,buy,1.0
1993-03-29,81.75,sell,3.0
1993-03-30,82.62,buy,2.0
1993-04-02,81.0,sell,4.0
1993-04-07,84.75,buy,2.0
1993-04-16,84.37,sell,4.0
1993-04-29,85.37,buy,2.0
1993-05-11,86.37,sell,4.0
1993-05-13,87.0,buy,2.0
1993-05-14,85.87,sell,4.0
1993-05-28,88.12,buy,2.0
1993-06-14,88.37,sell,4.0
1993-06-29,87.37,buy,2.0
1993-07-06,84.12,sell,4.0
1993-07-12,85.0,buy,2.0
1993-07-14,84.5,sell,4.0
1993-07-20,84.5,buy,2.0
1993-08-04,85.75,sell,4.0
1993-08-13,87.12,buy,1.0
1993-08-30,92.12,sell,3.0
1993-09-01,93.87,buy,2.0
1993-09-08,89.87,sell,4.0
1993-09-16,91.75,buy,2.0
1993-09-24,91.12,sell,4.0
1993-09-28,94.5,buy,2.0
1993-10-06,96.5,sell,4.0
1993-10-18,96.37,buy,2.0
1993-10-25,96.25,sell,4.0
1993-10-26,96.25,buy,2.0
1993-11-03,94.75,sell,4.0
1993-11-18,89.0,buy,2.0
1993-11-29,85.62,sell,4.0
1993-12-01,87.0,buy,2.0
1993-12-15,84.37,sell,4.0
1993-12-21,86.12,buy,2.0
1994-01-03,88.0,sell,4.0
1994-01-05,90.75,buy,2.0
1994-01-12,89.87,sell,4.0
1994-01-24,92.62,buy,2.0
1994-02-07,92.5,sell,4.0
1994-03-01,85.12,buy,2.0
1994-03-02,87.25,sell,4.0
1994-03-03,88.75,buy,2.0
1994-03-23,91.0,sell,4.0
1994-04-08,84.87,buy,2.0
1994-04-28,88.62,sell,4.0
1994-05-10,89.12,buy,2.0
1994-05-19,87.75,sell,4.0
1994-05-23,86.87,buy,2.0
1994-05-24,87.25,sell,4.0
1994-05-27,86.5,buy,2.0
1994-05-31,87.0,sell,4.0
1994-06-02,88.5,buy,2.0
1994-06-08,88.0,sell,4.0
1994-06-10,90.75,buy,2.0
1994-06-14,44.63,sell,4.0
1994-06-24,41.63,buy,2.0
1994-06-27,42.38,sell,4.0
1994-06-28,42.13,buy,2.0
1994-07-22,44.13,sell,4.0
1994-08-01,44.13,buy,2.0
1994-08-05,43.13,sell,4.0
1994-08-17,42.5,buy,2.0
1994-08-30,43.13,sell,4.0
1994-08-31,42.38,buy,2.0
1994-09-01,43.0,sell,4.0
1994-09-02,43.0,buy,2.0
1994-09-15,43.25,sell,4.0
1994-09-27,41.5,buy,2.0
1994-10-07,42.25,sell,4.0
1994-10-10,42.0,buy,2.0
1994-10-25,43.25,sell,4.0
1994-10-28,45.5,buy,2.0
1994-10-31,45.0,sell,4.0
1994-11-17,42.75,buy,2.0
1994-12-02,42.5,sell,4.0
1994-12-13,43.63,buy,2.0
1994-12-28,44.5,sell,4.0
1995-01-17,44.75,buy,2.0
1995-01-30,45.38,sell,4.0
1995-02-07,46.38,buy,2.0
1995-02-24,47.0,sell,4.0
1995-03-01,47.25,buy,2.0
1995-03-02,47.38,sell,4.0
1995-03-09,47.5,buy,2.0
1995-03-15,47.0,sell,4.0
1995-03-20,47.88,buy,2.0
1995-03-29,47.5,sell,4.0
1995-04-19,45.5,buy,1.0
1995-05-10,49.25,sell,3.0
1995-05-18,47.75,buy,2.0
1995-05-19,47.63,sell,4.0
1995-05-24,48.63,buy,2.0
1995-05-30,48.38,sell,4.0
1995-05-31,49.13,buy,2.0
1995-06-07,48.0,sell,4.0
1995-06-15,49.25,buy,2.0
1995-06-21,46.75,sell,4.0
1995-06-29,47.0,buy,2.0
1995-07-03,47.75,sell,4.0
1995-07-05,47.5,buy,2.0
1995-07-21,47.0,sell,4.0
1995-07-27,49.0,buy,2.0
1995-08-09,49.25,sell,4.0
1995-08-25,47.88,buy,2.0
1995-09-11,49.13,sell,4.0
1995-09-13,49.5,buy,2.0
1995-09-14,49.63,sell,4.0
1995-09-18,49.75,buy,2.0
1995-09-19,49.88,sell,4.0
1995-09-21,49.88,buy,2.0
1995-09-22,49.5,sell,4.0
1995-10-05,49.38,buy,2.0
1995-10-13,49.0,sell,4.0
1995-10-26,46.88,buy,2.0
1995-10-27,46.38,sell,4.0
1995-11-01,47.63,buy,2.0
1995-11-13,48.13,sell,4.0
1995-11-14,48.38,buy,2.0
1995-11-24,49.25,sell,4.0
1995-12-06,50.75,buy,2.0
1995-12-15,52.25,sell,4.0
1995-12-27,52.5,buy,2.0
1996-01-11,53.13,sell,4.0
1996-01-23,51.75,buy,2.0
1996-01-24,51.75,sell,4.0
1996-01-29,52.63,buy,2.0
1996-01-31,51.88,sell,4.0
1996-02-02,52.75,buy,2.0
1996-02-08,53.0,sell,4.0
1996-02-09,54.75,buy,2.0
1996-02-26,56.25,sell,4.0
1996-03-08,53.63,buy,2.0
1996-03-11,54.63,sell,4.0
1996-03-13,55.0,buy,2.0
1996-03-25,55.88,sell,4.0
1996-03-27,57.13,buy,2.0
1996-04-01,56.25,sell,4.0
1996-04-04,57.5,buy,2.0
1996-04-09,56.38,sell,4.0
1996-04-17,56.0,buy,2.0
1996-04-19,55.75,sell,4.0
1996-04-24,58.13,buy,2.0
1996-05-03,56.63,sell,4.0
1996-05-10,57.13,buy,1.0
1996-05-28,60.63,sell,3.0
1996-06-12,59.5,buy,2.0
1996-06-27,59.38,sell,4.0
1996-07-05,58.88,buy,2.0
1996-07-08,58.88,sell,4.0
1996-07-11,60.38,buy,2.0
1996-07-16,58.13,sell,4.0
1996-07-26,57.75,buy,2.0
1996-07-30,57.13,sell,4.0
1996-08-01,58.13,buy,2.0
1996-08-12,58.38,sell,4.0
1996-08-19,60.0,buy,2.0
1996-08-30,58.88,sell,4.0
1996-09-06,60.25,buy,2.0
1996-09-19,61.88,sell,4.0
1996-10-02,64.37,buy,2.0
1996-10-11,65.62,sell,4.0
1996-10-15,65.87,buy,2.0
1996-10-16,66.75,sell,4.0
1996-10-21,67.25,buy,2.0
1996-10-22,67.75,sell,4.0
1996-10-23,67.37,buy,2.0
1996-10-24,66.5,sell,4.0
1996-11-08,66.25,buy,2.0
1996-11-29,67.0,sell,4.0
1996-12-17,63.25,buy,2.0
1997-01-02,65.87,sell,4.0
1997-01-07,67.75,buy,2.0
1997-01-15,68.5,sell,4.0
1997-01-31,66.37,buy,2.0
1997-02-07,65.75,sell,4.0
1997-02-12,69.12,buy,2.0
1997-02-20,65.62,sell,4.0
1997-03-07,66.12,buy,1.0
1997-03-31,69.62,sell,3.0
1997-04-16,65.0,buy,2.0
1997-04-29,67.87,sell,4.0
1997-04-30,68.5,buy,2.0
1997-05-08,70.62,sell,4.0
1997-05-09,71.37,buy,2.0
1997-05-15,70.87,sell,4.0
1997-05-30,70.0,buy,1.0
1997-06-19,74.37,sell,3.0
1997-07-02,75.37,buy,2.0
1997-07-10,74.62,sell,4.0
1997-07-14,75.81,buy,2.0
1997-07-21,74.87,sell,4.0
1997-07-28,78.31,buy,2.0
1997-08-04,79.5,sell,4.0
1997-08-05,79.87,buy,2.0
1997-08-08,77.69,sell,4.0
1997-08-21,78.75,buy,2.0
1997-09-02,80.37,sell,4.0
1997-09-03,80.19,buy,2.0
1997-09-08,80.69,sell,4.0
1997-09-09,81.62,buy,2.0
1997-09-12,82.37,sell,4.0
1997-09-15,82.56,buy,2.0
1997-09-23,85.44,sell,4.0
1997-10-06,87.81,buy,2.0
1997-10-13,85.5,sell,4.0
1997-10-22,86.44,buy,2.0
1997-10-24,83.5,sell,4.0
1997-11-03,86.75,buy,2.0
1997-11-13,82.0,sell,4.0
1997-11-21,84.5,buy,2.0
1997-11-26,79.81,sell,4.0
1997-12-09,78.5,buy,2.0
1997-12-15,76.19,sell,4.0
1997-12-22,75.19,buy,2.0
1998-01-06,73.75,sell,4.0
1998-01-14,75.5,buy,2.0
1998-01-26,75.56,sell,4.0
1998-02-05,77.12,buy,2.0
1998-02-11,76.31,sell,4.0
1998-02-13,77.87,buy,2.0
1998-02-24,78.81,sell,4.0
1998-02-25,79.5,buy,2.0
1998-03-02,82.56,sell,4.0
1998-03-03,83.75,buy,2.0
1998-03-10,83.56,sell,4.0
1998-03-20,86.87,buy,2.0
1998-03-25,83.81,sell,4.0
1998-04-16,83.75,buy,2.0
1998-04-28,82.31,sell,4.0
1998-05-04,86.19,buy,2.0
1998-05-08,84.87,sell,4.0
1998-05-29,79.87,buy,2.0
1998-06-11,78.06,sell,4.0
1998-06-15,79.44,buy,2.0
1998-06-16,81.25,sell,4.0
1998-06-17,83.69,buy,2.0
1998-06-30,83.75,sell,4.0
1998-07-02,85.12,buy,2.0
1998-07-07,82.5,sell,4.0
1998-07-16,83.12,buy,2.0
1998-08-03,81.12,sell,4.0
1998-08-13,79.81,buy,2.0
1998-08-25,78.19,sell,4.0
1998-09-04,77.87,buy,2.0
1998-09-22,81.06,sell,4.0
1998-09-24,82.19,buy,2.0
1998-09-25,83.37,sell,4.0
1998-09-29,88.0,buy,2.0
1998-10-01,84.0,sell,4.0
1998-10-06,87.75,buy,2.0
1998-10-09,85.69,sell,4.0
1998-10-19,86.31,buy,2.0
1998-10-23,80.94,sell,4.0
1998-11-03,80.75,buy,2.0
1998-11-12,83.0,sell,4.0
1998-11-13,83.0,buy,2.0
1998-11-19,80.25,sell,4.0
1998-11-30,83.62,buy,2.0
1998-12-03,80.0,sell,4.0
1998-12-08,82.44,buy,2.0
1998-12-16,84.12,sell,4.0
1998-12-24,84.69,buy,2.0
1999-01-04,82.06,sell,4.0
1999-01-08,83.94,buy,2.0
1999-01-13,81.31,sell,4.0
1999-01-27,76.5,buy,2.0
1999-01-28,75.75,sell,4.0
1999-02-03,76.0,buy,2.0
1999-02-18,78.0,sell,4.0
1999-02-25,78.5,buy,2.0
1999-03-01,76.06,sell,4.0
1999-03-04,79.31,buy,1.0
1999-03-24,85.5,sell,3.0
1999-03-31,88.75,buy,2.0
1999-04-05,90.62,sell,4.0
1999-04-06,89.56,buy,1.0
1999-04-15,95.75,sell,3.0
1999-04-19,101.94,buy,2.0
1999-04-21,96.37,sell,4.0
1999-04-29,103.56,buy,2.0
1999-05-06,97.81,sell,4.0
1999-05-21,93.44,buy,2.0
1999-05-25,91.0,sell,4.0
1999-05-27,93.0,buy,2.0
1999-06-02,92.0,sell,4.0
1999-06-03,91.56,buy,2.0
1999-06-18,93.19,sell,4.0
1999-06-30,95.06,buy,2.0
1999-07-14,96.31,sell,4.0
1999-08-04,93.56,buy,2.0
1999-08-18,94.44,sell,4.0
1999-08-25,95.06,buy,2.0
1999-08-26,92.69,sell,4.0
1999-09-07,93.19,buy,2.0
1999-09-15,92.31,sell,4.0
1999-09-28,87.62,buy,2.0
1999-10-05,84.56,sell,4.0
1999-10-07,85.81,buy,2.0
1999-10-26,88.0,sell,4.0
1999-11-10,91.56,buy,2.0
1999-11-22,91.12,sell,4.0
1999-12-02,90.94,buy,2.0
1999-12-14,87.81,sell,4.0
1999-12-29,86.0,buy,2.0
2000-01-05,85.12,sell,4.0
2000-01-06,88.75,buy,2.0
2000-01-18,89.31,sell,4.0
2000-01-19,87.94,buy,2.0
2000-01-20,87.5,sell,4.0
2000-01-25,88.56,buy,2.0
2000-01-27,84.31,sell,4.0
2000-02-14,73.81,buy,2.0
2000-02-24,71.44,sell,4.0
2000-02-29,74.69,buy,1.0
2000-03-14,82.87,sell,3.0
2000-03-15,83.94,buy,2.0
2000-03-21,86.0,sell,4.0
2000-03-22,84.0,buy,2.0
2000-03-23,84.62,sell,4.0
2000-03-27,84.56,buy,2.0
2000-03-28,84.87,sell,4.0
2000-03-30,92.19,buy,2.0
2000-04-05,87.5,sell,4.0
2000-04-24,85.25,buy,1.0
2000-05-18,90.87,sell,3.0
2000-05-23,93.25,buy,2.0
2000-05-24,94.25,sell,4.0
2000-05-25,93.19,buy,2.0
2000-05-26,91.37,sell,4.0
2000-06-07,92.37,buy,2.0
2000-06-19,91.37,sell,4.0
2000-07-07,83.95,buy,2.0
2000-07-18,81.44,sell,4.0
2000-07-28,80.58,buy,1.0
2000-08-23,88.87,sell,3.0
2000-08-24,86.19,buy,2.0
2000-08-25,86.87,sell,4.0
2000-09-07,88.31,buy,2.0
2000-09-20,87.0,sell,4.0
2000-10-02,86.69,buy,2.0
2000-10-16,82.0,sell,4.0
2000-10-27,80.31,buy,2.0
2000-10-30,81.62,sell,4.0
2000-10-31,82.12,buy,2.0
2000-11-03,81.06,sell,4.0
2000-11-07,82.06,buy,2.0
2000-11-20,83.69,sell,4.0
2000-11-22,84.81,buy,2.0
2000-11-27,84.87,sell,4.0
2000-11-28,85.81,buy,2.0
2000-11-30,81.87,sell,4.0
2000-12-13,82.25,buy,2.0
2000-12-15,78.25,sell,4.0
2000-12-19,81.06,buy,2.0
2000-12-21,78.37,sell,4.0
2000-12-26,82.81,buy,2.0
2001-01-05,81.5,sell,4.0
2001-01-23,79.56,buy,1.0
2001-02-08,84.26,sell,3.0
2001-02-12,86.53,buy,2.0
2001-02-16,86.55,sell,4.0
2001-03-02,88.45,buy,2.0
2001-03-14,89.53,sell,4.0
2001-04-02,86.87,buy,2.0
2001-04-04,87.7,sell,4.0
2001-04-05,89.68,buy,1.0
2001-04-23,94.71,sell,3.0
2001-04-24,94.3,buy,2.0
2001-05-01,96.45,sell,4.0
2001-05-10,95.21,buy,2.0
2001-05-23,94.18,sell,4.0
2001-06-01,96.38,buy,2.0
2001-06-11,97.5,sell,4.0
2001-06-12,97.59,buy,2.0
2001-06-15,96.69,sell,4.0
2001-06-26,94.7,buy,2.0
2001-06-28,88.74,sell,4.0
2001-07-05,91.32,buy,2.0
2001-07-11,87.67,sell,4.0
2001-07-16,87.65,buy,2.0
2001-07-17,86.85,sell,4.0
2001-07-20,88.95,buy,2.0
2001-07-25,89.17,sell,4.0
2001-07-26,90.05,buy,2.0
2001-08-07,91.13,sell,4.0
2001-08-14,92.24,buy,2.0
2001-08-21,90.46,sell,4.0
2001-08-27,92.1,buy,2.0
2001-08-28,91.12,sell,4.0
2001-09-07,92.4,buy,2.0
2001-09-18,87.76,sell,4.0
2001-09-28,84.75,buy,2.0
2001-10-11,46.64,sell,4.0
2001-10-23,43.3,buy,2.0
2001-11-06,43.4,sell,4.0
2001-11-12,44.62,buy,2.0
2001-11-15,41.9,sell,4.0
2001-11-23,43.29,buy,2.0
2001-12-11,42.55,sell,4.0
2001-12-19,43.75,buy,2.0
2002-01-03,44.75,sell,4.0
2002-01-24,44.05,buy,2.0
2002-01-30,41.55,sell,4.0
2002-02-04,41.96,buy,2.0
2002-02-05,41.18,sell,4.0
2002-02-12,41.2,buy,1.0
2002-03-11,44.55,sell,3.0
2002-03-13,44.71,buy,2.0
2002-03-18,45.18,sell,4.0
2002-03-19,45.35,buy,2.0
2002-03-20,44.9,sell,4.0
2002-04-01,44.85,buy,2.0
2002-04-02,45.43,sell,4.0
2002-04-03,45.0,buy,2.0
2002-04-05,43.57,sell,4.0
2002-04-17,43.48,buy,2.0
2002-04-25,42.95,sell,4.0
2002-05-01,44.0,buy,2.0
2002-05-08,44.52,sell,4.0
2002-05-09,44.14,buy,2.0
2002-05-13,45.05,sell,4.0
2002-05-14,44.95,buy,2.0
2002-05-16,44.5,sell,4.0
2002-05-24,44.55,buy,2.0
2002-05-29,43.95,sell,4.0
2002-06-10,43.18,buy,2.0
2002-06-12,43.38,sell,4.0
2002-06-13,43.45,buy,2.0
2002-06-26,43.12,sell,4.0
2002-06-28,44.25,buy,2.0
2002-07-05,43.95,sell,4.0
2002-07-08,44.04,buy,2.0
2002-07-10,42.44,sell,4.0
2002-07-26,35.4,buy,2.0
2002-08-06,35.28,sell,4.0
2002-08-08,37.28,buy,2.0
2002-08-21,38.42,sell,4.0
2002-08-23,39.22,buy,2.0
2002-08-28,38.5,sell,4.0
2002-09-11,37.19,buy,2.0
2002-09-18,35.62,sell,4.0
2002-09-27,35.48,buy,2.0
2002-10-09,34.22,sell,4.0
2002-10-14,36.32,buy,2.0
2002-10-23,36.5,sell,4.0
2002-11-15,33.78,buy,2.0
2002-11-27,33.44,sell,4.0
2002-12-05,33.98,buy,2.0
2002-12-16,34.22,sell,4.0
2002-12-17,33.95,buy,2.0
2002-12-18,33.72,sell,4.0
2003-01-02,33.91,buy,2.0
2003-01-14,34.25,sell,4.0
2003-01-30,32.1,buy,2.0
2003-02-13,31.5,sell,4.0
2003-02-20,31.75,buy,2.0
2003-02-21,32.02,sell,4.0
2003-02-24,32.2,buy,2.0
2003-03-03,32.27,sell,4.0
2003-03-04,32.32,buy,2.0
2003-03-11,31.87,sell,4.0
2003-03-17,32.36,buy,2.0
2003-03-28,32.62,sell,4.0
2003-04-16,31.75,buy,2.0
2003-04-17,32.02,sell,4.0
2003-04-21,32.34,buy,2.0
2003-04-28,31.9,sell,4.0
2003-05-05,33.59,buy,2.0
2003-05-16,33.65,sell,4.0
2003-05-27,35.32,buy,1.0
2003-06-10,37.12,sell,3.0
2003-06-12,37.81,buy,2.0
2003-06-16,37.47,sell,4.0
2003-07-03,35.96,buy,2.0
2003-07-16,35.73,sell,4.0
2003-07-21,36.05,buy,2.0
2003-07-25,36.36,sell,4.0
2003-07-28,36.29,buy,2.0
2003-07-31,36.06,sell,4.0
2003-08-08,36.4,buy,2.0
2003-08-19,36.05,sell,4.0
2003-08-29,36.44,buy,2.0
2003-09-08,37.01,sell,4.0
2003-09-09,36.71,buy,2.0
2003-09-10,36.5,sell,4.0
2003-09-25,35.88,buy,2.0
2003-09-26,35.74,sell,4.0
2003-10-02,36.4,buy,2.0
2003-10-16,37.12,sell,4.0
2003-11-03,36.96,buy,2.0
2003-11-17,36.8,sell,4.0
2003-11-26,37.62,buy,1.0
2003-12-11,39.75,sell,3.0
2003-12-12,40.12,buy,2.0
2003-12-16,40.35,sell,4.0
2003-12-18,41.78,buy,2.0
2003-12-24,41.68,sell,4.0
2003-12-29,42.75,buy,2.0
2004-01-05,43.78,sell,4.0
2004-01-06,43.54,buy,2.0
2004-01-08,43.02,sell,4.0
2004-01-21,43.39,buy,2.0
2004-02-02,43.1,sell,4.0
2004-02-11,43.78,buy,2.0
2004-02-23,44.17,sell,4.0
2004-02-24,44.09,buy,2.0
2004-03-05,45.11,sell,4.0
2004-03-08,45.35,buy,2.0
2004-03-10,44.36,sell,4.0
2004-03-19,44.1,buy,2.0
2004-03-23,43.74,sell,4.0
2004-03-31,43.89,buy,2.0
2004-04-15,45.75,sell,4.0
2004-04-16,45.86,buy,2.0
2004-04-21,44.94,sell,4.0
2004-04-26,46.12,buy,2.0
2004-04-29,45.18,sell,4.0
2004-05-04,46.54,buy,2.0
2004-05-10,44.58,sell,4.0
2004-05-17,45.78,buy,2.0
2004-05-19,44.96,sell,4.0
2004-05-26,45.49,buy,2.0
2004-06-10,45.4,sell,4.0
2004-06-17,46.39,buy,2.0
2004-06-28,46.41,sell,4.0
2004-07-12,46.9,buy,2.0
2004-07-21,46.96,sell,4.0
2004-07-30,47.82,buy,2.0
2004-08-06,46.91,sell,4.0
2004-08-17,47.07,buy,2.0
2004-08-18,47.08,sell,4.0
2004-08-26,47.26,buy,1.0
2004-09-16,50.97,sell,3.0
2004-09-20,52.03,buy,2.0
2004-09-21,53.52,sell,4.0
2004-09-22,53.14,buy,2.0
2004-09-24,52.83,sell,4.0
2004-10-06,55.41,buy,2.0
2004-10-11,54.91,sell,4.0
2004-10-25,53.44,buy,2.0
2004-10-29,53.06,sell,4.0
2004-11-01,52.95,buy,2.0
2004-11-03,53.17,sell,4.0
2004-11-04,54.38,buy,2.0
2004-11-10,52.65,sell,4.0
2004-11-15,52.97,buy,2.0
2004-11-17,53.4,sell,4.0
2004-11-19,53.9,buy,2.0
2004-12-02,52.48,sell,4.0
2004-12-14,53.08,buy,2.0
2004-12-17,51.72,sell,4.0
2004-12-21,52.78,buy,1.0
2007-04-02,74.83,sell,3.0
2007-04-17,77.96,buy,2.0
2007-04-18,77.77,sell,4.0
2007-05-03,79.56,buy,2.0
2007-05-11,80.04,sell,4.0
2007-05-14,80.87,buy,2.0
2007-05-23,81.4,sell,4.0
2007-06-04,83.13,buy,2.0
2007-06-08,80.69,sell,4.0
2007-06-15,83.17,buy,2.0
2007-06-21,82.85,sell,4.0
2007-06-28,84.18,buy,1.0
2007-07-17,91.1,sell,3.0
2007-08-08,84.33,buy,2.0
2007-09-10,87.05,sell,4.0
2007-09-13,90.09,buy,2.0
2007-09-26,92.51,sell,4.0
2007-10-11,91.0,buy,2.0
2007-10-12,91.41,sell,4.0
2007-10-16,93.45,buy,2.0
2007-10-22,88.44,sell,4.0
2007-10-26,91.65,buy,2.0
2007-11-02,88.48,sell,4.0
2007-11-15,84.16,buy,2.0
2007-11-16,85.98,sell,4.0
2007-11-19,85.03,buy,2.0
2007-11-20,87.9,sell,4.0
2007-11-21,85.75,buy,2.0
2007-11-27,84.31,sell,4.0
2007-11-29,86.56,buy,1.0
2007-12-12,91.78,sell,3.0
2007-12-14,92.02,buy,2.0
2007-12-18,91.19,sell,4.0
2007-12-24,94.48,buy,2.0
2008-01-02,93.46,sell,4.0
2008-01-04,93.35,buy,2.0
2008-01-07,92.13,sell,4.0
2008-01-23,81.45,buy,2.0
2008-02-06,77.51,sell,4.0
2008-02-13,82.12,buy,1.0
2008-03-03,87.2,sell,3.0
2008-03-26,84.96,buy,1.0
2008-04-14,89.3,sell,3.0
2008-04-16,91.93,buy,2.0
2008-04-25,92.69,sell,4.0
2008-05-07,95.28,buy,2.0
2008-05-08,97.44,sell,4.0
2008-05-09,97.39,buy,2.0
2008-05-15,98.49,sell,4.0
2008-05-16,100.38,buy,2.0
2008-05-22,101.91,sell,4.0
2008-06-06,99.5,buy,2.0
2008-06-20,96.62,sell,4.0
2008-06-25,99.36,buy,2.0
2008-06-27,97.8,sell,4.0
2008-07-01,99.08,buy,2.0
2008-07-03,98.63,sell,4.0
2008-07-07,96.82,buy,2.0
2008-07-08,95.79,sell,4.0
2008-07-22,85.63,buy,2.0
2008-07-23,82.65,sell,4.0
2008-07-30,87.26,buy,2.0
2008-08-06,84.56,sell,4.0
2008-08-07,83.43,buy,2.0
2008-08-19,84.71,sell,4.0
2008-08-21,88.52,buy,2.0
2008-08-26,85.79,sell,4.0
2008-08-29,86.32,buy,2.0
2008-09-02,83.29,sell,4.0
2008-09-12,84.24,buy,2.0
2008-09-30,82.48,sell,4.0
2008-10-14,68.54,buy,1.0
2008-11-07,73.46,sell,3.0
2008-11-19,70.61,buy,2.0
2008-11-20,64.4,sell,4.0
2008-11-25,76.53,buy,2.0
2008-12-05,74.42,sell,4.0
2008-12-09,75.56,buy,2.0
2008-12-18,73.03,sell,4.0
2008-12-31,73.97,buy,2.0
2009-01-12,70.82,sell,4.0
2009-01-22,69.95,buy,2.0
2009-02-02,70.29,sell,4.0
2009-02-05,73.25,buy,2.0
2009-02-11,71.26,sell,4.0
2009-03-09,58.28,buy,1.0
2009-03-23,69.15,sell,3.0
2009-03-24,68.85,buy,2.0
2009-03-30,66.8,sell,4.0
2009-04-06,69.89,buy,2.0
2009-04-08,68.48,sell,4.0
2009-04-24,66.6,buy,2.0
2009-05-06,68.11,sell,4.0
2009-05-07,67.98,buy,2.0
2009-05-12,69.19,sell,4.0
2009-05-27,64.57,buy,2.0
2009-05-28,65.81,sell,4.0
2009-05-29,66.67,buy,2.0
2009-06-16,69.88,sell,4.0
2009-06-30,66.25,buy,2.0
2009-07-06,64.14,sell,4.0
2009-07-07,62.7,buy,2.0
2009-07-08,62.78,sell,4.0
2009-07-14,63.0,buy,1.0
2009-07-30,67.7,sell,3.0
2009-08-03,70.4,buy,2.0
2009-08-07,69.5,sell,4.0
2009-08-21,69.73,buy,2.0
2009-09-02,68.04,sell,4.0
2009-09-09,70.33,buy,2.0
2009-09-22,72.63,sell,4.0
2009-10-07,70.51,buy,1.0
2009-10-22,77.29,sell,3.0
2009-11-09,77.57,buy,2.0
2009-11-20,77.04,sell,4.0
2009-11-25,79.62,buy,2.0
2009-12-01,79.06,sell,4.0
2009-12-02,78.68,buy,2.0
2009-12-04,78.0,sell,4.0
2009-12-17,76.96,buy,2.0
2009-12-18,76.64,sell,4.0
2009-12-22,77.38,buy,2.0
2009-12-24,77.43,sell,4.0
2009-12-28,77.64,buy,2.0
2010-01-15,78.98,sell,4.0
2010-02-03,73.21,buy,2.0
2010-02-05,71.18,sell,4.0
2010-02-08,70.13,buy,2.0
2010-02-09,71.31,sell,4.0
2010-02-10,70.75,buy,2.0
2010-02-25,72.11,sell,4.0
2010-03-03,73.13,buy,2.0
2010-03-12,73.72,sell,4.0
2010-03-18,74.76,buy,2.0
2010-03-25,73.8,sell,4.0
2010-03-30,75.3,buy,1.0
2010-04-19,81.32,sell,3.0
2010-04-21,81.92,buy,2.0
2010-04-22,81.2,sell,4.0
2010-05-04,80.76,buy,2.0
2010-05-05,80.19,sell,4.0
2010-05-11,79.7,buy,2.0
2010-05-20,73.6,sell,4.0
2010-06-01,72.29,buy,2.0
2010-06-02,74.13,sell,4.0
2010-06-03,73.91,buy,2.0
2010-06-07,71.35,sell,4.0
2010-06-11,74.06,buy,2.0
2010-06-23,72.26,sell,4.0
2010-07-08,70.41,buy,2.0
2010-07-22,73.44,sell,4.0
2010-07-26,74.62,buy,1.0
2010-08-09,79.29,sell,3.0
2010-08-10,79.04,buy,2.0
2010-08-11,77.13,sell,4.0
2010-08-30,73.78,buy,1.0
2010-09-17,78.46,sell,3.0
2010-09-22,79.25,buy,2.0
2010-09-23,78.54,sell,4.0
2010-09-28,80.88,buy,2.0
2010-10-14,83.9,sell,4.0
2010-10-15,83.61,buy,2.0
2010-10-18,84.48,sell,4.0
2010-10-25,84.87,buy,2.0
2010-10-28,84.44,sell,4.0
2010-11-05,84.98,buy,2.0
2010-11-17,82.46,sell,4.0
2010-12-02,84.5,buy,1.0
2010-12-20,88.8,sell,3.0
2010-12-23,90.68,buy,2.0
2010-12-28,91.19,sell,4.0
2010-12-29,91.37,buy,2.0
2010-12-30,91.6,sell,4.0
2011-01-13,92.18,buy,2.0
2011-01-31,94.93,sell,4.0
2011-02-02,96.48,buy,2.0
2011-02-10,96.7,sell,4.0
2011-02-22,100.32,buy,2.0
2011-03-08,103.77,sell,4.0
2011-03-18,102.8,buy,1.0
2011-04-01,108.32,sell,3.0
2011-04-11,107.78,buy,2.0
2011-04-12,104.18,sell,4.0
2011-04-21,108.13,buy,2.0
2011-05-04,104.68,sell,4.0
2011-05-19,103.87,buy,2.0
2011-06-02,101.32,sell,4.0
2011-06-15,98.41,buy,2.0
2011-06-27,98.9,sell,4.0
2011-06-29,101.28,buy,2.0
2011-07-12,104.39,sell,4.0
2011-07-20,107.1,buy,2.0
2011-07-26,107.57,sell,4.0
2011-08-12,95.86,buy,2.0
2011-08-23,97.33,sell,4.0
2011-08-24,97.59,buy,2.0
2011-09-06,95.61,sell,4.0
2011-09-09,95.32,buy,2.0
2011-09-12,95.91,sell,4.0
2011-09-16,99.63,buy,2.0
2011-09-22,90.17,sell,4.0
2011-09-30,92.59,buy,2.0
2011-10-04,91.48,sell,4.0
2011-10-05,94.66,buy,1.0
2011-10-20,103.39,sell,3.0
2011-10-21,105.53,buy,2.0
2011-10-26,106.77,sell,4.0
2011-10-27,108.97,buy,2.0
2011-11-01,102.08,sell,4.0
2011-11-08,108.86,buy,2.0
2011-11-10,105.5,sell,4.0
2011-11-14,106.17,buy,2.0
2011-11-15,103.27,sell,4.0
2011-11-30,102.82,buy,2.0
2011-12-13,103.62,sell,4.0
2011-12-22,106.31,buy,2.0
2012-01-06,108.31,sell,4.0
2012-01-23,107.01,buy,2.0
2012-01-30,103.41,sell,4.0
2012-02-06,106.67,buy,2.0
2012-02-16,106.36,sell,4.0
2012-02-27,109.63,buy,2.0
2012-03-07,109.46,sell,4.0
2012-03-09,109.57,buy,2.0
2012-03-16,110.65,sell,4.0
2012-04-02,108.3,buy,2.0
2012-04-05,104.75,sell,4.0
2012-04-18,103.39,buy,2.0
2012-05-04,103.79,sell,4.0
2012-05-23,99.0,buy,2.0
2012-06-04,96.58,sell,4.0
2012-06-07,100.39,buy,2.0
2012-06-22,100.44,sell,4.0
2012-07-02,105.86,buy,2.0
2012-07-11,104.85,sell,4.0
2012-07-17,107.43,buy,2.0
2012-07-25,106.06,sell,4.0
2012-07-30,109.82,buy,2.0
2012-08-03,111.12,sell,4.0
2012-08-06,111.31,buy,2.0
2012-08-16,113.32,sell,4.0
2012-09-07,114.0,buy,2.0
2012-09-20,117.85,sell,4.0
2012-09-21,117.8,buy,2.0
2012-09-26,116.3,sell,4.0
2012-10-03,116.14,buy,2.0
2012-10-04,117.15,sell,4.0
2012-10-09,117.36,buy,2.0
2012-10-11,113.06,sell,4.0
2012-10-18,114.65,buy,2.0
2012-10-24,109.71,sell,4.0
2012-11-02,108.37,buy,2.0
2012-11-05,109.19,sell,4.0
2012-11-07,107.51,buy,2.0
2012-11-09,105.84,sell,4.0
2012-11-20,103.56,buy,2.0
2012-12-04,103.96,sell,4.0
2012-12-07,106.99,buy,2.0
2012-12-17,108.68,sell,4.0
2012-12-18,110.1,buy,2.0
2012-12-24,108.63,sell,4.0
2013-01-03,109.92,buy,1.0
2013-01-25,116.2,sell,3.0
2013-01-28,116.04,buy,2.0
2013-01-29,117.21,sell,4.0
2013-01-30,116.45,buy,2.0
2013-01-31,115.15,sell,4.0
2013-02-13,115.53,buy,2.0
2013-02-19,115.92,sell,4.0
2013-02-20,114.99,buy,2.0
2013-02-21,114.99,sell,4.0
2013-02-25,113.54,buy,2.0
2013-02-26,114.96,sell,4.0
2013-02-28,117.15,buy,2.0
2013-03-13,118.36,sell,4.0
2013-03-15,119.68,buy,2.0
2013-03-18,119.13,sell,4.0
2013-03-25,120.18,buy,2.0
2013-03-26,120.98,sell,4.0
2013-03-27,120.19,buy,2.0
2013-03-28,118.82,sell,4.0
2013-04-10,119.64,buy,2.0
2013-04-16,117.01,sell,4.0
2013-04-24,118.28,buy,2.0
2013-05-13,122.85,sell,4.0
2013-05-15,123.01,buy,2.0
2013-05-16,122.76,sell,4.0
2013-05-21,125.94,buy,2.0
2013-05-28,126.43,sell,4.0
2013-05-29,125.49,buy,2.0
2013-05-30,125.11,sell,4.0
2013-06-11,121.45,buy,2.0
2013-06-13,121.66,sell,4.0
2013-06-14,120.28,buy,2.0
2013-06-21,118.93,sell,4.0
2013-06-28,118.34,buy,1.0
2013-07-25,127.76,sell,3.0
2013-07-26,127.56,buy,2.0
2013-07-30,125.78,sell,4.0
2013-08-15,120.25,buy,2.0
2013-08-16,119.88,sell,4.0
2013-08-26,118.84,buy,1.0
2013-09-20,124.92,sell,3.0
2013-10-11,117.67,buy,2.0
2013-10-31,119.96,sell,4.0
2013-11-07,119.91,buy,2.0
2013-11-15,120.06,sell,4.0
2013-11-20,122.0,buy,2.0
2013-11-29,122.44,sell,4.0
2013-12-10,123.66,buy,2.0
2013-12-13,119.9,sell,4.0
2013-12-19,123.22,buy,2.0
2014-01-03,124.35,sell,4.0
2014-01-22,120.43,buy,2.0
2014-01-24,116.29,sell,4.0
2014-01-31,111.63,buy,2.0
2014-02-03,111.14,sell,4.0
2014-02-07,112.05,buy,2.0
2014-02-24,114.15,sell,4.0
2014-02-25,114.97,buy,2.0
2014-03-04,115.32,sell,4.0
2014-03-19,115.2,buy,2.0
2014-04-07,117.34,sell,4.0
2014-04-16,121.83,buy,2.0
2014-04-30,125.52,sell,4.0
2014-05-14,126.42,buy,2.0
2014-05-16,123.18,sell,4.0
2014-06-02,122.21,buy,1.0
2014-06-25,131.23,sell,3.0
2014-07-10,130.25,buy,2.0
2014-07-14,129.26,sell,4.0
2014-07-17,130.08,buy,2.0
2014-07-30,132.53,sell,4.0
2014-08-12,127.09,buy,2.0
2014-09-03,127.86,sell,4.0
2014-09-17,124.72,buy,2.0
2014-09-24,122.4,sell,4.0
2014-10-07,116.02,buy,2.0
2014-10-08,117.95,sell,4.0
2014-10-09,114.51,buy,2.0
2014-10-10,113.89,sell,4.0
2014-10-16,111.06,buy,2.0
2014-11-04,115.37,sell,4.0
2014-11-10,117.92,buy,2.0
2014-11-11,118.44,sell,4.0
2014-11-12,117.65,buy,2.0
2014-11-13,116.45,sell,4.0
2014-11-24,117.59,buy,2.0
2014-11-28,108.87,sell,4.0
2014-12-03,113.71,buy,2.0
2014-12-08,106.8,sell,4.0
2014-12-18,109.03,buy,2.0
2015-01-05,108.08,sell,4.0
2015-01-21,107.73,buy,2.0
2015-01-29,103.0,sell,4.0
2015-02-04,108.35,buy,2.0
2015-02-19,108.35,sell,4.0
2015-03-12,102.42,buy,2.0
2015-03-13,101.62,sell,4.0
2015-03-16,103.13,buy,2.0
2015-03-30,106.9,sell,4.0
2015-03-31,104.98,buy,2.0
2015-04-01,104.79,sell,4.0
2015-04-07,108.54,buy,2.0
2015-04-13,106.5,sell,4.0
2015-04-15,110.41,buy,2.0
2015-04-22,109.5,sell,4.0
2015-04-29,111.73,buy,2.0
2015-05-04,108.32,sell,4.0
2015-05-15,108.03,buy,2.0
2015-05-19,105.02,sell,4.0
2015-06-08,100.42,buy,2.0
2015-06-16,100.04,sell,4.0
2015-06-17,99.76,buy,2.0
2015-06-26,98.6,sell,4.0
2015-07-08,93.56,buy,2.0
2015-07-09,93.78,sell,4.0
2015-07-13,94.6,buy,2.0
2015-07-20,92.94,sell,4.0
2015-07-22,93.51,buy,2.0
2015-07-24,90.6,sell,4.0
2015-07-29,93.25,buy,2.0
2015-08-04,85.21,sell,4.0
2015-08-12,86.79,buy,2.0
2015-08-19,80.91,sell,4.0
2015-08-28,80.43,buy,2.0
2015-09-10,75.66,sell,4.0
2015-09-17,79.41,buy,2.0
2015-09-24,76.89,sell,4.0
2015-10-01,78.34,buy,1.0
2015-10-20,89.99,sell,3.0
2015-10-26,88.77,buy,2.0
2015-10-27,87.7,sell,4.0
2015-11-02,94.96,buy,2.0
2015-11-09,92.32,sell,4.0
2015-11-19,90.83,buy,2.0
2015-11-23,90.01,sell,4.0
2015-11-25,90.87,buy,2.0
2015-12-04,89.71,sell,4.0
2015-12-11,86.44,buy,2.0
2015-12-14,89.33,sell,4.0
2015-12-15,92.76,buy,2.0
2015-12-22,90.27,sell,4.0
2015-12-24,92.05,buy,2.0
2015-12-29,91.25,sell,4.0
2016-01-15,83.67,buy,2.0
2016-02-03,84.62,sell,4.0
2016-02-09,82.92,buy,2.0
2016-02-10,83.04,sell,4.0
2016-02-16,84.81,buy,2.0
2016-02-24,85.27,sell,4.0
2016-03-03,87.53,buy,1.0
2016-03-23,93.59,sell,3.0
2016-04-08,96.33,buy,1.0
2016-04-26,102.29,sell,3.0
2016-04-27,103.85,buy,2.0
2016-04-29,102.18,sell,4.0
2016-05-13,100.74,buy,2.0
2016-05-19,99.85,sell,4.0
2016-05-26,101.5,buy,2.0
2016-06-03,100.66,sell,4.0
2016-06-08,103.09,buy,2.0
2016-06-13,102.1,sell,4.0
2016-06-21,103.24,buy,2.0
2016-06-28,101.63,sell,4.0
2016-07-01,104.15,buy,2.0
2016-07-08,104.77,sell,4.0
2016-07-11,105.39,buy,2.0
2016-07-19,106.04,sell,4.0
2016-08-04,100.39,buy,2.0
2016-08-23,101.68,sell,4.0
2016-09-07,102.88,buy,2.0
2016-09-14,98.42,sell,4.0
2016-09-23,99.22,buy,2.0
2016-10-13,100.79,sell,4.0
2016-10-31,104.75,buy,2.0
2016-11-14,106.59,sell,4.0
2016-11-16,108.35,buy,2.0
2016-11-18,109.2,sell,4.0
2016-11-22,110.62,buy,2.0
2016-11-29,109.34,sell,4.0
2016-12-08,115.17,buy,2.0
2016-12-14,115.96,sell,4.0
2016-12-19,117.65,buy,2.0
2016-12-22,118.77,sell,4.0
2016-12-23,118.42,buy,2.0
2016-12-29,117.82,sell,4.0
2017-01-17,116.28,buy,2.0
2017-01-20,115.6,sell,4.0
2017-01-23,115.39,buy,2.0
2017-01-24,116.37,sell,4.0
2017-01-25,117.24,buy,2.0
2017-01-30,111.82,sell,4.0
2017-02-07,111.39,buy,2.0
2017-02-08,111.58,sell,4.0
2017-02-10,113.05,buy,2.0
2017-02-17,110.33,sell,4.0
2017-02-28,112.5,buy,2.0
2017-03-08,109.61,sell,4.0
2017-03-23,107.87,buy,2.0
2017-04-13,106.1,sell,4.0
2017-04-26,106.08,buy,2.0
2017-05-05,105.79,sell,4.0
2017-05-09,105.08,buy,2.0
2017-05-10,106.5,sell,4.0
2017-05-11,106.21,buy,2.0
2017-05-18,105.17,sell,4.0
2017-05-23,106.27,buy,2.0
2017-05-26,104.72,sell,4.0
2017-06-08,104.0,buy,2.0
2017-06-22,104.45,sell,4.0
2017-07-05,104.62,buy,2.0
2017-07-07,103.49,sell,4.0
2017-07-13,104.18,buy,2.0
2017-07-25,104.39,sell,4.0
2017-07-26,105.15,buy,2.0
2017-08-11,109.23,sell,4.0
2017-08-25,108.23,buy,1.0
2017-09-22,117.29,sell,3.0
2017-09-26,117.52,buy,2.0
2017-09-27,117.45,sell,4.0
2017-10-06,117.03,buy,2.0
2017-10-09,117.71,sell,4.0
2017-10-12,119.14,buy,2.0
2017-10-19,118.2,sell,4.0
2017-11-01,115.9,buy,2.0
2017-11-16,114.57,sell,4.0
2017-11-27,115.59,buy,2.0
2017-12-07,119.63,sell,4.0
2017-12-21,124.82,buy,2.0
2018-01-08,128.53,sell,4.0
2018-01-12,133.6,buy,2.0
2018-01-17,132.36,sell,4.0
2018-02-07,115.29,buy,2.0
2018-02-21,109.06,sell,4.0
2018-02-26,114.6,buy,2.0
2018-03-05,113.15,sell,4.0
2018-03-06,113.65,buy,2.0
2018-03-16,115.4,sell,4.0
2018-04-04,114.48,buy,1.0
2018-04-23,123.58,sell,3.0
2018-04-30,125.11,buy,2.0
2018-05-01,124.86,sell,4.0
2018-05-10,128.82,buy,2.0
2018-05-21,129.37,sell,4.0
2018-06-04,122.26,buy,2.0
2018-06-05,122.73,sell,4.0
2018-06-07,126.96,buy,2.0
2018-06-18,125.97,sell,4.0
2018-06-28,125.66,buy,2.0
2018-07-06,124.14,sell,4.0
2018-07-10,127.59,buy,2.0
2018-07-12,124.26,sell,4.0
2018-07-25,124.9,buy,2.0
2018-08-03,124.05,sell,4.0
2018-08-23,118.1,buy,2.0
2018-09-04,118.87,sell,4.0
2018-09-14,117.38,buy,2.0
2018-09-28,122.28,sell,4.0
2018-10-02,124.74,buy,2.0
2018-10-09,126.82,sell,4.0
2018-10-10,122.6,buy,2.0
2018-10-11,118.43,sell,4.0
2018-10-29,108.93,buy,2.0
2018-10-30,110.85,sell,4.0
2018-10-31,111.65,buy,2.0
2018-11-14,115.72,sell,4.0
2018-11-20,116.1,buy,2.0
2018-11-21,117.57,sell,4.0
2018-11-29,118.85,buy,2.0
2018-12-07,115.49,sell,4.0
2018-12-27,109.32,buy,2.0
2019-01-15,112.12,sell,4.0
2019-01-22,112.34,buy,2.0
2019-01-23,111.39,sell,4.0
2019-01-28,112.17,buy,2.0
2019-01-29,111.83,sell,4.0
2019-02-01,118.37,buy,2.0
2019-02-11,116.95,sell,4.0
2019-02-14,118.16,buy,2.0
2019-02-15,119.35,sell,4.0
2019-02-21,119.14,buy,2.0
2019-02-22,119.39,sell,4.0
2019-03-04,122.12,buy,2.0
2019-03-08,121.62,sell,4.0
2019-03-13,124.67,buy,2.0
2019-03-21,125.86,sell,4.0
2019-04-02,124.93,buy,2.0
2019-04-12,119.76,sell,4.0
2019-05-01,117.81,buy,2.0
2019-05-03,117.27,sell,4.0
2019-05-07,118.27,buy,2.0
2019-05-22,120.57,sell,4.0
2019-06-05,117.65,buy,2.0
2019-06-17,121.39,sell,4.0
2019-06-18,122.93,buy,2.0
2019-06-26,123.93,sell,4.0
2019-07-11,125.43,buy,2.0
2019-07-18,124.68,sell,4.0
2019-07-24,126.54,buy,2.0
2019-07-29,124.23,sell,4.0
2019-08-09,122.42,buy,2.0
2019-08-15,116.95,sell,4.0
2019-08-28,116.83,buy,1.0
2019-09-25,123.51,sell,3.0
2019-10-10,114.59,buy,2.0
2019-10-31,116.14,sell,4.0
2019-11-05,121.94,buy,2.0
2019-11-18,118.55,sell,4.0
2019-12-09,117.3,buy,2.0
2019-12-12,118.81,sell,4.0
2019-12-13,117.96,buy,2.0
2019-12-31,120.51,sell,4.0
2020-01-03,121.01,buy,2.0
2020-01-06,120.6,sell,4.0
2020-01-24,111.85,buy,2.0
2020-01-27,110.39,sell,4.0
2020-01-29,110.37,buy,2.0
2020-01-30,111.4,sell,4.0
2020-01-31,107.14,buy,2.0
2020-02-04,106.85,sell,4.0
2020-02-05,110.28,buy,2.0
2020-02-19,110.74,sell,4.0
2020-03-05,97.19,buy,2.0
2020-03-10,84.98,sell,4.0
2020-03-16,69.7,buy,2.0
2020-03-17,70.69,sell,4.0
2020-03-23,54.22,buy,1.0
2020-03-24,66.55,sell,3.0
2020-03-25,69.27,buy,1.0
2020-04-15,82.49,sell,3.0
2020-04-24,87.01,buy,1.0
2020-05-04,91.44,sell,3.0
2020-05-11,93.37,buy,2.0
2020-05-13,88.7,sell,4.0
2020-05-21,92.04,buy,2.0
2020-05-29,91.7,sell,4.0
2020-06-03,97.18,buy,2.0
2020-06-11,89.37,sell,4.0
2020-06-24,87.64,buy,2.0
2020-06-25,89.21,sell,4.0
2020-07-01,87.62,buy,2.0
2020-07-02,88.31,sell,4.0
2020-07-06,88.57,buy,2.0
2020-07-08,86.35,sell,4.0
2020-07-13,85.4,buy,1.0
2020-07-29,90.07,sell,3.0
2020-08-07,86.8,buy,2.0
2020-08-19,86.39,sell,4.0
2020-09-10,78.15,buy,2.0
2020-09-11,77.69,sell,4.0
2020-09-17,78.79,buy,2.0
2020-09-24,71.8,sell,4.0
2020-09-29,71.9,buy,2.0
2020-10-01,70.42,sell,4.0
2020-10-05,72.7,buy,2.0
2020-10-16,72.89,sell,4.0
2020-10-26,70.94,buy,2.0
2020-10-27,69.51,sell,4.0
2020-11-02,72.15,buy,1.0
2020-11-19,85.73,sell,3.0
2020-11-24,95.62,buy,2.0
2020-11-30,87.18,sell,4.0
2020-12-11,92.45,buy,2.0
2020-12-15,89.37,sell,4.0
2020-12-31,84.45,buy,1.0
2021-01-20,95.38,sell,3.0
2021-01-21,92.01,buy,2.0
2021-01-22,91.73,sell,4.0
2021-02-04,89.0,buy,1.0
2021-02-26,100.0,sell,3.0
2021-03-08,109.75,buy,2.0
2021-03-16,107.64,sell,4.0
2021-03-29,106.92,buy,2.0
2021-04-07,104.19,sell,4.0
2021-04-15,103.42,buy,2.0
2021-04-21,102.73,sell,4.0
2021-04-22,100.95,buy,2.0
2021-04-23,101.55,sell,4.0
2021-04-28,105.22,buy,2.0
2021-05-12,107.37,sell,4.0
2021-06-02,108.08,buy,2.0
2021-06-14,107.97,sell,4.0
2021-06-16,109.67,buy,2.0
2021-06-18,103.03,sell,4.0
2021-06-28,103.99,buy,2.0
2021-06-29,103.76,sell,4.0
2021-07-02,106.07,buy,2.0
2021-07-07,102.93,sell,4.0
2021-07-12,104.28,buy,2.0
2021-07-15,101.3,sell,4.0
2021-07-22,98.82,buy,2.0
2021-08-05,101.23,sell,4.0
2021-08-12,102.64,buy,2.0
2021-08-17,100.73,sell,4.0
2021-08-25,98.51,buy,2.0
2021-09-07,97.06,sell,4.0
2021-09-14,96.2,buy,2.0
2021-09-15,98.24,sell,4.0
2021-09-16,97.32,buy,2.0
2021-09-21,94.85,sell,4.0
2021-09-23,100.06,buy,1.0
2021-10-07,105.68,sell,3.0
2021-10-11,107.13,buy,2.0
2021-10-12,107.15,sell,4.0
2021-10-15,109.61,buy,2.0
2021-10-28,113.12,sell,4.0
2021-11-09,116.0,buy,2.0
2021-11-11,114.16,sell,4.0
2021-11-16,117.28,buy,2.0
2021-11-18,114.45,sell,4.0
2021-11-24,117.19,buy,2.0
2021-12-01,112.1,sell,4.0
2021-12-07,117.92,buy,2.0
2021-12-15,115.56,sell,4.0
2021-12-23,116.41,buy,1.0
2022-01-14,128.96,sell,3.0
2022-01-18,129.38,buy,2.0
2022-01-20,128.45,sell,4.0
2022-01-27,135.37,buy,2.0
2022-01-31,131.33,sell,4.0
2022-02-03,134.2,buy,2.0
2022-02-11,138.81,sell,4.0
2022-02-14,136.67,buy,2.0
2022-02-15,134.26,sell,4.0
2022-02-25,140.38,buy,1.0
2022-03-14,166.72,sell,3.0
2022-03-24,166.3,buy,2.0
2022-04-01,164.22,sell,4.0
2022-04-08,169.93,buy,2.0
2022-04-22,160.95,sell,4.0
2022-05-04,167.59,buy,2.0
2022-05-11,163.16,sell,4.0
2022-05-16,173.01,buy,2.0
2022-05-20,167.82,sell,4.0
2022-05-24,172.64,buy,2.0
2022-06-02,176.0,sell,4.0
2022-06-08,181.13,buy,2.0
2022-06-10,175.4,sell,4.0
2022-06-29,146.98,buy,2.0
2022-07-13,137.99,sell,4.0
2022-07-18,139.58,buy,1.0
2022-08-03,155.36,sell,3.0
2022-08-12,159.85,buy,2.0
2022-08-22,156.9,sell,4.0
2022-08-24,163.19,buy,2.0
2022-08-31,158.06,sell,4.0
2022-09-13,159.41,buy,2.0
2022-09-19,156.9,sell,4.0
2022-10-04,157.63,buy,2.0
2022-10-17,161.31,sell,4.0
2022-10-20,168.96,buy,1.0
2022-11-01,182.22,sell,3.0
2022-11-08,185.34,buy,2.0
2022-11-10,181.3,sell,4.0
2022-11-15,188.05,buy,2.0
2022-11-17,184.09,sell,4.0
2022-12-01,182.49,buy,2.0
2022-12-05,176.56,sell,4.0
2022-12-15,171.04,buy,2.0
2022-12-19,169.88,sell,4.0
2022-12-20,172.67,buy,2.0
2023-01-04,172.14,sell,4.0
2023-01-13,177.56,buy,2.0
2023-01-20,180.9,sell,4.0
2023-01-23,180.66,buy,2.0
2023-01-26,187.79,sell,4.0
2023-01-27,179.45,buy,2.0
2023-01-30,174.2,sell,4.0
2023-02-13,171.01,buy,2.0
2023-02-17,162.85,sell,4.0
2023-02-28,160.77,buy,2.0
2023-03-01,162.05,sell,4.0
2023-03-02,162.56,buy,2.0
2023-03-10,159.67,sell,4.0
2023-03-22,156.07,buy,1.0
2023-04-11,169.22,sell,3.0
2023-04-13,172.09,buy,2.0
2023-04-18,170.52,sell,4.0
2023-05-09,159.12,buy,2.0
2023-05-11,156.22,sell,4.0
2023-05-16,153.51,buy,2.0
2023-05-17,155.71,sell,4.0
2023-05-19,155.23,buy,2.0
2023-05-23,156.85,sell,4.0
2023-05-24,157.27,buy,2.0
2023-05-31,150.62,sell,4.0
2023-06-05,155.51,buy,2.0
2023-06-15,158.28,sell,4.0
2023-06-29,156.24,buy,2.0
2023-07-07,154.22,sell,4.0
2023-07-12,159.64,buy,2.0
2023-07-17,153.44,sell,4.0
2023-07-24,161.82,buy,2.0
2023-07-31,163.66,sell,4.0
2023-08-01,162.3,buy,2.0
2023-08-03,159.67,sell,4.0
2023-08-14,164.03,buy,2.0
2023-08-17,159.75,sell,4.0
2023-08-29,159.96,buy,2.0
2023-09-12,166.81,sell,4.0
2023-09-26,167.8,buy,2.0
2023-10-02,166.54,sell,4.0
2023-10-10,166.54,buy,2.0
2023-10-12,161.23,sell,4.0
2023-10-16,165.4,buy,2.0
2023-10-24,156.65,sell,4.0
2023-11-06,147.0,buy,2.0
2023-11-08,142.4,sell,4.0
2023-11-14,145.05,buy,2.0
2023-12-01,144.81,sell,4.0
2023-12-04,144.87,buy,2.0
2023-12-06,142.53,sell,4.0
2023-12-12,142.5,buy,2.0
2023-12-13,144.61,sell,4.0
2023-12-14,149.93,buy,2.0
2023-12-29,149.16,sell,4.0
2024-01-22,142.49,buy,1.0
2024-02-12,152.08,sell,3.0
2024-02-20,154.0,buy,2.0
2024-02-27,152.16,sell,4.0
2024-03-12,151.89,buy,2.0
2024-03-25,156.47,sell,4.0
2024-03-26,155.27,buy,2.0
2024-03-27,156.35,sell,4.0
2024-04-01,159.08,buy,2.0
2024-04-12,158.96,sell,4.0
2024-04-23,162.85,buy,2.0
2024-05-01,159.63,sell,4.0
2024-05-09,165.45,buy,2.0
2024-05-17,162.67,sell,4.0
2024-05-31,162.3,buy,2.0
2024-06-06,155.93,sell,4.0
2024-06-11,156.49,buy,2.0
2024-06-13,152.84,sell,4.0
2024-06-21,155.28,buy,2.0
2024-07-03,156.71,sell,4.0
2024-07-12,155.59,buy,2.0
2024-07-23,154.09,sell,4.0
2024-07-31,160.47,buy,2.0
2024-08-02,148.55,sell,4.0
2024-08-13,144.15,buy,2.0
2024-08-28,146.0,sell,4.0
2024-09-13,140.61,buy,2.0
2024-09-26,141.99,sell,4.0
2024-10-02,150.95,buy,2.0
2024-10-09,149.65,sell,4.0
2024-10-14,151.78,buy,2.0
2024-10-16,148.73,sell,4.0
2024-10-22,150.92,buy,2.0
2024-10-25,150.81,sell,4.0
2024-10-28,150.54,buy,2.0
2024-10-29,148.52,sell,4.0
2024-11-05,153.41,buy,1.0
2024-11-20,161.33,sell,3.0
2024-11-22,162.36,buy,2.0
2024-11-26,162.53,sell,4.0
2024-12-24,143.84,buy,1.0
2025-01-22,156.41,sell,3.0
