time,price,signal,label
2019-01-25 10:30:00,3.791,buy,2.0
2019-01-29 10:00:00,3.694,buy,2.0
2019-01-29 10:15:00,3.598,buy,1.0
2019-01-29 10:30:00,3.624,buy,1.0
2019-01-29 10:45:00,3.659,buy,2.0
2019-02-11 10:00:00,3.756,sell,4.0
2019-02-11 10:30:00,3.791,sell,4.0
2019-02-11 10:45:00,3.782,sell,4.0
2019-02-13 14:00:00,3.913,sell,3.0
2019-02-15 10:00:00,3.931,sell,4.0
2019-02-15 15:00:00,3.878,buy,1.0
2019-02-18 14:00:00,3.966,sell,4.0
2019-02-25 10:00:00,4.482,sell,4.0
2019-02-25 10:15:00,4.552,sell,4.0
2019-02-25 10:30:00,4.622,sell,4.0
2019-02-25 10:45:00,4.587,sell,4.0
2019-03-06 10:00:00,4.841,sell,4.0
2019-03-07 10:45:00,5.008,sell,3.0
2019-03-12 10:00:00,4.736,sell,3.0
2019-03-26 13:15:00,4.351,buy,2.0
2019-03-26 13:30:00,4.377,buy,2.0
2019-03-29 11:30:00,4.447,sell,4.0
2019-03-29 13:15:00,4.456,sell,4.0
2019-04-01 10:00:00,4.605,sell,4.0
2019-04-01 10:15:00,4.64,sell,4.0
2019-04-01 10:30:00,4.78,sell,4.0
2019-04-01 10:45:00,4.771,sell,4.0
2019-04-01 11:00:00,4.797,sell,3.0
2019-04-01 11:15:00,4.762,sell,4.0
2019-04-04 10:00:00,4.859,sell,4.0
2019-04-08 10:30:00,4.973,sell,3.0
2019-04-08 10:45:00,4.973,sell,3.0
2019-04-08 11:00:00,4.955,sell,3.0
2019-04-12 09:45:00,4.64,buy,2.0
2019-04-15 10:15:00,4.727,sell,4.0
2019-04-15 10:30:00,4.727,sell,4.0
2019-04-18 15:00:00,4.745,buy,2.0
2019-04-22 10:00:00,4.806,sell,3.0
2019-04-25 14:30:00,4.561,buy,2.0
2019-04-25 14:45:00,4.535,buy,2.0
2019-04-25 15:00:00,4.517,buy,2.0
2019-04-26 09:45:00,4.509,buy,2.0
2019-04-29 11:00:00,4.368,buy,2.0
2019-05-06 10:00:00,4.281,buy,2.0
2019-05-06 11:15:00,4.185,buy,2.0
2019-05-09 10:15:00,3.966,buy,2.0
2019-05-10 10:00:00,4.062,sell,3.0
2019-05-10 10:15:00,4.062,sell,3.0
2019-05-10 10:30:00,4.027,sell,3.0
2019-05-14 10:00:00,3.983,buy,2.0
2019-05-16 10:15:00,4.202,sell,3.0
2019-05-16 10:30:00,4.255,sell,3.0
2019-05-16 10:45:00,4.246,sell,3.0
2019-05-16 11:00:00,4.193,sell,3.0
2019-05-20 10:15:00,4.001,buy,2.0
2019-05-21 10:00:00,4.097,sell,4.0
2019-05-21 13:30:00,4.193,sell,3.0
2019-05-23 14:15:00,4.053,buy,2.0
2019-05-23 14:30:00,4.062,buy,1.0
2019-05-23 15:00:00,4.062,buy,2.0
2019-05-28 13:45:00,4.16,sell,4.0
2019-05-30 10:15:00,4.489,sell,4.0
2019-05-30 10:30:00,4.427,sell,4.0
2019-06-11 10:00:00,4.604,sell,4.0
2019-06-11 10:15:00,4.595,sell,4.0
2019-06-12 11:00:00,4.702,sell,4.0
2019-06-18 11:30:00,4.56,buy,2.0
2019-06-18 13:15:00,4.595,buy,2.0
2019-06-20 10:00:00,4.542,buy,1.0
2019-06-20 10:15:00,4.533,buy,1.0
2019-06-20 10:30:00,4.56,buy,1.0
2019-06-21 10:30:00,4.666,sell,3.0
2019-06-25 11:30:00,4.587,buy,2.0
2019-06-28 11:15:00,4.489,buy,2.0
2019-07-01 10:45:00,4.56,sell,3.0
2019-07-03 10:15:00,4.462,buy,2.0
2019-07-03 10:30:00,4.453,buy,2.0
2019-07-03 10:45:00,4.427,buy,2.0
2019-07-03 11:00:00,4.444,buy,2.0
2019-07-08 10:30:00,4.275,buy,2.0
2019-07-08 10:45:00,4.284,buy,2.0
2019-07-08 11:00:00,4.267,buy,2.0
2019-07-08 11:15:00,4.267,buy,2.0
2019-07-10 10:30:00,4.204,buy,1.0
2019-07-10 10:45:00,4.222,buy,2.0
2019-07-11 10:15:00,4.311,sell,3.0
2019-07-16 10:00:00,4.409,sell,3.0
2019-07-17 11:15:00,4.302,buy,2.0
2019-07-17 11:30:00,4.329,buy,2.0
2019-07-17 14:45:00,4.293,buy,1.0
2019-07-19 10:30:00,4.382,sell,3.0
2019-07-25 10:15:00,4.249,buy,2.0
2019-08-02 10:00:00,4.178,buy,2.0
2019-08-02 10:30:00,4.133,buy,2.0
2019-08-02 10:45:00,4.142,buy,2.0
2019-08-06 10:00:00,4.124,buy,2.0
2019-08-06 10:15:00,4.107,buy,2.0
2019-08-06 10:30:00,4.08,buy,2.0
2019-08-06 10:45:00,4.062,buy,1.0
2019-08-06 11:00:00,4.062,buy,1.0
2019-08-09 11:00:00,3.982,buy,2.0
2019-08-09 11:15:00,3.973,buy,2.0
2019-08-09 11:30:00,3.92,buy,1.0
2019-08-09 13:15:00,3.973,buy,2.0
2019-08-13 10:00:00,4.098,sell,3.0
2019-08-13 10:15:00,4.08,sell,3.0
2019-08-13 10:30:00,4.071,sell,3.0
2019-08-14 15:00:00,4.018,buy,2.0
2019-08-15 10:00:00,3.973,buy,1.0
2019-08-15 10:15:00,3.964,buy,1.0
2019-08-15 10:30:00,3.964,buy,1.0
2019-08-16 10:15:00,4.044,sell,4.0
2019-08-19 11:30:00,4.098,sell,4.0
2019-08-19 13:30:00,4.089,sell,4.0
2019-08-20 10:00:00,4.169,sell,3.0
2019-08-20 10:15:00,4.187,sell,3.0
2019-08-20 10:30:00,4.187,sell,3.0
2019-08-21 10:45:00,4.107,buy,2.0
2019-08-21 11:00:00,4.115,buy,2.0
2019-08-22 11:00:00,4.071,buy,2.0
2019-08-22 13:15:00,4.035,buy,2.0
2019-08-22 13:30:00,4.044,buy,2.0
2019-08-26 10:00:00,4.027,buy,2.0
2019-08-26 10:45:00,4.0,buy,1.0
2019-08-26 11:30:00,4.009,buy,1.0
2019-08-27 11:00:00,4.098,sell,3.0
2019-08-27 11:15:00,4.098,sell,3.0
2019-08-29 10:30:00,4.018,buy,2.0
2019-08-30 14:45:00,4.0,buy,1.0
2019-09-04 11:00:00,4.222,sell,4.0
2019-09-04 11:15:00,4.204,sell,4.0
2019-09-17 10:15:00,4.178,buy,2.0
2019-09-17 10:30:00,4.16,buy,2.0
2019-09-17 10:45:00,4.142,buy,2.0
2019-09-17 11:00:00,4.142,buy,2.0
2019-09-23 10:00:00,4.044,buy,2.0
2019-09-25 10:15:00,4.0,buy,2.0
2019-10-10 10:30:00,3.982,sell,4.0
2019-10-14 10:15:00,4.044,sell,3.0
2019-10-14 10:30:00,4.035,sell,3.0
2019-10-15 10:30:00,3.982,buy,2.0
2019-10-15 10:45:00,3.982,buy,2.0
2019-10-15 11:15:00,3.973,buy,2.0
2019-10-17 09:45:00,3.955,buy,2.0
2019-10-18 13:45:00,3.911,buy,2.0
2019-10-18 14:00:00,3.902,buy,2.0
2019-10-18 14:30:00,3.902,buy,2.0
2019-10-21 10:00:00,3.858,buy,1.0
2019-10-21 10:15:00,3.867,buy,1.0
2019-10-25 11:30:00,3.875,sell,4.0
2019-10-28 10:00:00,3.902,sell,4.0
2019-10-28 11:30:00,3.929,sell,3.0
2019-10-29 09:45:00,3.929,sell,3.0
2019-10-30 10:00:00,3.858,buy,2.0
2019-10-30 10:15:00,3.867,buy,2.0
2019-11-01 09:45:00,3.813,buy,1.0
2019-11-04 13:15:00,3.875,sell,3.0
2019-11-05 11:15:00,3.849,buy,2.0
2019-11-11 10:30:00,3.804,buy,2.0
2019-11-12 10:30:00,3.715,buy,2.0
2019-11-12 10:45:00,3.707,buy,2.0
2019-11-12 11:00:00,3.698,buy,2.0
2019-11-12 11:15:00,3.707,buy,2.0
2019-11-13 13:45:00,3.662,buy,2.0
2019-11-14 10:45:00,3.627,buy,1.0
2019-11-20 10:30:00,3.564,buy,2.0
2019-11-20 10:45:00,3.564,buy,2.0
2019-11-22 10:30:00,3.582,sell,4.0
2019-11-25 10:45:00,3.653,sell,3.0
2019-12-02 10:30:00,3.671,sell,3.0
2019-12-02 10:45:00,3.671,sell,3.0
2019-12-06 10:00:00,3.671,buy,2.0
2019-12-06 10:15:00,3.671,buy,2.0
2019-12-10 10:00:00,3.733,sell,3.0
2019-12-10 10:30:00,3.724,sell,3.0
2019-12-12 10:30:00,3.804,sell,3.0
2019-12-12 10:45:00,3.804,sell,3.0
2019-12-12 11:00:00,3.804,sell,3.0
2019-12-12 11:15:00,3.778,sell,3.0
2019-12-17 13:30:00,3.849,sell,3.0
2019-12-17 13:45:00,3.831,sell,3.0
2019-12-20 14:30:00,3.76,buy,2.0
2019-12-23 10:00:00,3.733,buy,2.0
2019-12-24 09:45:00,3.662,buy,1.0
2019-12-24 14:30:00,3.778,sell,3.0
2019-12-24 14:45:00,3.769,sell,3.0
2019-12-26 14:00:00,3.76,sell,4.0
2019-12-27 10:00:00,3.84,sell,4.0
2019-12-27 10:15:00,3.849,sell,4.0
2019-12-27 10:30:00,3.84,sell,4.0
2019-12-27 11:00:00,3.858,sell,4.0
2019-12-27 13:15:00,3.964,sell,3.0
2019-12-27 13:30:00,3.947,sell,3.0
2020-01-06 11:30:00,4.009,sell,3.0
2020-01-08 10:15:00,3.92,buy,2.0
2020-01-08 10:30:00,3.929,buy,2.0
2020-01-08 14:00:00,3.867,buy,2.0
2020-01-08 14:15:00,3.884,buy,2.0
2020-01-14 10:00:00,3.947,sell,3.0
2020-01-14 10:15:00,3.929,sell,3.0
2020-01-14 10:45:00,3.938,sell,3.0
2020-01-15 10:15:00,3.849,buy,2.0
2020-01-15 10:30:00,3.858,buy,2.0
2020-01-15 10:45:00,3.867,buy,2.0
2020-01-20 10:00:00,3.84,buy,2.0
2020-01-22 10:00:00,3.698,buy,2.0
2020-01-22 10:15:00,3.698,buy,2.0
2020-01-22 10:30:00,3.715,buy,2.0
2020-01-23 13:45:00,3.644,buy,2.0
2020-02-03 10:00:00,3.28,buy,2.0
2020-02-03 10:15:00,3.28,buy,2.0
2020-02-03 10:30:00,3.28,buy,2.0
2020-02-04 11:30:00,3.182,buy,1.0
2020-02-05 10:45:00,3.315,sell,3.0
2020-02-05 11:00:00,3.28,sell,3.0
2020-02-06 14:30:00,3.253,sell,4.0
2020-02-10 11:30:00,3.28,sell,4.0
2020-02-11 09:45:00,3.36,sell,4.0
2020-02-11 10:00:00,3.413,sell,3.0
2020-02-11 10:15:00,3.44,sell,3.0
2020-02-11 10:30:00,3.404,sell,4.0
2020-02-14 10:45:00,3.555,sell,4.0
2020-02-14 11:00:00,3.555,sell,4.0
2020-02-14 11:15:00,3.555,sell,4.0
2020-02-14 11:30:00,3.653,sell,3.0
2020-02-14 13:15:00,3.609,sell,3.0
2020-02-20 10:45:00,3.475,buy,1.0
2020-02-20 11:00:00,3.475,buy,1.0
2020-02-20 11:15:00,3.484,buy,1.0
2020-02-24 10:45:00,3.502,buy,2.0
2020-02-25 10:00:00,3.431,buy,2.0
2020-02-25 10:15:00,3.44,buy,2.0
2020-02-25 10:45:00,3.431,buy,2.0
2020-02-25 11:15:00,3.36,buy,1.0
2020-02-25 11:30:00,3.36,buy,1.0
2020-02-25 13:15:00,3.387,buy,1.0
2020-02-28 10:00:00,3.324,buy,2.0
2020-02-28 10:15:00,3.298,buy,2.0
2020-02-28 10:30:00,3.28,buy,2.0
2020-02-28 10:45:00,3.289,buy,2.0
2020-03-02 11:15:00,3.351,sell,4.0
2020-03-02 11:30:00,3.351,sell,3.0
2020-03-05 11:15:00,3.52,sell,3.0
2020-03-05 11:30:00,3.529,sell,3.0
2020-03-05 13:15:00,3.538,sell,3.0
2020-03-09 10:00:00,3.369,buy,2.0
2020-03-09 10:30:00,3.369,buy,2.0
2020-03-10 11:00:00,3.28,buy,2.0
2020-03-12 10:00:00,3.271,buy,2.0
2020-03-12 10:15:00,3.271,buy,2.0
2020-03-12 10:30:00,3.253,buy,2.0
2020-03-12 10:45:00,3.271,buy,2.0
2020-03-13 10:00:00,3.155,buy,2.0
2020-03-13 10:15:00,3.155,buy,2.0
2020-03-13 10:30:00,3.164,buy,2.0
2020-03-16 14:30:00,3.147,buy,2.0
2020-03-16 15:00:00,3.129,buy,2.0
2020-03-17 10:15:00,3.084,buy,2.0
2020-03-17 10:30:00,3.067,buy,2.0
2020-03-17 10:45:00,3.111,buy,2.0
2020-03-18 15:00:00,3.049,buy,2.0
2020-03-19 09:45:00,3.031,buy,2.0
2020-03-19 10:00:00,3.022,buy,2.0
2020-03-19 10:15:00,3.013,buy,2.0
2020-03-19 10:30:00,3.013,buy,1.0
2020-03-24 10:00:00,3.093,sell,4.0
2020-03-24 10:15:00,3.067,sell,4.0
2020-03-25 10:00:00,3.138,sell,4.0
2020-03-26 13:15:00,3.244,sell,3.0
2020-03-26 13:30:00,3.235,sell,3.0
2020-03-31 10:30:00,3.182,sell,4.0
2020-03-31 10:45:00,3.164,sell,4.0
2020-03-31 14:00:00,3.2,sell,3.0
2020-04-01 11:30:00,3.227,sell,3.0
2020-04-03 09:45:00,3.191,sell,4.0
2020-04-07 11:00:00,3.235,sell,4.0
2020-04-10 10:15:00,3.191,buy,2.0
2020-04-10 13:30:00,3.173,buy,2.0
2020-04-14 11:00:00,3.191,sell,3.0
2020-04-15 10:45:00,3.227,sell,3.0
2020-04-21 10:15:00,3.12,buy,2.0
2020-04-21 10:30:00,3.12,buy,2.0
2020-04-21 10:45:00,3.12,buy,2.0
2020-04-24 14:30:00,3.067,buy,2.0
2020-04-28 10:15:00,2.995,buy,1.0
2020-04-28 10:30:00,3.004,buy,1.0
2020-04-30 10:15:00,3.102,sell,4.0
2020-04-30 10:30:00,3.111,sell,3.0
2020-04-30 10:45:00,3.111,sell,3.0
2020-05-08 13:15:00,3.138,sell,3.0
2020-05-08 13:30:00,3.138,sell,3.0
2020-05-08 13:45:00,3.147,sell,3.0
2020-05-08 14:00:00,3.138,sell,3.0
2020-05-14 14:30:00,3.058,buy,2.0
2020-05-18 10:15:00,3.12,sell,4.0
2020-05-18 10:30:00,3.147,sell,3.0
2020-05-18 10:45:00,3.138,sell,3.0
2020-05-18 11:00:00,3.129,sell,3.0
2020-05-22 10:00:00,3.075,buy,2.0
2020-05-22 10:30:00,3.058,buy,2.0
2020-05-22 10:45:00,3.067,buy,2.0
2020-05-25 14:15:00,3.031,buy,1.0
2020-05-28 11:30:00,3.084,sell,4.0
2020-05-28 13:15:00,3.084,sell,4.0
2020-06-01 10:00:00,3.129,sell,4.0
2020-06-01 10:15:00,3.138,sell,3.0
2020-06-01 10:30:00,3.129,sell,4.0
2020-06-04 09:45:00,3.111,buy,2.0
2020-06-04 10:00:00,3.12,buy,2.0
2020-06-08 10:15:00,3.191,sell,3.0
2020-06-08 10:30:00,3.182,sell,3.0
2020-06-08 11:00:00,3.2,sell,3.0
2020-06-12 10:00:00,3.084,buy,2.0
2020-06-16 14:30:00,3.102,sell,4.0
2020-06-18 10:30:00,3.2,sell,4.0
2020-06-18 10:45:00,3.182,sell,4.0
2020-06-22 11:00:00,3.228,sell,3.0
2020-06-22 11:15:00,3.237,sell,3.0
2020-06-22 11:30:00,3.228,sell,3.0
2020-06-24 11:15:00,3.155,buy,2.0
2020-06-29 14:45:00,3.099,buy,1.0
2020-07-01 10:00:00,3.201,sell,4.0
2020-07-01 10:15:00,3.182,sell,4.0
2020-07-02 13:30:00,3.274,sell,4.0
2020-07-02 13:45:00,3.265,sell,4.0
2020-07-03 10:00:00,3.43,sell,4.0
2020-07-03 10:15:00,3.412,sell,4.0
2020-07-03 10:30:00,3.421,sell,4.0
2020-07-06 10:00:00,3.541,sell,4.0
2020-07-06 10:30:00,3.55,sell,4.0
2020-07-06 11:00:00,3.605,sell,4.0
2020-07-09 14:15:00,4.019,sell,3.0
2020-07-09 14:30:00,3.982,sell,4.0
2020-07-13 11:15:00,4.074,sell,3.0
2020-07-13 11:30:00,4.12,sell,3.0
2020-07-13 13:15:00,4.111,sell,3.0
2020-07-13 13:30:00,4.093,sell,3.0
2020-07-15 10:30:00,3.872,buy,2.0
2020-07-15 11:00:00,3.826,buy,2.0
2020-07-16 13:45:00,3.752,buy,2.0
2020-07-17 09:45:00,3.679,buy,2.0
2020-07-20 11:00:00,3.798,sell,4.0
2020-07-20 11:15:00,3.789,sell,4.0
2020-07-22 10:15:00,3.863,sell,3.0
2020-07-23 11:15:00,3.807,buy,1.0
2020-07-24 11:15:00,3.918,sell,3.0
2020-07-28 10:15:00,4.047,sell,3.0
2020-07-28 10:30:00,4.01,sell,3.0
2020-08-03 10:45:00,3.982,sell,3.0
2020-08-03 11:00:00,3.973,sell,3.0
2020-08-06 10:15:00,4.12,sell,4.0
2020-08-06 10:30:00,4.074,sell,3.0
2020-08-06 14:45:00,4.341,sell,3.0
2020-08-06 15:00:00,4.249,sell,3.0
2020-08-10 10:00:00,4.028,buy,2.0
2020-08-10 10:15:00,4.037,buy,2.0
2020-08-11 15:00:00,3.936,buy,2.0
2020-08-12 10:00:00,3.817,buy,2.0
2020-08-12 10:15:00,3.807,buy,2.0
2020-08-12 10:30:00,3.798,buy,2.0
2020-08-17 11:00:00,3.918,sell,4.0
2020-08-17 11:15:00,3.899,sell,4.0
2020-08-18 10:15:00,4.01,sell,3.0
2020-08-19 15:00:00,3.927,buy,2.0
2020-08-20 10:00:00,3.909,buy,2.0
2020-08-20 10:45:00,3.872,buy,2.0
2020-08-24 10:00:00,3.807,buy,2.0
2020-08-24 10:15:00,3.835,buy,2.0
2020-08-25 11:15:00,3.798,buy,2.0
2020-08-25 13:15:00,3.78,buy,2.0
2020-08-25 13:30:00,3.78,buy,2.0
2020-08-26 10:00:00,3.743,buy,2.0
2020-08-26 10:30:00,3.688,buy,2.0
2020-08-26 10:45:00,3.688,buy,2.0
2020-08-28 14:30:00,3.734,sell,3.0
2020-08-28 15:00:00,3.743,sell,3.0
2020-08-31 10:00:00,3.78,sell,3.0
2020-08-31 10:15:00,3.78,sell,3.0
2020-09-01 09:45:00,3.706,buy,2.0
2020-09-04 10:00:00,3.651,buy,1.0
2020-09-08 14:15:00,3.743,sell,3.0
2020-09-10 13:30:00,3.688,buy,2.0
2020-09-17 10:00:00,3.605,buy,2.0
2020-09-17 10:15:00,3.596,buy,1.0
2020-09-17 10:30:00,3.614,buy,2.0
2020-09-18 14:30:00,3.716,sell,3.0
2020-09-18 14:45:00,3.706,sell,3.0
2020-09-22 10:00:00,3.67,buy,2.0
2020-09-24 10:00:00,3.541,buy,2.0
2020-09-24 10:15:00,3.541,buy,2.0
2020-09-24 10:30:00,3.541,buy,2.0
2020-09-24 11:00:00,3.504,buy,2.0
2020-09-24 11:15:00,3.504,buy,2.0
2020-09-25 14:15:00,3.467,buy,1.0
2020-09-30 13:15:00,3.449,buy,2.0
2020-09-30 13:30:00,3.421,buy,1.0
2020-09-30 13:45:00,3.412,buy,1.0
2020-09-30 14:00:00,3.421,buy,1.0
2020-09-30 14:30:00,3.43,buy,1.0
2020-10-12 10:45:00,3.587,sell,3.0
2020-10-20 10:00:00,3.504,buy,1.0
2020-10-20 10:15:00,3.513,buy,1.0
2020-10-26 10:00:00,3.476,buy,2.0
2020-10-30 11:00:00,3.504,buy,2.0
2020-10-30 14:15:00,3.467,buy,1.0
2020-10-30 14:30:00,3.458,buy,1.0
2020-10-30 14:45:00,3.467,buy,1.0
2020-11-03 10:00:00,3.596,sell,4.0
2020-11-03 10:15:00,3.587,sell,4.0
2020-11-03 10:30:00,3.596,sell,4.0
2020-11-03 10:45:00,3.633,sell,4.0
2020-11-03 11:00:00,3.688,sell,3.0
2020-11-03 11:15:00,3.688,sell,3.0
2020-11-03 11:30:00,3.697,sell,3.0
2020-11-06 10:30:00,3.706,sell,4.0
2020-11-11 10:30:00,3.955,sell,3.0
2020-11-11 10:45:00,3.927,sell,3.0
2020-11-11 11:00:00,3.918,sell,3.0
2020-11-16 10:30:00,4.01,sell,4.0
2020-11-16 10:45:00,4.037,sell,4.0
2020-11-16 11:00:00,4.01,sell,4.0
2020-11-18 10:15:00,4.074,sell,3.0
2020-11-19 10:45:00,4.001,buy,2.0
2020-11-20 13:15:00,4.047,sell,4.0
2020-11-23 10:00:00,4.525,sell,4.0
2020-11-23 10:15:00,4.543,sell,4.0
2020-11-23 10:30:00,4.543,sell,3.0
2020-11-30 10:00:00,4.681,sell,3.0
2020-11-30 10:15:00,4.718,sell,3.0
2020-11-30 10:30:00,4.718,sell,3.0
2020-11-30 10:45:00,4.718,sell,3.0
2020-12-03 10:15:00,4.323,buy,2.0
2020-12-03 10:30:00,4.313,buy,2.0
2020-12-03 10:45:00,4.304,buy,2.0
2020-12-09 10:00:00,4.323,sell,3.0
2020-12-10 10:15:00,4.194,buy,2.0
2020-12-11 10:00:00,4.286,sell,3.0
2020-12-14 10:00:00,4.028,buy,2.0
2020-12-14 10:15:00,4.056,buy,2.0
2020-12-15 11:00:00,3.945,buy,1.0
2020-12-15 11:15:00,3.955,buy,2.0
2020-12-17 10:00:00,4.139,sell,4.0
2020-12-17 10:15:00,4.139,sell,4.0
2020-12-17 10:30:00,4.148,sell,4.0
2020-12-17 10:45:00,4.231,sell,4.0
2020-12-17 11:00:00,4.323,sell,4.0
2020-12-17 11:15:00,4.368,sell,4.0
2020-12-17 11:30:00,4.368,sell,4.0
2020-12-17 13:15:00,4.368,sell,4.0
2020-12-23 10:15:00,4.258,buy,2.0
2020-12-25 11:30:00,4.46,sell,3.0
2020-12-25 14:15:00,4.598,sell,3.0
2020-12-29 10:45:00,4.414,buy,2.0
2021-01-06 10:45:00,4.543,sell,3.0
2021-01-07 11:15:00,4.681,sell,3.0
2021-01-11 09:45:00,4.543,sell,3.0
2021-01-13 10:00:00,4.81,sell,3.0
2021-01-13 10:15:00,4.764,sell,3.0
2021-01-14 10:00:00,4.442,buy,1.0
2021-01-14 10:15:00,4.396,buy,1.0
2021-01-14 10:30:00,4.405,buy,1.0
2021-01-19 14:15:00,4.359,buy,2.0
2021-01-19 14:30:00,4.332,buy,2.0
2021-01-19 14:45:00,4.323,buy,1.0
2021-01-19 15:00:00,4.323,buy,1.0
2021-01-20 15:00:00,4.414,sell,4.0
2021-01-21 10:00:00,4.534,sell,4.0
2021-01-21 10:15:00,4.626,sell,4.0
2021-01-21 10:30:00,4.589,sell,4.0
2021-01-21 10:45:00,4.709,sell,4.0
2021-01-21 11:00:00,4.819,sell,4.0
2021-01-21 11:15:00,4.838,sell,4.0
2021-01-21 11:30:00,4.838,sell,4.0
2021-01-25 11:00:00,5.012,sell,3.0
2021-01-28 10:30:00,4.93,sell,3.0
2021-02-02 10:00:00,4.525,buy,2.0
2021-02-02 10:15:00,4.488,buy,2.0
2021-02-02 10:30:00,4.506,buy,2.0
2021-02-04 11:00:00,4.157,buy,2.0
2021-02-04 11:15:00,4.166,buy,2.0
2021-02-04 11:30:00,4.166,buy,2.0
2021-02-09 10:00:00,4.396,sell,4.0
2021-02-09 10:15:00,4.368,sell,4.0
2021-02-09 10:30:00,4.341,sell,4.0
2021-02-10 14:15:00,4.506,sell,4.0
2021-02-18 10:00:00,4.93,sell,4.0
2021-02-18 10:15:00,4.893,sell,4.0
2021-02-18 10:30:00,4.865,sell,4.0
2021-02-19 10:45:00,5.169,sell,4.0
2021-02-19 11:00:00,5.095,sell,4.0
2021-02-19 13:45:00,5.343,sell,4.0
2021-02-19 14:00:00,5.316,sell,4.0
2021-02-22 10:00:00,5.831,sell,3.0
2021-02-22 10:15:00,5.868,sell,3.0
2021-02-22 10:30:00,5.858,sell,3.0
2021-02-24 11:30:00,5.417,buy,2.0
2021-02-26 10:00:00,5.104,buy,2.0
2021-02-26 10:15:00,5.141,buy,2.0
2021-03-05 11:00:00,4.718,buy,2.0
2021-03-08 15:00:00,4.635,buy,2.0
2021-03-09 10:15:00,4.635,buy,2.0
2021-03-17 10:00:00,4.635,buy,2.0
2021-03-19 10:00:00,4.543,buy,2.0
2021-03-19 10:15:00,4.543,buy,1.0
2021-03-19 10:30:00,4.562,buy,2.0
2021-03-23 13:15:00,4.552,buy,2.0
2021-03-24 10:00:00,4.414,buy,2.0
2021-03-24 10:15:00,4.387,buy,2.0
2021-03-24 10:30:00,4.378,buy,2.0
2021-03-24 10:45:00,4.368,buy,2.0
2021-03-24 11:15:00,4.323,buy,2.0
2021-03-31 13:30:00,4.488,sell,3.0
2021-04-08 09:45:00,4.534,sell,4.0
2021-04-08 10:00:00,4.488,sell,4.0
2021-04-08 13:45:00,4.571,sell,3.0
2021-04-08 14:15:00,4.589,sell,3.0
2021-04-12 10:30:00,4.47,buy,2.0
2021-04-12 10:45:00,4.46,buy,2.0
2021-04-15 15:00:00,4.488,sell,3.0
2021-04-16 09:45:00,4.479,sell,3.0
2021-04-20 10:00:00,4.433,buy,2.0
2021-04-20 11:15:00,4.396,buy,2.0
2021-04-21 10:00:00,4.277,buy,2.0
2021-04-21 10:15:00,4.277,buy,2.0
2021-04-21 10:30:00,4.277,buy,2.0
2021-04-22 15:00:00,4.203,buy,2.0
2021-04-23 10:00:00,4.148,buy,2.0
2021-04-23 10:15:00,4.157,buy,2.0
2021-04-23 10:45:00,4.129,buy,2.0
2021-04-26 10:00:00,4.313,sell,4.0
2021-04-26 10:15:00,4.323,sell,4.0
2021-04-26 10:30:00,4.313,sell,3.0
2021-04-26 11:30:00,4.433,sell,3.0
2021-04-29 14:15:00,4.396,sell,4.0
2021-04-29 14:45:00,4.414,sell,4.0
2021-05-06 10:15:00,4.424,sell,4.0
2021-05-07 10:15:00,4.543,sell,4.0
2021-05-07 10:30:00,4.608,sell,4.0
2021-05-07 10:45:00,4.654,sell,4.0
2021-05-07 11:00:00,4.663,sell,3.0
2021-05-07 11:15:00,4.709,sell,3.0
2021-05-07 11:30:00,4.7,sell,3.0
2021-05-11 10:30:00,4.488,buy,1.0
2021-05-11 10:45:00,4.525,buy,2.0
2021-05-18 10:00:00,4.644,sell,3.0
2021-05-18 10:15:00,4.69,sell,3.0
2021-05-18 10:30:00,4.672,sell,3.0
2021-05-18 10:45:00,4.635,sell,3.0
2021-05-20 10:00:00,4.304,buy,2.0
2021-05-20 10:15:00,4.295,buy,2.0
2021-05-20 10:30:00,4.295,buy,2.0
2021-05-26 10:30:00,4.378,sell,4.0
2021-05-26 10:45:00,4.359,sell,4.0
2021-06-01 10:00:00,4.304,buy,1.0
2021-06-01 10:15:00,4.323,buy,1.0
2021-06-01 10:45:00,4.313,buy,1.0
2021-06-04 10:30:00,4.295,buy,2.0
2021-06-08 13:15:00,4.221,buy,2.0
2021-06-09 11:00:00,4.277,sell,3.0
2021-06-11 13:15:00,4.323,sell,3.0
2021-06-11 13:30:00,4.341,sell,3.0
2021-06-11 13:45:00,4.313,sell,3.0
2021-06-16 13:45:00,4.12,buy,2.0
2021-06-16 14:15:00,4.12,buy,2.0
2021-06-16 15:00:00,4.129,buy,2.0
2021-06-18 10:00:00,4.001,buy,2.0
2021-06-18 10:15:00,4.01,buy,2.0
2021-06-18 10:30:00,4.019,buy,1.0
2021-06-29 10:30:00,4.019,buy,2.0
2021-07-01 11:30:00,3.992,buy,2.0
2021-07-01 15:00:00,3.936,buy,1.0
2021-07-02 09:45:00,3.954,buy,1.0
2021-07-06 11:00:00,4.112,sell,4.0
2021-07-07 11:30:00,4.187,sell,4.0
2021-07-07 13:15:00,4.168,sell,4.0
2021-07-08 10:00:00,4.243,sell,4.0
2021-07-08 10:15:00,4.233,sell,4.0
2021-07-09 10:45:00,4.289,sell,4.0
2021-07-09 11:00:00,4.345,sell,4.0
2021-07-09 11:15:00,4.345,sell,4.0
2021-07-09 11:30:00,4.326,sell,4.0
2021-07-14 10:00:00,4.289,buy,2.0
2021-07-14 10:30:00,4.243,buy,2.0
2021-07-14 10:45:00,4.252,buy,2.0
2021-07-15 11:00:00,4.159,buy,1.0
2021-07-16 10:15:00,4.429,sell,3.0
2021-07-16 10:30:00,4.494,sell,3.0
2021-07-16 10:45:00,4.447,sell,3.0
2021-07-21 10:45:00,4.447,sell,4.0
2021-07-21 11:15:00,4.475,sell,4.0
2021-07-22 11:00:00,4.634,sell,4.0
2021-07-22 11:15:00,4.634,sell,4.0
2021-07-22 11:30:00,4.634,sell,4.0
2021-07-22 13:15:00,4.606,sell,4.0
2021-07-23 10:00:00,4.792,sell,4.0
2021-07-23 10:15:00,4.838,sell,4.0
2021-07-23 10:30:00,4.82,sell,4.0
2021-07-26 10:00:00,5.248,sell,4.0
2021-07-26 10:15:00,5.257,sell,3.0
2021-07-26 10:30:00,5.257,sell,3.0
2021-07-26 10:45:00,5.257,sell,3.0
2021-07-28 10:00:00,5.229,buy,2.0
2021-08-02 11:00:00,4.978,buy,2.0
2021-08-06 10:30:00,4.95,sell,3.0
2021-08-06 13:30:00,5.043,sell,3.0
2021-08-12 10:15:00,5.182,sell,3.0
2021-08-12 10:30:00,5.229,sell,3.0
2021-08-12 10:45:00,5.21,sell,3.0
2021-08-18 10:00:00,4.717,buy,2.0
2021-08-19 10:00:00,4.587,buy,2.0
2021-08-19 10:15:00,4.54,buy,1.0
2021-08-19 10:30:00,4.54,buy,1.0
2021-08-19 10:45:00,4.559,buy,1.0
2021-08-23 10:00:00,4.727,sell,4.0
2021-08-23 10:30:00,4.848,sell,4.0
2021-08-23 10:45:00,4.82,sell,4.0
2021-08-24 10:30:00,5.024,sell,4.0
2021-08-24 10:45:00,5.052,sell,4.0
2021-08-24 11:00:00,5.043,sell,4.0
2021-08-26 10:30:00,5.573,sell,3.0
2021-08-26 10:45:00,5.685,sell,3.0
2021-08-26 11:00:00,5.61,sell,3.0
2021-09-01 11:00:00,5.387,buy,2.0
2021-09-02 11:15:00,5.62,sell,3.0
2021-09-02 11:30:00,5.62,sell,3.0
2021-09-03 10:00:00,5.722,sell,3.0
2021-09-07 11:15:00,5.536,sell,4.0
2021-09-07 11:30:00,5.555,sell,4.0
2021-09-07 13:15:00,5.499,sell,4.0
2021-09-16 10:00:00,5.722,sell,3.0
2021-09-17 11:15:00,5.294,buy,2.0
2021-09-17 11:30:00,5.192,buy,2.0
2021-09-17 13:15:00,5.099,buy,1.0
2021-09-17 13:30:00,5.136,buy,2.0
2021-09-17 13:45:00,5.173,buy,2.0
2021-09-24 11:15:00,5.08,buy,2.0
2021-09-24 11:30:00,5.071,buy,2.0
2021-09-24 13:15:00,5.062,buy,2.0
2021-09-24 13:45:00,5.015,buy,2.0
2021-09-24 14:15:00,4.968,buy,2.0
2021-09-27 10:00:00,4.754,buy,2.0
2021-09-27 10:15:00,4.689,buy,2.0
2021-09-27 10:30:00,4.689,buy,2.0
2021-09-29 11:15:00,4.42,buy,2.0
2021-10-08 10:00:00,4.485,sell,4.0
2021-10-11 10:00:00,4.606,sell,3.0
2021-10-11 10:15:00,4.596,sell,3.0
2021-10-11 10:30:00,4.578,sell,3.0
2021-10-12 11:15:00,4.54,buy,2.0
2021-10-12 14:00:00,4.485,buy,1.0
2021-10-14 10:00:00,4.885,sell,4.0
2021-10-14 10:15:00,4.857,sell,4.0
2021-10-14 10:30:00,4.838,sell,4.0
2021-10-14 11:00:00,4.931,sell,4.0
2021-10-18 10:00:00,5.527,sell,4.0
2021-10-18 10:15:00,5.527,sell,4.0
2021-10-18 10:30:00,5.573,sell,3.0
2021-10-18 10:45:00,5.564,sell,3.0
2021-10-20 10:00:00,5.21,buy,2.0
2021-10-20 10:15:00,5.257,buy,2.0
2021-10-20 10:30:00,5.285,buy,2.0
2021-10-22 10:00:00,5.062,buy,2.0
2021-10-22 10:15:00,5.062,buy,2.0
2021-10-22 10:30:00,5.034,buy,2.0
2021-10-22 10:45:00,4.987,buy,2.0
2021-10-22 11:00:00,4.987,buy,2.0
2021-10-27 10:15:00,4.745,buy,2.0
2021-10-28 10:30:00,4.568,buy,1.0
2021-10-28 11:00:00,4.587,buy,2.0
2021-11-01 10:00:00,4.661,sell,3.0
2021-11-01 10:15:00,4.634,sell,3.0
2021-11-02 11:00:00,4.55,buy,2.0
2021-11-02 11:15:00,4.522,buy,2.0
2021-11-02 11:30:00,4.531,buy,2.0
2021-11-02 13:30:00,4.438,buy,2.0
2021-11-02 13:45:00,4.475,buy,2.0
2021-11-05 10:00:00,4.42,buy,2.0
2021-11-05 10:45:00,4.401,buy,2.0
2021-11-09 13:45:00,4.401,buy,2.0
2021-11-12 10:00:00,4.494,sell,3.0
2021-11-15 10:00:00,4.401,buy,2.0
2021-11-16 10:15:00,4.466,sell,4.0
2021-11-17 09:45:00,4.41,buy,1.0
2021-11-18 10:30:00,4.531,sell,4.0
2021-11-18 10:45:00,4.587,sell,4.0
2021-11-18 11:00:00,4.578,sell,4.0
2021-11-18 11:15:00,4.587,sell,4.0
2021-11-18 11:30:00,4.587,sell,4.0
2021-11-23 10:00:00,4.689,sell,3.0
2021-11-23 10:15:00,4.717,sell,3.0
2021-11-23 10:30:00,4.699,sell,4.0
2021-11-26 11:00:00,4.745,sell,3.0
2021-11-29 10:15:00,4.624,buy,1.0
2021-11-29 10:30:00,4.643,buy,2.0
2021-12-03 09:45:00,4.615,buy,1.0
2021-12-06 10:00:00,4.689,sell,3.0
2021-12-06 10:30:00,4.764,sell,3.0
2021-12-06 10:45:00,4.782,sell,3.0
2021-12-06 11:00:00,4.773,sell,3.0
2021-12-07 10:30:00,4.615,buy,2.0
2021-12-07 10:45:00,4.615,buy,2.0
2021-12-14 10:15:00,4.596,buy,2.0
2021-12-14 10:30:00,4.578,buy,2.0
2021-12-14 10:45:00,4.578,buy,2.0
2021-12-14 11:00:00,4.568,buy,2.0
2021-12-17 10:00:00,4.885,sell,3.0
2021-12-17 10:15:00,4.875,sell,3.0
2021-12-20 10:45:00,4.661,buy,2.0
2021-12-21 14:15:00,4.708,sell,4.0
2021-12-22 10:00:00,4.699,sell,4.0
2021-12-23 10:00:00,4.782,sell,3.0
2021-12-23 10:15:00,4.782,sell,3.0
2021-12-23 10:45:00,4.857,sell,3.0
2021-12-23 11:00:00,4.838,sell,3.0
2021-12-24 10:30:00,4.699,buy,2.0
2021-12-24 10:45:00,4.689,buy,2.0
2021-12-24 11:00:00,4.689,buy,2.0
2021-12-31 10:15:00,4.652,sell,4.0
2022-01-07 14:00:00,4.699,sell,4.0
2022-01-12 10:00:00,4.773,sell,4.0
2022-01-12 11:30:00,4.829,sell,3.0
2022-01-12 13:15:00,4.82,sell,3.0
2022-01-13 10:00:00,5.024,sell,3.0
2022-01-13 10:15:00,5.015,sell,3.0
2022-01-13 10:30:00,4.987,sell,3.0
2022-01-14 10:45:00,4.782,buy,2.0
2022-01-19 10:00:00,4.754,sell,3.0
2022-01-24 10:00:00,4.671,buy,2.0
2022-01-25 10:45:00,4.568,buy,2.0
2022-01-25 13:30:00,4.513,buy,2.0
2022-01-27 10:45:00,4.382,buy,1.0
2022-01-27 11:00:00,4.42,buy,2.0
2022-02-07 10:30:00,4.513,sell,4.0
2022-02-07 10:45:00,4.485,sell,4.0
2022-02-08 10:30:00,4.578,sell,4.0
2022-02-09 10:00:00,4.773,sell,4.0
2022-02-09 10:15:00,4.782,sell,4.0
2022-02-09 10:30:00,4.801,sell,4.0
2022-02-09 10:45:00,4.782,sell,4.0
2022-02-10 10:00:00,4.996,sell,3.0
2022-02-10 10:15:00,4.968,sell,3.0
2022-02-23 10:15:00,4.885,sell,4.0
2022-03-02 10:00:00,4.978,sell,4.0
2022-03-02 10:30:00,5.08,sell,4.0
2022-03-02 10:45:00,5.062,sell,4.0
2022-03-02 11:00:00,5.108,sell,4.0
2022-03-02 11:15:00,5.062,sell,4.0
2022-03-03 10:00:00,5.341,sell,3.0
2022-03-03 10:15:00,5.294,sell,3.0
2022-03-07 10:00:00,5.369,sell,3.0
2022-03-07 10:15:00,5.415,sell,3.0
2022-03-07 10:30:00,5.396,sell,3.0
2022-03-08 10:30:00,5.201,buy,2.0
2022-03-08 10:45:00,5.201,buy,2.0
2022-03-08 11:15:00,5.127,buy,2.0
2022-03-08 11:30:00,5.127,buy,2.0
2022-03-15 10:00:00,4.373,buy,2.0
2022-03-15 10:15:00,4.438,buy,2.0
2022-03-18 13:45:00,4.457,sell,4.0
2022-03-18 14:30:00,4.513,sell,4.0
2022-03-24 10:00:00,5.062,sell,3.0
2022-03-24 10:15:00,5.024,sell,3.0
2022-03-24 10:30:00,5.034,sell,3.0
2022-03-25 10:45:00,4.987,buy,2.0
2022-03-28 10:00:00,4.773,buy,1.0
2022-03-28 10:15:00,4.848,buy,1.0
2022-03-31 11:15:00,4.801,buy,2.0
2022-04-06 10:00:00,4.736,buy,1.0
2022-04-06 10:15:00,4.699,buy,1.0
2022-04-06 10:30:00,4.708,buy,1.0
2022-04-06 10:45:00,4.754,buy,2.0
2022-04-08 10:30:00,4.708,buy,1.0
2022-04-08 10:45:00,4.745,buy,1.0
2022-04-12 14:00:00,5.015,sell,4.0
2022-04-12 14:15:00,5.052,sell,4.0
2022-04-12 14:30:00,5.024,sell,4.0
2022-04-18 10:15:00,5.294,buy,2.0
2022-04-18 10:30:00,5.238,buy,1.0
2022-04-18 10:45:00,5.331,buy,2.0
2022-04-19 10:15:00,5.48,sell,3.0
2022-04-21 10:30:00,5.08,buy,2.0
2022-04-22 10:00:00,4.773,buy,2.0
2022-04-29 10:45:00,4.615,sell,3.0
2022-04-29 13:30:00,4.736,sell,3.0
2022-04-29 13:45:00,4.782,sell,3.0
2022-04-29 14:00:00,4.792,sell,3.0
2022-04-29 14:30:00,4.81,sell,3.0
2022-05-06 10:00:00,4.522,buy,2.0
2022-05-10 10:00:00,4.289,buy,1.0
2022-05-12 14:00:00,4.364,buy,1.0
2022-05-16 10:15:00,4.513,sell,4.0
2022-05-16 10:30:00,4.503,sell,4.0
2022-05-19 10:00:00,4.392,buy,1.0
2022-05-19 10:15:00,4.41,buy,1.0
2022-05-19 10:30:00,4.41,buy,1.0
2022-05-20 10:00:00,4.531,sell,4.0
2022-05-20 10:45:00,4.55,sell,4.0
2022-05-23 10:15:00,4.699,sell,3.0
2022-05-24 14:30:00,4.596,buy,2.0
2022-05-24 14:45:00,4.578,buy,2.0
2022-05-24 15:00:00,4.54,buy,2.0
2022-05-25 09:45:00,4.587,buy,2.0
2022-05-26 10:15:00,4.522,buy,1.0
2022-06-01 14:00:00,4.466,buy,1.0
2022-06-06 10:45:00,4.615,sell,4.0
2022-06-06 11:00:00,4.624,sell,4.0
2022-06-06 11:15:00,4.661,sell,4.0
2022-06-06 11:30:00,4.671,sell,4.0
2022-06-06 13:15:00,4.68,sell,4.0
2022-06-06 13:30:00,4.689,sell,4.0
2022-06-07 10:00:00,4.922,sell,4.0
2022-06-07 10:15:00,4.903,sell,4.0
2022-06-07 11:15:00,5.024,sell,4.0
2022-06-08 10:00:00,5.508,sell,3.0
2022-06-08 10:15:00,5.462,sell,3.0
2022-06-10 11:30:00,5.35,sell,3.0
2022-06-10 13:30:00,5.424,sell,3.0
2022-06-10 13:45:00,5.452,sell,3.0
2022-06-10 14:00:00,5.443,sell,3.0
2022-06-17 10:00:00,5.201,buy,2.0
2022-06-17 11:15:00,5.145,buy,2.0
2022-06-21 10:30:00,4.931,buy,2.0
2022-06-21 10:45:00,4.913,buy,2.0
2022-06-21 11:00:00,4.903,buy,2.0
2022-06-21 11:15:00,4.931,buy,2.0
2022-06-24 14:45:00,4.894,buy,2.0
2022-06-29 14:00:00,4.81,buy,2.0
2022-07-01 10:00:00,4.745,buy,1.0
2022-07-05 10:15:00,4.95,sell,3.0
2022-07-05 10:30:00,4.95,sell,4.0
2022-07-07 10:45:00,5.089,sell,3.0
2022-07-07 11:00:00,5.08,sell,3.0
2022-07-07 13:15:00,5.145,sell,3.0
2022-07-11 10:00:00,4.814,buy,2.0
2022-07-11 10:15:00,4.823,buy,2.0
2022-07-11 10:30:00,4.804,buy,1.0
2022-07-11 10:45:00,4.814,buy,2.0
2022-07-12 10:45:00,4.89,sell,3.0
2022-07-14 10:00:00,4.709,buy,2.0
2022-07-14 10:15:00,4.718,buy,2.0
2022-07-14 10:30:00,4.737,buy,1.0
2022-07-15 15:00:00,4.709,buy,1.0
2022-07-19 13:45:00,4.833,buy,1.0
2022-07-29 10:30:00,5.147,sell,3.0
2022-08-02 11:00:00,5.023,buy,2.0
2022-08-03 15:00:00,4.899,buy,2.0
2022-08-04 09:45:00,4.975,buy,2.0
2022-08-04 13:30:00,4.861,buy,1.0
2022-08-05 10:00:00,5.223,sell,3.0
2022-08-05 10:15:00,5.261,sell,3.0
2022-08-05 10:30:00,5.185,sell,3.0
2022-08-10 10:15:00,5.251,sell,4.0
2022-08-10 10:30:00,5.223,sell,4.0
2022-08-12 10:00:00,5.384,sell,3.0
2022-08-12 10:15:00,5.375,sell,4.0
2022-08-12 10:30:00,5.394,sell,3.0
2022-08-12 10:45:00,5.394,sell,3.0
2022-08-16 10:00:00,5.251,buy,2.0
2022-08-16 10:15:00,5.27,buy,2.0
2022-08-16 10:30:00,5.251,buy,2.0
2022-08-16 10:45:00,5.289,buy,2.0
2022-08-17 13:30:00,5.299,sell,3.0
2022-08-22 09:45:00,5.099,buy,1.0
2022-08-22 10:00:00,5.108,buy,1.0
2022-08-22 10:15:00,5.127,buy,1.0
2022-08-23 10:00:00,5.318,sell,3.0
2022-08-23 14:30:00,5.394,sell,4.0
2022-08-31 10:00:00,5.137,buy,2.0
2022-08-31 10:15:00,5.166,buy,2.0
2022-08-31 10:30:00,5.175,buy,2.0
2022-09-02 10:00:00,4.994,buy,2.0
2022-09-02 10:15:00,5.004,buy,2.0
2022-09-06 10:00:00,5.327,sell,4.0
2022-09-06 10:15:00,5.384,sell,4.0
2022-09-06 10:30:00,5.441,sell,4.0
2022-09-06 10:45:00,5.518,sell,3.0
2022-09-06 11:00:00,5.451,sell,4.0
2022-09-08 10:00:00,5.432,buy,1.0
2022-09-09 10:00:00,5.793,sell,3.0
2022-09-13 13:45:00,5.689,buy,2.0
2022-09-14 10:00:00,5.622,buy,2.0
2022-09-14 10:30:00,5.594,buy,2.0
2022-09-15 10:45:00,5.318,buy,2.0
2022-09-15 11:00:00,5.356,buy,2.0
2022-09-16 15:00:00,5.108,buy,2.0
2022-09-20 11:00:00,5.432,sell,4.0
2022-09-20 11:15:00,5.498,sell,3.0
2022-09-20 11:30:00,5.403,sell,4.0
2022-09-22 10:00:00,5.537,sell,3.0
2022-09-22 10:15:00,5.508,sell,3.0
2022-09-23 10:30:00,5.346,buy,2.0
2022-09-23 10:45:00,5.327,buy,2.0
2022-09-23 11:00:00,5.299,buy,2.0
2022-09-23 11:15:00,5.327,buy,2.0
2022-09-27 10:45:00,4.985,buy,2.0
2022-10-14 14:00:00,5.08,sell,3.0
2022-10-20 10:00:00,4.909,buy,2.0
2022-10-20 10:15:00,4.909,buy,2.0
2022-10-20 10:30:00,4.928,buy,2.0
2022-10-25 10:15:00,4.747,buy,1.0
2022-10-25 10:30:00,4.766,buy,1.0
2022-10-28 10:00:00,4.699,buy,2.0
2022-10-28 10:15:00,4.718,buy,2.0
2022-10-28 10:30:00,4.709,buy,2.0
2022-10-31 10:00:00,4.595,buy,2.0
2022-10-31 10:30:00,4.547,buy,2.0
2022-11-03 11:30:00,4.538,buy,1.0
2022-11-03 13:15:00,4.557,buy,1.0
2022-11-04 10:30:00,4.671,sell,4.0
2022-11-04 11:00:00,4.718,sell,4.0
2022-11-04 11:15:00,4.747,sell,4.0
2022-11-04 11:30:00,4.766,sell,4.0
2022-11-04 13:15:00,4.756,sell,4.0
2022-11-07 10:00:00,4.909,sell,4.0
2022-11-10 10:15:00,4.842,buy,1.0
2022-11-10 10:30:00,4.833,buy,1.0
2022-11-11 10:00:00,4.918,sell,4.0
2022-11-11 11:15:00,5.013,sell,3.0
2022-11-14 13:45:00,4.947,buy,2.0
2022-11-14 14:00:00,4.928,buy,1.0
2022-11-14 14:15:00,4.937,buy,1.0
2022-11-21 10:15:00,4.833,buy,1.0
2022-11-21 10:30:00,4.861,buy,2.0
2022-11-24 11:00:00,5.004,sell,3.0
2022-11-24 11:15:00,4.985,sell,3.0
2022-11-29 13:15:00,5.061,sell,4.0
2022-11-29 13:45:00,5.108,sell,3.0
2022-11-29 14:00:00,5.08,sell,3.0
2022-11-30 15:00:00,5.023,buy,1.0
2022-12-02 10:45:00,5.042,buy,2.0
2022-12-02 11:00:00,5.042,buy,2.0
2022-12-02 11:30:00,5.023,buy,2.0
2022-12-05 10:30:00,5.147,sell,3.0
2022-12-05 10:45:00,5.175,sell,3.0
2022-12-05 11:00:00,5.156,sell,3.0
2022-12-06 13:30:00,5.118,buy,2.0
2022-12-07 14:30:00,5.032,buy,1.0
2022-12-09 13:15:00,5.156,sell,4.0
2022-12-09 14:00:00,5.204,sell,3.0
2022-12-09 14:15:00,5.223,sell,3.0
2022-12-09 14:30:00,5.251,sell,3.0
2022-12-09 14:45:00,5.223,sell,3.0
2022-12-15 10:45:00,5.061,buy,2.0
2022-12-19 10:30:00,4.937,buy,2.0
2022-12-19 10:45:00,4.928,buy,2.0
2022-12-19 11:00:00,4.928,buy,2.0
2022-12-19 11:15:00,4.928,buy,2.0
2022-12-22 14:15:00,4.766,buy,2.0
2022-12-22 14:30:00,4.756,buy,2.0
2022-12-22 14:45:00,4.756,buy,2.0
2022-12-22 15:00:00,4.756,buy,2.0
2022-12-27 10:00:00,4.795,sell,4.0
2022-12-27 10:15:00,4.804,sell,4.0
2022-12-28 10:45:00,4.861,sell,3.0
2022-12-28 11:00:00,4.842,sell,3.0
2023-01-03 15:00:00,4.852,sell,3.0
2023-01-04 13:45:00,4.728,buy,1.0
2023-01-04 14:00:00,4.747,buy,1.0
2023-01-09 10:15:00,4.833,sell,4.0
2023-01-09 10:45:00,4.861,sell,4.0
2023-01-09 11:00:00,4.861,sell,4.0
2023-01-09 11:15:00,4.842,sell,4.0
2023-01-11 10:15:00,4.89,sell,4.0
2023-01-11 11:30:00,4.928,sell,3.0
2023-01-18 10:00:00,5.004,sell,4.0
2023-01-18 10:30:00,4.994,sell,4.0
2023-01-20 10:15:00,5.108,sell,4.0
2023-01-20 10:30:00,5.127,sell,4.0
2023-01-20 10:45:00,5.108,sell,4.0
2023-01-20 11:15:00,5.156,sell,4.0
2023-01-20 11:30:00,5.166,sell,4.0
2023-01-31 10:00:00,5.194,buy,2.0
2023-02-01 10:00:00,5.403,sell,3.0
2023-02-01 10:15:00,5.413,sell,3.0
2023-02-01 10:30:00,5.384,sell,3.0
2023-02-03 10:00:00,5.242,buy,2.0
2023-02-03 10:15:00,5.223,buy,2.0
2023-02-03 10:30:00,5.242,buy,2.0
2023-02-03 11:00:00,5.232,buy,2.0
2023-02-08 10:30:00,5.232,sell,3.0
2023-02-10 11:00:00,5.156,buy,2.0
2023-02-10 13:15:00,5.127,buy,1.0
2023-02-13 11:15:00,5.213,sell,4.0
2023-02-13 11:30:00,5.223,sell,3.0
2023-02-13 13:15:00,5.223,sell,3.0
2023-02-13 13:30:00,5.223,sell,3.0
2023-02-14 10:30:00,5.308,sell,3.0
2023-02-14 10:45:00,5.28,sell,3.0
2023-02-16 10:00:00,5.166,buy,2.0
2023-02-16 14:45:00,5.042,buy,1.0
2023-02-21 10:15:00,5.346,sell,3.0
2023-02-24 11:00:00,5.175,buy,2.0
2023-02-24 11:15:00,5.175,buy,2.0
2023-03-01 10:00:00,5.299,sell,3.0
2023-03-01 10:15:00,5.308,sell,3.0
2023-03-01 10:30:00,5.28,sell,3.0
2023-03-03 10:00:00,5.251,buy,2.0
2023-03-07 10:15:00,5.337,sell,3.0
2023-03-07 10:30:00,5.337,sell,3.0
2023-03-07 10:45:00,5.365,sell,3.0
2023-03-07 11:00:00,5.318,sell,3.0
2023-03-08 10:00:00,5.156,buy,2.0
2023-03-09 10:15:00,5.251,sell,3.0
2023-03-09 13:30:00,5.27,sell,3.0
2023-03-13 10:45:00,5.004,buy,1.0
2023-03-13 11:00:00,5.004,buy,1.0
2023-03-13 11:15:00,5.023,buy,1.0
2023-03-14 10:00:00,5.213,sell,3.0
2023-03-14 10:15:00,5.175,sell,4.0
2023-03-16 10:30:00,5.051,buy,2.0
2023-03-16 10:45:00,5.08,buy,2.0
2023-03-28 14:45:00,4.937,buy,2.0
2023-03-28 15:00:00,4.947,buy,2.0
2023-03-30 10:30:00,4.861,buy,2.0
2023-03-30 11:00:00,4.823,buy,1.0
2023-03-30 11:15:00,4.833,buy,1.0
2023-04-04 10:45:00,4.985,sell,4.0
2023-04-10 11:00:00,5.023,sell,4.0
2023-04-11 14:00:00,5.108,sell,4.0
2023-04-11 14:15:00,5.108,sell,4.0
2023-04-11 14:30:00,5.118,sell,4.0
2023-04-12 10:00:00,5.223,sell,4.0
2023-04-12 10:15:00,5.194,sell,4.0
2023-04-13 10:00:00,5.213,sell,4.0
2023-04-17 10:45:00,5.327,sell,4.0
2023-04-20 10:00:00,5.213,buy,2.0
2023-04-20 10:15:00,5.213,buy,2.0
2023-04-20 10:30:00,5.213,buy,2.0
2023-04-21 10:00:00,5.337,sell,3.0
2023-04-21 10:15:00,5.299,sell,3.0
2023-04-25 11:00:00,5.118,buy,2.0
2023-04-25 11:30:00,5.118,buy,2.0
2023-04-27 10:00:00,5.032,buy,1.0
2023-04-28 10:00:00,5.127,sell,4.0
2023-05-04 10:30:00,5.251,sell,4.0
2023-05-05 10:30:00,5.156,buy,1.0
2023-05-08 10:00:00,5.299,sell,4.0
2023-05-08 10:15:00,5.518,sell,3.0
2023-05-08 10:30:00,5.47,sell,3.0
2023-05-08 10:45:00,5.47,sell,3.0
2023-05-08 11:00:00,5.451,sell,3.0
2023-05-12 10:15:00,5.175,buy,2.0
2023-05-12 10:30:00,5.147,buy,2.0
2023-05-12 10:45:00,5.175,buy,2.0
2023-05-15 14:45:00,5.213,sell,3.0
2023-05-15 15:00:00,5.223,sell,3.0
2023-05-16 09:45:00,5.213,sell,3.0
2023-05-23 11:00:00,5.099,buy,2.0
2023-05-23 14:00:00,5.042,buy,2.0
2023-05-23 14:15:00,5.051,buy,2.0
2023-05-25 11:00:00,4.985,buy,2.0
2023-05-25 13:15:00,4.966,buy,2.0
2023-05-26 13:30:00,5.013,sell,3.0
2023-05-26 13:45:00,5.032,sell,3.0
2023-05-26 14:00:00,5.013,sell,3.0
2023-05-30 11:30:00,4.871,buy,2.0
2023-05-30 13:15:00,4.88,buy,1.0
2023-06-05 13:45:00,4.994,buy,2.0
2023-06-06 14:45:00,4.937,buy,1.0
2023-06-06 15:00:00,4.947,buy,1.0
2023-06-13 13:45:00,4.918,buy,1.0
2023-06-13 14:00:00,4.928,buy,2.0
2023-06-20 10:45:00,4.871,buy,2.0
2023-06-20 11:00:00,4.88,buy,2.0
2023-06-26 15:00:00,4.795,buy,1.0
2023-06-27 09:45:00,4.814,buy,2.0
2023-06-30 11:00:00,4.882,sell,4.0
2023-07-03 10:15:00,4.969,sell,4.0
2023-07-03 10:30:00,4.969,sell,4.0
2023-07-03 10:45:00,4.979,sell,4.0
2023-07-03 11:00:00,4.989,sell,4.0
2023-07-04 10:00:00,5.291,sell,4.0
2023-07-04 10:15:00,5.32,sell,4.0
2023-07-04 10:30:00,5.281,sell,4.0
2023-07-05 10:30:00,5.778,sell,3.0
2023-07-05 10:45:00,5.661,sell,3.0
2023-07-07 10:00:00,5.525,buy,2.0
2023-07-07 10:15:00,5.554,buy,2.0
2023-07-11 10:00:00,5.359,buy,1.0
2023-07-11 10:15:00,5.398,buy,2.0
2023-07-12 13:30:00,5.418,sell,3.0
2023-07-14 10:15:00,5.427,sell,3.0
2023-07-14 11:00:00,5.447,sell,3.0
2023-07-17 10:00:00,5.349,buy,2.0
2023-07-20 10:45:00,5.398,sell,3.0
2023-07-24 11:30:00,5.291,buy,2.0
2023-08-01 13:30:00,5.476,buy,1.0
2023-08-03 10:00:00,5.515,buy,2.0
2023-08-03 10:15:00,5.496,buy,2.0
2023-08-03 10:30:00,5.496,buy,2.0
2023-08-03 10:45:00,5.486,buy,2.0
2023-08-08 10:00:00,5.447,buy,2.0
2023-08-08 10:15:00,5.466,buy,2.0
2023-08-09 10:30:00,5.447,buy,2.0
2023-08-11 11:15:00,5.33,buy,2.0
2023-08-14 10:00:00,5.262,buy,2.0
2023-08-14 11:15:00,5.213,buy,1.0
2023-08-14 11:30:00,5.242,buy,2.0
2023-08-21 10:00:00,5.184,buy,2.0
2023-08-21 10:15:00,5.203,buy,2.0
2023-08-21 15:00:00,5.116,buy,1.0
2023-08-22 09:45:00,5.135,buy,2.0
2023-08-24 09:45:00,5.125,buy,2.0
2023-08-30 10:00:00,5.252,sell,3.0
2023-08-30 10:15:00,5.233,sell,3.0
2023-09-01 10:30:00,5.233,sell,4.0
2023-09-01 10:45:00,5.213,sell,4.0
2023-09-04 10:00:00,5.379,sell,3.0
2023-09-04 10:15:00,5.408,sell,3.0
2023-09-04 10:30:00,5.427,sell,3.0
2023-09-04 10:45:00,5.447,sell,3.0
2023-09-04 11:00:00,5.408,sell,3.0
2023-09-07 10:00:00,5.311,buy,2.0
2023-09-07 10:15:00,5.301,buy,2.0
2023-09-07 10:30:00,5.32,buy,2.0
2023-09-15 10:00:00,5.388,sell,3.0
2023-09-18 10:15:00,5.349,buy,2.0
2023-09-20 10:45:00,5.291,buy,2.0
2023-09-20 11:00:00,5.291,buy,2.0
2023-09-21 10:30:00,5.213,buy,2.0
2023-09-21 10:45:00,5.233,buy,2.0
2023-09-26 10:15:00,5.203,buy,2.0
2023-09-27 13:45:00,5.155,buy,2.0
2023-10-11 14:30:00,5.077,buy,2.0
2023-10-11 15:00:00,5.077,buy,2.0
2023-10-17 10:00:00,5.047,buy,2.0
2023-10-17 11:00:00,5.047,buy,2.0
2023-10-18 10:45:00,4.989,buy,2.0
2023-10-18 11:00:00,4.989,buy,2.0
2023-10-18 13:30:00,4.969,buy,2.0
2023-10-20 10:15:00,4.892,buy,2.0
2023-10-20 10:30:00,4.901,buy,2.0
2023-10-23 10:15:00,4.765,buy,2.0
2023-10-23 10:30:00,4.755,buy,2.0
2023-10-23 10:45:00,4.755,buy,2.0
2023-10-23 11:00:00,4.755,buy,2.0
2023-10-25 10:00:00,4.872,sell,4.0
2023-10-25 10:15:00,4.862,sell,4.0
2023-10-26 15:00:00,4.882,sell,4.0
2023-10-27 10:00:00,4.93,sell,4.0
2023-10-27 10:15:00,4.94,sell,4.0
2023-10-27 10:30:00,4.96,sell,4.0
2023-10-27 10:45:00,4.93,sell,4.0
2023-11-13 14:15:00,5.008,sell,4.0
2023-11-14 10:00:00,5.018,sell,4.0
2023-11-20 13:15:00,5.038,sell,3.0
2023-11-20 13:30:00,5.028,sell,3.0
2023-11-21 10:00:00,5.077,sell,3.0
2023-11-21 10:15:00,5.067,sell,3.0
2023-11-22 10:15:00,5.008,buy,2.0
2023-11-22 10:30:00,5.018,buy,2.0
2023-11-23 10:00:00,4.96,buy,2.0
2023-11-23 10:15:00,4.969,buy,2.0
2023-11-29 10:15:00,4.969,sell,3.0
2023-11-30 10:00:00,4.862,buy,1.0
2023-11-30 10:15:00,4.872,buy,1.0
2023-12-04 10:00:00,4.979,sell,3.0
2023-12-04 10:15:00,4.979,sell,3.0
2023-12-05 10:00:00,4.93,buy,2.0
2023-12-11 09:45:00,4.843,buy,1.0
2023-12-11 10:00:00,4.833,buy,1.0
2023-12-11 10:15:00,4.853,buy,2.0
2023-12-18 10:45:00,4.745,buy,2.0
2023-12-18 11:00:00,4.745,buy,2.0
2023-12-19 14:45:00,4.706,buy,2.0
2023-12-21 09:45:00,4.658,buy,2.0
2023-12-21 10:00:00,4.648,buy,1.0
2023-12-21 10:15:00,4.638,buy,1.0
2023-12-21 10:30:00,4.638,buy,1.0
2023-12-22 11:30:00,4.814,sell,3.0
2023-12-22 13:15:00,4.784,sell,3.0
2023-12-27 11:15:00,4.814,sell,4.0
2023-12-27 13:15:00,4.833,sell,4.0
2023-12-28 10:30:00,4.892,sell,4.0
2024-01-02 11:00:00,4.96,sell,4.0
2024-01-05 14:00:00,4.921,buy,2.0
2024-01-05 14:15:00,4.921,buy,2.0
2024-01-05 14:30:00,4.911,buy,2.0
2024-01-05 14:45:00,4.921,buy,2.0
2024-01-09 10:00:00,4.862,buy,1.0
2024-01-11 10:00:00,4.823,buy,1.0
2024-01-16 11:00:00,4.823,buy,2.0
2024-01-16 11:15:00,4.814,buy,2.0
2024-01-16 11:30:00,4.804,buy,2.0
2024-01-16 13:15:00,4.804,buy,2.0
2024-01-17 15:00:00,4.736,buy,2.0
2024-01-18 09:45:00,4.658,buy,2.0
2024-01-18 10:00:00,4.667,buy,2.0
2024-01-18 10:15:00,4.638,buy,2.0
2024-01-18 10:30:00,4.599,buy,2.0
2024-01-18 10:45:00,4.58,buy,2.0
2024-01-18 11:00:00,4.541,buy,2.0
2024-01-18 11:15:00,4.521,buy,2.0
2024-01-18 11:30:00,4.57,buy,2.0
2024-01-22 10:00:00,4.492,buy,2.0
2024-01-22 10:15:00,4.463,buy,2.0
2024-01-22 10:30:00,4.482,buy,2.0
2024-01-22 15:00:00,4.336,buy,1.0
2024-01-23 14:45:00,4.414,sell,4.0
2024-01-24 10:00:00,4.473,sell,4.0
2024-01-25 10:15:00,4.609,sell,4.0
2024-01-31 10:00:00,4.589,buy,2.0
2024-01-31 10:15:00,4.531,buy,2.0
2024-01-31 10:30:00,4.521,buy,2.0
2024-01-31 10:45:00,4.56,buy,2.0
2024-02-02 14:00:00,4.395,buy,2.0
2024-02-02 14:15:00,4.375,buy,2.0
2024-02-02 14:30:00,4.395,buy,2.0
2024-02-05 10:00:00,4.297,buy,2.0
2024-02-05 10:15:00,4.239,buy,1.0
2024-02-05 10:30:00,4.229,buy,1.0
2024-02-05 10:45:00,4.19,buy,1.0
2024-02-05 11:00:00,4.19,buy,1.0
2024-02-06 13:30:00,4.541,sell,4.0
2024-02-06 14:00:00,4.57,sell,4.0
2024-02-07 10:15:00,4.745,sell,4.0
2024-02-21 10:15:00,4.911,sell,4.0
2024-02-21 11:00:00,4.921,sell,4.0
2024-02-21 11:30:00,4.94,sell,4.0
2024-02-23 10:00:00,4.95,sell,4.0
2024-02-27 15:00:00,5.008,sell,3.0
2024-02-28 09:45:00,5.028,sell,3.0
2024-02-28 10:00:00,5.028,sell,3.0
2024-02-28 10:15:00,5.028,sell,3.0
2024-02-29 09:45:00,4.969,buy,1.0
2024-03-07 10:00:00,5.155,sell,4.0
2024-03-07 10:15:00,5.164,sell,4.0
2024-03-07 10:30:00,5.184,sell,4.0
2024-03-07 10:45:00,5.174,sell,4.0
2024-03-08 13:15:00,5.203,sell,3.0
2024-03-14 10:00:00,5.291,sell,4.0
2024-03-14 10:15:00,5.262,sell,4.0
2024-03-15 14:00:00,5.359,sell,4.0
2024-03-15 14:15:00,5.34,sell,4.0
2024-03-19 10:15:00,5.505,sell,3.0
2024-03-19 10:30:00,5.544,sell,3.0
2024-03-19 10:45:00,5.505,sell,4.0
2024-03-21 10:15:00,5.554,sell,3.0
2024-03-21 10:30:00,5.525,sell,3.0
2024-03-22 10:15:00,5.388,buy,2.0
2024-03-22 10:30:00,5.369,buy,1.0
2024-03-22 10:45:00,5.359,buy,1.0
2024-03-22 11:00:00,5.379,buy,1.0
2024-03-25 11:30:00,5.525,sell,3.0
2024-03-25 13:15:00,5.505,sell,3.0
2024-03-28 09:45:00,5.379,buy,1.0
2024-03-29 10:00:00,5.476,sell,3.0
2024-04-01 14:00:00,5.369,buy,1.0
2024-04-01 14:30:00,5.369,buy,1.0
2024-04-03 10:30:00,5.476,sell,4.0
2024-04-03 14:00:00,5.632,sell,3.0
2024-04-03 14:15:00,5.535,sell,4.0
2024-04-08 10:00:00,5.837,sell,3.0
2024-04-08 10:15:00,5.885,sell,3.0
2024-04-08 10:30:00,5.866,sell,3.0
2024-04-11 11:30:00,6.032,sell,3.0
2024-04-11 13:15:00,5.954,sell,3.0
2024-04-16 10:45:00,5.603,buy,2.0
2024-04-16 11:15:00,5.554,buy,2.0
2024-04-19 10:00:00,5.846,sell,3.0
2024-04-19 10:15:00,5.759,sell,3.0
2024-04-23 10:00:00,5.379,buy,2.0
2024-04-23 10:15:00,5.349,buy,2.0
2024-04-23 10:30:00,5.32,buy,2.0
2024-04-23 10:45:00,5.369,buy,2.0
2024-04-26 11:00:00,5.515,sell,4.0
2024-04-30 10:30:00,5.681,sell,3.0
2024-04-30 10:45:00,5.652,sell,4.0
2024-05-07 10:15:00,5.759,sell,3.0
2024-05-07 10:30:00,5.72,sell,3.0
2024-05-08 10:00:00,5.564,buy,1.0
2024-05-08 10:15:00,5.583,buy,1.0
2024-05-09 11:30:00,5.73,sell,3.0
2024-05-14 10:00:00,5.7,sell,3.0
2024-05-16 15:00:00,5.574,buy,2.0
2024-05-17 09:45:00,5.554,buy,2.0
2024-05-17 10:00:00,5.603,buy,2.0
2024-05-20 10:00:00,5.739,sell,4.0
2024-05-20 10:15:00,5.788,sell,3.0
2024-05-20 10:30:00,5.827,sell,3.0
2024-05-20 10:45:00,5.827,sell,3.0
2024-05-23 10:00:00,5.496,buy,2.0
2024-05-23 10:15:00,5.476,buy,2.0
2024-05-23 10:30:00,5.496,buy,2.0
2024-05-28 10:00:00,5.691,sell,4.0
2024-05-28 10:15:00,5.749,sell,4.0
2024-05-28 10:30:00,5.739,sell,4.0
2024-05-28 10:45:00,5.739,sell,4.0
2024-05-30 13:30:00,5.661,buy,2.0
2024-05-30 13:45:00,5.661,buy,2.0
2024-06-03 10:00:00,5.496,buy,2.0
2024-06-03 13:30:00,5.427,buy,2.0
2024-06-04 11:15:00,5.593,sell,3.0
2024-06-04 11:30:00,5.593,sell,4.0
2024-06-04 13:15:00,5.593,sell,3.0
2024-06-07 10:30:00,5.525,buy,2.0
2024-06-07 10:45:00,5.535,buy,2.0
2024-06-11 10:00:00,5.379,buy,2.0
2024-06-11 10:15:00,5.359,buy,2.0
2024-06-11 10:30:00,5.359,buy,2.0
2024-06-11 10:45:00,5.349,buy,2.0
2024-06-13 14:00:00,5.349,buy,2.0
2024-06-19 10:15:00,5.398,sell,3.0
2024-06-24 10:00:00,5.23,buy,2.0
2024-06-24 10:15:00,5.2,buy,1.0
2024-06-24 10:30:00,5.19,buy,1.0
2024-06-24 10:45:00,5.17,buy,1.0
2024-06-24 11:00:00,5.19,buy,1.0
2024-06-26 14:00:00,5.35,sell,3.0
2024-06-26 14:30:00,5.39,sell,3.0
2024-06-28 11:15:00,5.32,sell,4.0
2024-07-08 10:00:00,5.63,sell,3.0
2024-07-08 10:45:00,5.66,sell,3.0
2024-07-10 13:30:00,5.59,buy,2.0
2024-07-10 13:45:00,5.57,buy,2.0
2024-07-10 14:00:00,5.52,buy,2.0
2024-07-10 14:15:00,5.49,buy,1.0
2024-07-10 14:30:00,5.48,buy,1.0
2024-07-10 14:45:00,5.46,buy,1.0
2024-07-10 15:00:00,5.44,buy,1.0
2024-07-12 11:30:00,5.61,buy,1.0
2024-07-12 13:15:00,5.58,buy,1.0
2024-07-12 13:30:00,5.58,buy,1.0
2024-07-17 11:00:00,5.68,buy,2.0
2024-07-18 10:45:00,5.57,buy,2.0
2024-07-18 11:00:00,5.6,buy,2.0
2024-07-23 10:15:00,5.4,buy,2.0
2024-07-23 10:30:00,5.36,buy,2.0
2024-07-23 10:45:00,5.36,buy,2.0
2024-07-23 11:00:00,5.34,buy,2.0
2024-07-23 11:15:00,5.33,buy,2.0
2024-07-25 10:45:00,5.12,buy,1.0
2024-07-26 10:00:00,5.25,sell,3.0
2024-07-26 10:15:00,5.21,sell,4.0
2024-07-31 10:00:00,5.3,sell,4.0
2024-07-31 10:15:00,5.3,sell,4.0
2024-07-31 10:30:00,5.32,sell,4.0
2024-07-31 10:45:00,5.33,sell,4.0
2024-07-31 11:00:00,5.33,sell,4.0
2024-08-05 10:15:00,5.28,buy,2.0
2024-08-05 10:30:00,5.29,buy,2.0
2024-08-05 10:45:00,5.29,buy,2.0
2024-08-05 14:15:00,5.2,buy,2.0
2024-08-07 11:00:00,5.26,sell,3.0
2024-08-07 11:15:00,5.23,sell,3.0
2024-08-08 10:30:00,5.12,buy,1.0
2024-08-08 10:45:00,5.12,buy,1.0
2024-08-15 11:15:00,5.15,sell,4.0
2024-08-19 10:30:00,5.23,sell,3.0
2024-08-20 10:45:00,5.15,buy,2.0
2024-08-22 10:30:00,5.06,buy,1.0
2024-08-22 10:45:00,5.08,buy,2.0
2024-08-26 11:00:00,5.17,sell,3.0
2024-08-26 11:15:00,5.15,sell,3.0
2024-08-28 10:00:00,5.21,sell,3.0
2024-08-28 10:15:00,5.18,sell,3.0
2024-08-29 10:00:00,5.08,buy,2.0
2024-08-30 10:00:00,5.02,buy,2.0
2024-08-30 10:30:00,5.0,buy,2.0
2024-09-02 10:45:00,4.89,buy,2.0
2024-09-04 10:00:00,4.83,buy,2.0
2024-09-09 10:00:00,4.67,buy,2.0
2024-09-09 10:15:00,4.66,buy,2.0
2024-09-09 10:30:00,4.66,buy,2.0
2024-09-10 11:00:00,4.57,buy,1.0
2024-09-10 11:15:00,4.55,buy,1.0
2024-09-10 11:30:00,4.54,buy,1.0
2024-09-10 13:15:00,4.61,buy,2.0
2024-09-12 10:00:00,4.67,sell,3.0
2024-09-18 10:15:00,4.56,buy,2.0
2024-09-18 10:30:00,4.55,buy,2.0
2024-09-18 10:45:00,4.57,buy,2.0
2024-09-18 13:15:00,4.51,buy,1.0
2024-09-18 13:30:00,4.52,buy,1.0
2024-09-19 10:45:00,4.73,sell,4.0
2024-09-19 11:00:00,4.72,sell,4.0
2024-09-24 10:45:00,4.85,sell,4.0
2024-09-24 11:00:00,4.87,sell,4.0
2024-09-24 11:15:00,4.88,sell,4.0
2024-09-24 11:30:00,4.88,sell,4.0
2024-09-24 13:30:00,4.91,sell,4.0
2024-09-25 10:00:00,5.08,sell,4.0
2024-09-25 10:15:00,5.09,sell,4.0
2024-09-25 10:30:00,5.07,sell,4.0
2024-09-26 14:15:00,5.06,sell,4.0
2024-09-26 14:45:00,5.12,sell,4.0
2024-09-26 15:00:00,5.13,sell,4.0
2024-09-27 09:45:00,5.19,sell,4.0
2024-09-27 10:00:00,5.27,sell,4.0
2024-09-27 10:15:00,5.23,sell,4.0
2024-09-30 10:00:00,5.54,sell,4.0
2024-09-30 10:15:00,5.53,sell,4.0
2024-09-30 10:30:00,5.59,sell,4.0
2024-09-30 10:45:00,5.61,sell,4.0
2024-10-08 10:00:00,6.01,sell,3.0
2024-10-08 10:15:00,5.91,sell,3.0
2024-10-11 15:00:00,5.5,buy,1.0
2024-10-16 09:45:00,5.52,buy,2.0
2024-10-21 10:30:00,5.65,sell,3.0
2024-10-21 10:45:00,5.7,sell,3.0
2024-10-21 11:00:00,5.65,sell,3.0
2024-10-28 10:15:00,5.7,sell,3.0
2024-10-28 13:15:00,5.79,sell,3.0
2024-10-29 13:30:00,5.69,buy,2.0
2024-11-01 10:00:00,6.09,sell,4.0
2024-11-01 10:15:00,5.98,sell,4.0
2024-11-01 11:00:00,6.18,sell,4.0
2024-11-01 11:15:00,6.14,sell,4.0
2024-11-05 10:00:00,6.53,sell,4.0
2024-11-05 10:15:00,6.63,sell,4.0
2024-11-05 10:30:00,6.67,sell,3.0
2024-11-05 10:45:00,6.69,sell,4.0
2024-11-05 11:00:00,6.66,sell,3.0
2024-11-08 11:00:00,6.47,buy,2.0
2024-11-08 11:15:00,6.47,buy,2.0
2024-11-08 11:30:00,6.41,buy,2.0
2024-11-08 13:15:00,6.43,buy,2.0
2024-11-12 14:30:00,6.18,buy,2.0
2024-11-12 14:45:00,6.14,buy,2.0
2024-11-12 15:00:00,6.2,buy,2.0
2024-11-18 09:45:00,5.88,buy,1.0
2024-11-18 10:00:00,5.93,buy,2.0
2024-11-22 13:30:00,5.82,buy,2.0
2024-11-25 09:45:00,5.76,buy,2.0
2024-11-25 14:15:00,5.67,buy,1.0
2024-11-28 10:45:00,5.88,sell,3.0
2024-11-29 10:15:00,5.76,buy,1.0
2024-12-04 10:00:00,6.27,sell,3.0
2024-12-04 10:15:00,6.23,sell,3.0
2024-12-04 10:30:00,6.15,sell,3.0
2024-12-09 10:00:00,6.19,sell,3.0
2024-12-09 10:15:00,6.22,sell,3.0
2024-12-09 10:30:00,6.2,sell,3.0
2024-12-12 11:00:00,6.09,buy,2.0
2024-12-13 10:45:00,5.99,buy,2.0
2024-12-19 10:15:00,5.78,buy,2.0
2024-12-19 10:30:00,5.76,buy,2.0
2024-12-19 10:45:00,5.76,buy,2.0
2024-12-19 11:00:00,5.77,buy,2.0
2024-12-20 14:30:00,5.78,buy,2.0
2024-12-23 13:30:00,5.74,buy,2.0
2024-12-23 14:30:00,5.7,buy,2.0
2024-12-23 14:45:00,5.7,buy,2.0
2024-12-24 09:45:00,5.69,buy,1.0
2024-12-24 15:00:00,5.75,sell,3.0
2024-12-25 11:30:00,5.69,buy,1.0
2024-12-26 10:45:00,5.76,sell,3.0
2024-12-26 11:00:00,5.76,sell,3.0
2024-12-31 10:30:00,5.66,buy,2.0
2024-12-31 11:15:00,5.62,buy,2.0
2024-12-31 11:30:00,5.63,buy,2.0
2025-01-02 14:30:00,5.52,buy,2.0
