time,price,market_condition,probability
2020-10-12 13:30:00,16.45666632,trend_up,0.6615021956795386
2020-10-12 13:45:00,16.36685244,trend_up,0.8892108789204528
2020-10-12 14:00:00,16.38757872,trend_up,0.7122263879303621
2020-10-12 14:15:00,16.40139624,trend_up,0.7122263879303621
2020-10-12 14:30:00,16.38066996,trend_up,0.6923523892331434
2020-10-12 14:45:00,16.42903128,trend_up,0.8794915588041824
2020-10-12 15:00:00,16.42212252,trend_up,0.6437081227896745
2020-10-13 09:45:00,16.2701298,trend_down,0.7059970183285622
2020-10-13 10:00:00,16.2010422,trend_down,0.8639326827781951
2020-10-13 10:15:00,16.1319546,trend_down,0.9161913961218369
2020-10-13 10:30:00,16.11122832,trend_down,0.8938647944710887
2020-10-13 10:45:00,16.12504584,trend_down,0.9049463233551722
2020-10-13 11:00:00,16.0974108,trend_down,0.8778388329315164
2020-10-13 11:15:00,16.14577212,trend_down,0.9492355013356424
2020-10-13 11:30:00,16.1664984,trend_down,0.8753697464663618
2020-10-13 13:15:00,16.1664984,trend_down,0.8754655967026245
2020-10-13 13:30:00,16.18031592,trend_down,0.8754655967026245
2020-10-13 13:45:00,16.19413344,trend_down,0.8754655967026245
2020-10-13 14:00:00,16.17340716,trend_down,0.9187684356464907
2020-10-13 14:15:00,16.1664984,trend_down,0.9187684356464907
2020-10-13 14:30:00,16.18722468,trend_down,0.8952284811874971
2020-10-13 14:45:00,16.35994368,trend_up,0.5414110904703863
2020-10-13 15:00:00,16.31849112,trend_up,0.9332347807542475
2020-10-14 09:45:00,16.36685244,trend_up,0.7397596403832671
2020-10-14 10:00:00,16.55338896,trend_up,0.7373206742879431
2020-10-14 10:15:00,16.50502764,trend_up,0.8698784144132509
2020-10-14 10:30:00,16.53266268,trend_up,0.9365728327825781
2020-10-14 10:45:00,16.47048384,trend_up,0.9735686106763175
2020-10-14 11:00:00,16.49811888,trend_up,0.9162450753751263
2020-10-14 11:15:00,16.42212252,trend_up,0.9661863672976857
2020-10-14 11:30:00,16.44975756,trend_up,0.9162450753751263
2020-10-14 13:15:00,16.43594004,trend_up,0.9735686106763175
2020-10-14 13:30:00,16.49121012,trend_up,0.9735686106763175
2020-10-14 13:45:00,16.43594004,trend_up,0.9653094962875512
2020-10-14 14:00:00,16.53266268,trend_up,0.9735686106763175
2020-10-14 14:15:00,16.53266268,trend_up,0.9156880955987667
2020-10-14 14:30:00,16.44975756,trend_up,0.9653094962875512
2020-10-14 14:45:00,16.64320284,trend_up,0.8516456712124527
2020-10-14 15:00:00,16.63629408,trend_up,0.6865569454710334
2020-10-15 09:45:00,16.4773926,trend_up,0.8968908735351956
2020-10-15 10:00:00,16.46357508,range,0.5799617300945734
2020-10-15 10:15:00,16.47048384,range,0.7699950043755834
2020-10-15 10:30:00,16.42903128,range,0.8780163445070504
2020-10-15 10:45:00,16.43594004,range,0.7738946113840957
2020-10-15 11:00:00,16.55338896,range,0.6412288529727601
2020-10-15 11:15:00,16.52575392,range,0.6683038589322503
2020-10-15 11:30:00,16.53957144,range,0.664060939026449
2020-10-15 13:15:00,16.50502764,range,0.7738946113840957
2020-10-15 13:30:00,16.56720648,range,0.5096759806726077
2020-10-15 13:45:00,16.51884516,range,0.5604425702404716
2020-10-15 14:00:00,16.48430136,range,0.907698005859044
2020-10-15 14:15:00,16.49811888,range,0.907698005859044
2020-10-15 14:30:00,16.48430136,range,0.907698005859044
2020-10-15 14:45:00,16.50502764,range,0.8076301088394207
2020-10-15 15:00:00,16.4773926,range,0.907698005859044
2020-10-16 09:45:00,16.56720648,range,0.7020799490666668
2020-10-16 10:00:00,16.51884516,range,0.7863367821971079
2020-10-16 10:15:00,16.43594004,range,0.8960555700076558
2020-10-16 10:30:00,16.4428488,range,0.7851479446904522
2020-10-16 10:45:00,16.49811888,range,0.7851479446904522
2020-10-16 11:00:00,16.44975756,range,0.8872046872473589
2020-10-16 11:15:00,16.42903128,range,0.9070860827310898
2020-10-16 11:30:00,16.33230864,range,0.8837364614494236
2020-10-16 13:15:00,16.34612616,range,0.7472219107038316
2020-10-16 13:30:00,16.38066996,trend_down,0.5972235963934063
2020-10-16 13:45:00,16.3737612,trend_down,0.6035789887180524
2020-10-16 14:00:00,16.38066996,range,0.5751730443407856
2020-10-16 14:15:00,16.3737612,range,0.5751730443407856
2020-10-16 14:30:00,16.35994368,range,0.5751730443407856
2020-10-16 14:45:00,16.31849112,trend_down,0.5459984699665392
2020-10-16 15:00:00,16.32539988,trend_down,0.6101992619600677
2020-10-19 09:45:00,16.08359328,breakout_down,0.4730143623735679
2020-10-19 10:00:00,16.15268088,trend_down,0.8872809668603804
2020-10-19 10:15:00,16.05595824,trend_down,0.8581487862286942
2020-10-19 10:30:00,16.0283232,trend_down,0.9141124814934338
2020-10-19 10:45:00,16.00759692,trend_down,0.8003153026697971
2020-10-19 11:00:00,16.00759692,trend_down,0.9742323281814625
2020-10-19 11:15:00,16.06977576,trend_down,0.9742323281814625
2020-10-19 11:30:00,16.01450568,trend_down,0.9696978493388541
2020-10-19 13:15:00,15.9937794,trend_down,0.9254264981159408
2020-10-19 13:30:00,16.00068816,trend_down,0.9254264981159408
2020-10-19 13:45:00,15.97996188,trend_down,0.9230955164120815
2020-10-19 14:00:00,15.98687064,trend_down,0.9230955164120815
2020-10-19 14:15:00,15.97305312,trend_down,0.9230955164120815
2020-10-19 14:30:00,15.96614436,trend_down,0.9206961464705191
2020-10-19 14:45:00,15.93850932,trend_down,0.7858018860291701
2020-10-19 15:00:00,15.94541808,trend_down,0.47175672659731127
2020-10-20 09:45:00,15.88323924,breakout_down,0.4835645679925929
2020-10-20 10:00:00,15.81415164,trend_down,0.9679511336517824
2020-10-20 10:15:00,15.80033412,trend_down,0.8895342149017359
2020-10-20 10:30:00,15.80724288,trend_down,0.8895342149017359
2020-10-20 10:45:00,15.82796916,trend_down,0.8895342149017359
2020-10-20 11:00:00,15.80033412,trend_down,0.9182273385573261
2020-10-20 11:15:00,15.83487792,trend_down,0.9735686106763175
2020-10-20 11:30:00,15.94541808,trend_down,0.9557253993927181
2020-10-20 13:15:00,16.0283232,trend_up,0.72875264539322
2020-10-20 13:30:00,16.05595824,trend_up,0.8375576247161503
2020-10-20 13:45:00,16.062867,trend_up,0.9332347807542475
2020-10-20 14:00:00,16.06977576,trend_up,0.934401781259849
2020-10-20 14:15:00,16.13886336,trend_up,0.9460652390401708
2020-10-20 14:30:00,16.10431956,trend_up,0.9460652390401708
2020-10-20 14:45:00,16.12504584,trend_up,0.8672707799644854
2020-10-20 15:00:00,16.11813708,trend_up,0.8672707799644854
2020-10-21 09:45:00,16.0974108,trend_up,0.8438575418535958
2020-10-21 10:00:00,16.12504584,trend_up,0.8427457750894235
2020-10-21 10:15:00,16.12504584,trend_up,0.9526892231117793
2020-10-21 10:30:00,16.08359328,trend_up,0.9526892231117793
2020-10-21 10:45:00,16.0283232,trend_down,0.6073029387372603
2020-10-21 11:00:00,16.062867,trend_down,0.5739474073462888
2020-10-21 11:15:00,16.02141444,trend_up,0.5739474073462888
2020-10-21 11:30:00,16.04904948,trend_up,0.6073029387372603
2020-10-21 13:15:00,16.01450568,trend_down,0.6554353925269597
2020-10-21 13:30:00,15.96614436,trend_down,0.9423709533776204
2020-10-21 13:45:00,15.97996188,trend_down,0.6621878992095468
2020-10-21 14:00:00,15.96614436,trend_down,0.5331812904942944
2020-10-21 14:15:00,15.98687064,trend_down,0.5386523344814593
2020-10-21 14:30:00,15.95232684,trend_down,0.5618073999884746
2020-10-21 14:45:00,15.97996188,trend_down,0.5901611865688013
2020-10-21 15:00:00,15.96614436,trend_down,0.5869865257032929
2020-10-22 09:45:00,15.8556042,trend_down,0.5786924736745067
2020-10-22 10:00:00,16.01450568,trend_down,0.7970122181324113
2020-10-22 10:15:00,16.18031592,reversal,0.6191690191516286
2020-10-22 10:30:00,16.15958964,trend_up,0.5529036999713479
2020-10-22 10:45:00,16.19413344,trend_up,0.5529036999713479
2020-10-22 11:00:00,16.15958964,trend_up,0.8784154790480619
2020-10-22 11:15:00,16.11813708,trend_up,0.5297699603102178
2020-10-22 11:30:00,16.15958964,range,0.4963827801658542
2020-10-22 13:15:00,16.14577212,trend_up,0.5297699603102178
2020-10-22 13:30:00,16.1664984,trend_up,0.5297699603102178
2020-10-22 13:45:00,16.18031592,trend_up,0.5908897730935443
2020-10-22 14:00:00,16.14577212,trend_up,0.7542978664825581
2020-10-22 14:15:00,16.2010422,trend_up,0.7255420011119258
2020-10-22 14:30:00,16.22867724,trend_up,0.721463578083884
2020-10-22 14:45:00,16.22176848,trend_up,0.8579993070247722
2020-10-22 15:00:00,16.18031592,trend_up,0.8489663004795264
2020-10-23 09:45:00,16.18031592,trend_up,0.8186542780451218
2020-10-23 10:00:00,16.0974108,trend_down,0.5183425986193364
2020-10-23 10:15:00,16.12504584,trend_down,0.5183425986193364
2020-10-23 10:30:00,16.13886336,range,0.6813037943603433
2020-10-23 10:45:00,16.18722468,range,0.6464954620278734
2020-10-23 11:00:00,16.15958964,range,0.5067820346763223
2020-10-23 11:15:00,16.15958964,range,0.7863367821971079
2020-10-23 11:30:00,16.15268088,range,0.685759807008504
2020-10-23 13:15:00,16.09050204,range,0.7863367821971079
2020-10-23 13:30:00,16.062867,range,0.6679497269299622
2020-10-23 13:45:00,15.97996188,range,0.7144729546685319
2020-10-23 14:00:00,15.97305312,trend_down,0.635333649758702
2020-10-23 14:15:00,15.93850932,trend_down,0.8473052253628506
2020-10-23 14:30:00,15.9246918,trend_down,0.9661863672976857
2020-10-23 14:45:00,15.890148,trend_down,0.9569087689327896
2020-10-23 15:00:00,15.91087428,trend_down,0.8619900522422271
2020-10-26 09:45:00,15.83487792,trend_down,0.6372585403282438
2020-10-26 10:00:00,15.96614436,trend_down,0.9735686106763175
2020-10-26 10:15:00,15.89705676,trend_down,0.9742323281814625
2020-10-26 10:30:00,15.9246918,trend_down,0.9230955164120815
2020-10-26 10:45:00,15.9592356,trend_down,0.9680422957267861
2020-10-26 11:00:00,15.9246918,trend_down,0.9742323281814625
2020-10-26 11:15:00,15.93850932,trend_down,0.9230955164120815
2020-10-26 11:30:00,15.9246918,trend_down,0.9230955164120815
2020-10-26 13:15:00,15.9592356,trend_down,0.8983132835346506
2020-10-26 13:30:00,15.91087428,trend_down,0.9735686106763175
2020-10-26 13:45:00,15.88323924,trend_down,0.9735686106763175
2020-10-26 14:00:00,15.7865166,trend_down,0.9569306208080132
2020-10-26 14:15:00,15.7865166,trend_down,0.8026220028412758
2020-10-26 14:30:00,15.81415164,trend_down,0.5964619998421714
2020-10-26 14:45:00,15.8210604,trend_down,0.5964619998421714
2020-10-26 15:00:00,15.84869544,trend_down,0.5682252013923839
2020-10-27 09:45:00,15.76579032,trend_down,0.6149743362976249
2020-10-27 10:00:00,15.83487792,trend_down,0.9230955164120815
2020-10-27 10:15:00,15.77269908,trend_down,0.9230955164120815
2020-10-27 10:30:00,15.77269908,trend_down,0.9435205639145571
2020-10-27 10:45:00,15.77269908,trend_down,0.8192822453641552
2020-10-27 11:00:00,15.7519728,trend_down,0.7671682660063865
2020-10-27 11:15:00,15.7519728,trend_down,0.8927407182097999
2020-10-27 11:30:00,15.70361148,trend_down,0.9679511336517824
2020-10-27 13:15:00,15.70361148,trend_down,0.9679511336517824
2020-10-27 13:30:00,15.75888156,trend_down,0.9679511336517824
2020-10-27 13:45:00,15.7865166,trend_down,0.9569493631443057
2020-10-27 14:00:00,15.7865166,trend_down,0.9569493631443057
2020-10-27 14:15:00,15.82796916,trend_down,0.5894533561033574
2020-10-27 14:30:00,15.890148,trend_up,0.6050523688261711
2020-10-27 14:45:00,15.8556042,trend_up,0.7159611718510721
2020-10-27 15:00:00,15.87633048,trend_up,0.7159611718510721
2020-10-28 09:45:00,15.83487792,trend_up,0.7556463447562427
2020-10-28 10:00:00,15.77960784,trend_down,0.6437301637719163
2020-10-28 10:15:00,15.84869544,trend_up,0.5908897730935443
2020-10-28 10:30:00,15.8556042,trend_up,0.5908897730935443
2020-10-28 10:45:00,15.93160056,trend_up,0.5908897730935443
2020-10-28 11:00:00,15.93160056,trend_up,0.9423709533776204
2020-10-28 11:15:00,15.890148,trend_up,0.9470025662049734
2020-10-28 11:30:00,15.93160056,trend_up,0.8976590831882497
2020-10-28 13:15:00,15.93850932,trend_up,0.9460652390401708
2020-10-28 13:30:00,15.91778304,trend_up,0.8964466843873214
2020-10-28 13:45:00,15.93160056,trend_up,0.8123414493055849
2020-10-28 14:00:00,15.95232684,trend_up,0.8123414493055849
2020-10-28 14:15:00,15.94541808,range,0.5016324948275044
2020-10-28 14:30:00,15.93160056,range,0.5016324948275044
2020-10-28 14:45:00,15.890148,range,0.6210429185113224
2020-10-28 15:00:00,15.91087428,range,0.8872046872473589
2020-10-29 09:45:00,16.42212252,trend_up,0.4755911429748102
2020-10-29 10:00:00,16.71229044,trend_up,0.7698894863212941
2020-10-29 10:15:00,16.71229044,trend_up,0.6969627102459218
2020-10-29 10:30:00,16.6155678,trend_up,0.938106489634533
2020-10-29 10:45:00,16.59484152,trend_up,0.9679556215260039
2020-10-29 11:00:00,16.63629408,trend_up,0.9679556215260039
2020-10-29 11:15:00,16.6155678,trend_up,0.9156880955987667
2020-10-29 11:30:00,16.581024,trend_up,0.9156880955987667
2020-10-29 13:15:00,16.64320284,trend_up,0.9156880955987667
2020-10-29 13:30:00,16.64320284,trend_up,0.9156880955987667
2020-10-29 13:45:00,16.63629408,trend_up,0.9156880955987667
2020-10-29 14:00:00,16.62938532,trend_up,0.9156880955987667
2020-10-29 14:15:00,16.6155678,trend_up,0.9156880955987667
2020-10-29 14:30:00,16.56720648,trend_up,0.8888063780690166
2020-10-29 14:45:00,16.52575392,trend_up,0.9653094962875512
2020-10-29 15:00:00,16.50502764,trend_up,0.9653094962875512
2020-10-30 09:45:00,16.35303492,trend_down,0.7275557528240248
2020-10-30 10:00:00,16.64320284,trend_up,0.8204744981771703
2020-10-30 10:15:00,16.77446928,trend_up,0.9567949741861582
2020-10-30 10:30:00,17.01627588,trend_up,0.47171885530460705
2020-10-30 10:45:00,17.00245836,trend_up,0.9567949741861582
2020-10-30 11:00:00,16.88500944,trend_up,0.9742323281814625
2020-10-30 11:15:00,16.88500944,trend_up,0.9182273385573261
2020-10-30 11:30:00,16.87810068,trend_up,0.9182273385573261
2020-10-30 13:15:00,16.86428316,trend_up,0.9742323281814625
2020-10-30 13:30:00,16.76065176,trend_up,0.9653094962875512
2020-10-30 13:45:00,16.6501116,trend_up,0.7071502087268331
2020-10-30 14:00:00,16.67083788,trend_down,0.7071502087268331
2020-10-30 14:15:00,16.73301672,trend_down,0.45769042081438654
2020-10-30 14:30:00,16.60865904,trend_down,0.45769042081438654
2020-10-30 14:45:00,16.67774664,trend_down,0.45769042081438654
2020-10-30 15:00:00,16.6501116,range,0.455445798709778
2020-11-02 09:45:00,16.8228306,trend_up,0.7893231074994883
2020-11-02 10:00:00,16.81592184,trend_up,0.7123691467602389
2020-11-02 10:15:00,16.7191992,trend_down,0.4639852444248265
2020-11-02 10:30:00,16.77446928,trend_up,0.7123691467602389
2020-11-02 10:45:00,16.77446928,trend_up,0.7639905614354506
2020-11-02 11:00:00,16.6846554,range,0.7535994836059334
2020-11-02 11:15:00,16.7191992,range,0.6941415031866094
2020-11-02 11:30:00,16.82973936,trend_up,0.7123691467602389
2020-11-02 13:15:00,17.07154596,trend_up,0.8152858598265084
2020-11-02 13:30:00,17.01627588,trend_up,0.9022001630276747
2020-11-02 13:45:00,16.926462,trend_up,0.7516158153162651
2020-11-02 14:00:00,16.98173208,trend_up,0.9206961464705191
2020-11-02 14:15:00,17.01627588,trend_up,0.7671682660063865
2020-11-02 14:30:00,17.00936712,trend_up,0.8147582894121508
2020-11-02 14:45:00,16.97482332,trend_up,0.8147582894121508
2020-11-02 15:00:00,17.03700216,trend_up,0.7671682660063865
2020-11-03 09:45:00,17.53443288,trend_up,0.5293985367695945
2020-11-03 10:00:00,17.32026132,trend_up,0.8612978915360555
2020-11-03 10:15:00,17.18208612,trend_up,0.9569306208080132
2020-11-03 10:30:00,17.19590364,trend_up,0.9742323281814625
2020-11-03 10:45:00,17.14063356,trend_up,0.9182273385573261
2020-11-03 11:00:00,17.18208612,trend_up,0.9182273385573261
2020-11-03 11:15:00,17.19590364,trend_up,0.8895342149017359
2020-11-03 11:30:00,17.16135984,trend_up,0.9162450753751263
2020-11-03 13:15:00,17.12681604,trend_up,0.8920597894315797
2020-11-03 13:30:00,17.08536348,trend_up,0.8920597894315797
2020-11-03 13:45:00,16.94027952,trend_up,0.7071502087268331
2020-11-03 14:00:00,16.97482332,range,0.4998880512009192
2020-11-03 14:15:00,17.02318464,range,0.4998880512009192
2020-11-03 14:30:00,16.9955496,range,0.700716910698857
2020-11-03 14:45:00,16.98173208,trend_down,0.808111438353901
2020-11-03 15:00:00,16.91955324,trend_down,0.7349938092554127
2020-11-04 09:45:00,16.7882868,trend_down,0.7248038104878319
2020-11-04 10:00:00,16.80210432,trend_down,0.8941029787259807
2020-11-04 10:15:00,16.8228306,trend_down,0.8941029787259807
2020-11-04 10:30:00,16.76065176,trend_down,0.7551989029526169
2020-11-04 10:45:00,16.70538168,trend_down,0.8951462918331922
2020-11-04 11:00:00,16.71229044,trend_down,0.8375576247161503
2020-11-04 11:15:00,16.79519556,trend_down,0.8959112403874824
2020-11-04 11:30:00,16.753743,trend_down,0.808111438353901
2020-11-04 13:15:00,16.69847292,trend_down,0.808111438353901
2020-11-04 13:30:00,16.76065176,trend_down,0.9096603708933312
2020-11-04 13:45:00,16.84355688,trend_down,0.9096603708933312
2020-11-04 14:00:00,16.97482332,trend_up,0.5824918233590364
2020-11-04 14:15:00,17.00936712,trend_up,0.5824918233590364
2020-11-04 14:30:00,16.926462,trend_up,0.7604757499852173
2020-11-04 14:45:00,16.96791456,range,0.685759807008504
2020-11-04 15:00:00,16.93337076,trend_up,0.6601022639809804
2020-11-05 09:45:00,17.24426496,trend_up,0.591818845315269
2020-11-05 10:00:00,17.20972116,trend_up,0.8612978915360555
2020-11-05 10:15:00,17.38934892,trend_up,0.6008592647342702
2020-11-05 10:30:00,17.52061536,trend_up,0.8273627485107009
2020-11-05 10:45:00,17.77623948,trend_up,0.897989906797047
2020-11-05 11:00:00,17.54134164,trend_up,0.92530356101723
2020-11-05 11:15:00,17.52061536,trend_up,0.9206961464705191
2020-11-05 11:30:00,17.52752412,trend_up,0.9206961464705191
2020-11-05 13:15:00,17.5482504,trend_up,0.8895342149017359
2020-11-05 13:30:00,17.55515916,trend_up,0.9182273385573261
2020-11-05 13:45:00,17.62424676,trend_up,0.9742323281814625
2020-11-05 14:00:00,17.63115552,trend_up,0.9182273385573261
2020-11-05 14:15:00,17.61042924,trend_up,0.9182273385573261
2020-11-05 14:30:00,17.61042924,trend_up,0.9182273385573261
2020-11-05 14:45:00,17.52061536,trend_up,0.9162450753751263
2020-11-05 15:00:00,17.55515916,trend_up,0.9162450753751263
2020-11-06 09:45:00,17.28571752,trend_up,0.5414110904703863
2020-11-06 10:00:00,17.444619,trend_down,0.8959112403874824
2020-11-06 10:15:00,17.47225404,trend_up,0.8156601237330515
2020-11-06 10:30:00,17.48607156,trend_up,0.9423709533776204
2020-11-06 10:45:00,17.3409876,trend_up,0.8156601237330515
2020-11-06 11:00:00,17.38934892,range,0.685759807008504
2020-11-06 11:15:00,17.49988908,trend_up,0.79441816231226
2020-11-06 11:30:00,17.49988908,trend_up,0.5774656010470498
2020-11-06 13:15:00,17.63115552,trend_up,0.7467088075887622
2020-11-06 13:30:00,17.83150956,trend_up,0.6418962361854978
2020-11-06 13:45:00,17.78314824,trend_up,0.7468176829873348
2020-11-06 14:00:00,17.790057,trend_up,0.7516158153162651
2020-11-06 14:15:00,17.76933072,trend_up,0.7622483889464412
2020-11-06 14:30:00,17.80387452,trend_up,0.7622483889464412
2020-11-06 14:45:00,17.81078328,trend_up,0.8895342149017359
2020-11-06 15:00:00,17.67951684,trend_up,0.9661863672976857
2020-11-09 09:45:00,18.1009512,trend_up,0.9220332733534924
2020-11-09 10:00:00,18.12858624,trend_up,0.8532603527991378
2020-11-09 10:15:00,18.21149136,trend_up,0.6458894425912948
2020-11-09 10:30:00,18.10785996,trend_up,0.9569306208080132
2020-11-09 10:45:00,18.14931252,trend_up,0.9742323281814625
2020-11-09 11:00:00,18.1700388,trend_up,0.8958711337427966
2020-11-09 11:15:00,18.09404244,trend_up,0.9230955164120815
2020-11-09 11:30:00,17.9973198,trend_up,0.9735686106763175
2020-11-09 13:15:00,17.99041104,trend_up,0.8983132835346506
2020-11-09 13:30:00,17.90059716,trend_up,0.9653094962875512
2020-11-09 13:45:00,17.81769204,trend_down,0.6615824891304735
2020-11-09 14:00:00,17.86605336,trend_down,0.5963623155074708
2020-11-09 14:15:00,17.73478692,trend_down,0.6073029387372603
2020-11-09 14:30:00,17.90750592,trend_down,0.5784702925237408
2020-11-09 14:45:00,17.76933072,trend_down,0.6073029387372603
2020-11-09 15:00:00,17.74169568,range,0.566292616252631
2020-11-10 09:45:00,18.14240376,trend_up,0.5526679815521715
2020-11-10 10:00:00,17.8936884,trend_down,0.4702253666007526
2020-11-10 10:15:00,18.05258988,trend_up,0.7174783664142402
2020-11-10 10:30:00,18.07331616,trend_up,0.9203653755158664
2020-11-10 10:45:00,18.11476872,trend_up,0.8070118257097992
2020-11-10 11:00:00,18.135495,trend_up,0.7611633949823834
2020-11-10 11:15:00,18.14931252,trend_up,0.8192822453641552
2020-11-10 11:30:00,18.15622128,trend_up,0.8147582894121508
2020-11-10 13:15:00,18.05258988,trend_up,0.8061339348240945
2020-11-10 13:30:00,17.94204972,range,0.5731823569743637
2020-11-10 13:45:00,17.93514096,range,0.7521371808182002
2020-11-10 14:00:00,17.8936884,range,0.5731823569743637
2020-11-10 14:15:00,17.8246008,trend_down,0.7071502087268331
2020-11-10 14:30:00,17.790057,trend_down,0.74429590927734
2020-11-10 14:45:00,17.87987088,trend_down,0.8460384384782231
2020-11-10 15:00:00,17.9282322,trend_down,0.641881695646907
2020-11-11 09:45:00,17.67951684,trend_down,0.7271389531433591
2020-11-11 10:00:00,17.5827942,trend_down,0.7349938092554127
2020-11-11 10:15:00,17.50679784,trend_down,0.7651047173043625
2020-11-11 10:30:00,17.45152776,breakout_down,0.5131597589283271
2020-11-11 10:45:00,17.47225404,trend_down,0.9423709533776204
2020-11-11 11:00:00,17.39625768,trend_down,0.8724350267186767
2020-11-11 11:15:00,17.41698396,trend_down,0.8722053219439818
2020-11-11 11:30:00,17.43771024,trend_down,0.8892108789204528
2020-11-11 13:15:00,17.4791628,trend_down,0.9741497011086431
2020-11-11 13:30:00,17.50679784,trend_down,0.9179802441287964
2020-11-11 13:45:00,17.39625768,trend_down,0.9741497011086431
2020-11-11 14:00:00,17.38244016,trend_down,0.9182273385573261
2020-11-11 14:15:00,17.38934892,trend_down,0.9179802441287964
2020-11-11 14:30:00,17.444619,trend_down,0.9716442844366692
2020-11-11 14:45:00,17.2719,trend_down,0.6110610779397292
2020-11-11 15:00:00,17.25808248,trend_down,0.6497267862517235
2020-11-12 09:45:00,17.25117372,trend_down,0.6110610779397291
2020-11-12 10:00:00,17.41698396,trend_down,0.9448570951446239
2020-11-12 10:15:00,17.35480512,trend_down,0.9300320838400228
2020-11-12 10:30:00,17.34789636,range,0.5166320019760643
2020-11-12 10:45:00,17.38244016,range,0.7081129047551181
2020-11-12 11:00:00,17.4791628,range,0.6900963490162731
2020-11-12 11:15:00,17.4791628,range,0.6356599762255449
2020-11-12 11:30:00,17.4791628,range,0.6356599762255449
2020-11-12 13:15:00,17.52061536,range,0.6900963490162731
2020-11-12 13:30:00,17.45843652,range,0.7738946113840957
2020-11-12 13:45:00,17.3755314,range,0.7738946113840957
2020-11-12 14:00:00,17.38244016,range,0.8076301088394207
2020-11-12 14:15:00,17.38934892,range,0.8076301088394207
2020-11-12 14:30:00,17.35480512,range,0.5543668809139047
2020-11-12 14:45:00,17.39625768,range,0.5604425702404716
2020-11-12 15:00:00,17.39625768,range,0.6727978863934905
2020-11-13 09:45:00,17.45152776,range,0.6934170617614259
2020-11-13 10:00:00,17.33407884,range,0.7874824008533569
2020-11-13 10:15:00,17.39625768,range,0.7874824008533569
2020-11-13 10:30:00,17.41698396,range,0.7874824008533569
2020-11-13 10:45:00,17.45152776,range,0.8105769839318411
2020-11-13 11:00:00,17.45843652,range,0.6683038589322503
2020-11-13 11:15:00,17.45152776,range,0.8076301088394207
2020-11-13 11:30:00,17.48607156,range,0.8076301088394207
2020-11-13 13:15:00,17.38934892,range,0.7738946113840957
2020-11-13 13:30:00,17.32717008,range,0.6170851789055269
2020-11-13 13:45:00,17.3064438,trend_down,0.49492391086912163
2020-11-13 14:00:00,17.31335256,range,0.5590753329608682
2020-11-13 14:15:00,17.3409876,trend_down,0.5172201363572855
2020-11-13 14:30:00,17.3755314,range,0.6447404052307828
2020-11-13 14:45:00,17.43080148,range,0.8076301088394207
2020-11-13 15:00:00,17.40316644,range,0.664060939026449
2020-11-16 09:45:00,17.63806428,range,0.4778812467115088
2020-11-16 10:00:00,17.99041104,breakout_up,0.6885884052557757
2020-11-16 10:15:00,17.90750592,trend_up,0.7991902473970328
2020-11-16 10:30:00,17.96968476,trend_up,0.9569306208080132
2020-11-16 10:45:00,17.9973198,trend_up,0.8003153026697971
2020-11-16 11:00:00,18.05949864,trend_up,0.9742323281814625
2020-11-16 11:15:00,18.23221764,trend_up,0.5293985367695945
2020-11-16 11:30:00,18.21149136,trend_up,0.5407135016471885
2020-11-16 13:15:00,18.2736702,trend_up,0.5407135016471885
2020-11-16 13:30:00,18.43948044,trend_up,0.5293985367695945
2020-11-16 13:45:00,18.5500206,breakout_up,0.48512049459319745
2020-11-16 14:00:00,18.72964836,trend_up,0.5195010918436814
2020-11-16 14:15:00,18.68128704,trend_up,0.9679556215260039
2020-11-16 14:30:00,18.72964836,trend_up,0.9679556215260039
2020-11-16 14:45:00,18.98527248,trend_up,0.7779103232958292
2020-11-16 15:00:00,18.826371,trend_up,0.9679556215260039
2020-11-17 09:45:00,18.86782356,trend_up,0.6229716458371054
2020-11-17 10:00:00,18.99909,trend_up,0.9074700472430703
2020-11-17 10:15:00,18.67437828,trend_up,0.9671356839524399
2020-11-17 10:30:00,18.6881958,trend_up,0.9671356839524399
2020-11-17 10:45:00,18.70201332,trend_up,0.9735686106763175
2020-11-17 11:00:00,18.80564472,trend_up,0.9680422957267861
2020-11-17 11:15:00,18.84709728,trend_up,0.9212211388208612
2020-11-17 11:30:00,18.87473232,trend_up,0.9741497011086431
2020-11-17 13:15:00,18.99909,trend_up,0.9742323281814625
2020-11-17 13:30:00,19.09581264,trend_up,0.9742323281814625
2020-11-17 13:45:00,18.74346588,trend_up,0.9653094962875512
2020-11-17 14:00:00,18.53620308,trend_down,0.8524900881344755
2020-11-17 14:15:00,18.6881958,trend_down,0.9015062663814333
2020-11-17 14:30:00,18.63983448,range,0.49209851201904514
2020-11-17 14:45:00,18.63292572,range,0.6941415031866094
2020-11-17 15:00:00,18.62601696,range,0.6941415031866094
2020-11-18 09:45:00,18.9300024,trend_up,0.5008115425279924
2020-11-18 10:00:00,18.99218124,trend_up,0.8754655967026245
2020-11-18 10:15:00,19.08890388,trend_up,0.5845824471871092
2020-11-18 10:30:00,19.47579444,trend_up,0.7801721867822332
2020-11-18 10:45:00,19.53797328,trend_up,0.9303614860410567
2020-11-18 11:00:00,19.80050616,trend_up,0.6537255360960813
2020-11-18 11:15:00,19.67614848,trend_up,0.9742323281814625
2020-11-18 11:30:00,19.6554222,trend_up,0.9182273385573261
2020-11-18 13:15:00,19.73141856,trend_up,0.8895342149017359
2020-11-18 13:30:00,19.71760104,trend_up,0.9182273385573261
2020-11-18 13:45:00,19.7245098,trend_up,0.9182273385573261
2020-11-18 14:00:00,19.42052436,trend_up,0.9735686106763175
2020-11-18 14:15:00,19.26162288,trend_up,0.8156601237330515
2020-11-18 14:30:00,19.26853164,trend_down,0.6491959135829651
2020-11-18 14:45:00,19.2063528,trend_down,0.5824918233590364
2020-11-18 15:00:00,19.3790718,trend_up,0.790893365222354
2020-11-19 09:45:00,19.10963016,trend_up,0.5414110904703863
2020-11-19 10:00:00,19.29616668,trend_up,0.790893365222354
2020-11-19 10:15:00,19.22017032,trend_up,0.790893365222354
2020-11-19 10:30:00,19.01290752,trend_down,0.5693234864679636
2020-11-19 10:45:00,19.0681776,trend_down,0.5693234864679636
2020-11-19 11:00:00,19.05436008,range,0.4645701428517306
2020-11-19 11:15:00,19.02672504,trend_down,0.8037830379511186
2020-11-19 11:30:00,18.9645462,trend_down,0.8037830379511186
2020-11-19 13:15:00,18.99218124,trend_down,0.9096603708933312
2020-11-19 13:30:00,19.1027214,trend_down,0.7551989029526169
2020-11-19 13:45:00,19.3099842,range,0.5542730275260896
2020-11-19 14:00:00,19.17871776,range,0.8071915136673933
2020-11-19 14:15:00,19.21326156,range,0.8071915136673933
2020-11-19 14:30:00,19.30307544,trend_up,0.5754827443311201
2020-11-19 14:45:00,19.36525428,trend_up,0.8361106805980875
2020-11-19 15:00:00,19.30307544,trend_up,0.8325009323973218
2020-11-20 09:45:00,19.0336338,range,0.636678816530835
2020-11-20 10:00:00,19.26853164,trend_up,0.5039668211840818
2020-11-20 10:15:00,19.10963016,range,0.8071915136673933
2020-11-20 10:30:00,19.19253528,range,0.7738946113840957
2020-11-20 10:45:00,19.30307544,range,0.6412288529727601
2020-11-20 11:00:00,19.2754404,trend_up,0.6981159566911367
2020-11-20 11:15:00,19.25471412,trend_up,0.5079855202092495
2020-11-20 11:30:00,19.15799148,range,0.8766633165993692
2020-11-20 13:15:00,19.2063528,range,0.7587811733891006
2020-11-20 13:30:00,19.22707908,range,0.7521371808182002
2020-11-20 13:45:00,19.23398784,range,0.7521371808182002
2020-11-20 14:00:00,19.2754404,range,0.7521371808182002
2020-11-20 14:15:00,19.3099842,trend_up,0.5001314029086936
2020-11-20 14:30:00,19.3099842,trend_up,0.5599199789840714
2020-11-20 14:45:00,19.30307544,trend_up,0.5534757380526303
2020-11-20 15:00:00,19.2754404,trend_up,0.5593734999415976
2020-11-23 09:45:00,18.9300024,reversal,0.5193153682003249
2020-11-23 10:00:00,19.0336338,trend_down,0.4764065730541286
2020-11-23 10:15:00,18.88164108,trend_down,0.6073029387372603
2020-11-23 10:30:00,18.67437828,trend_down,0.8183169538160069
2020-11-23 10:45:00,18.57074688,trend_down,0.4975047184137909
2020-11-23 11:00:00,18.64674324,trend_down,0.9558414499823895
2020-11-23 11:15:00,18.7572834,trend_down,0.9526892231117793
2020-11-23 11:30:00,18.74346588,trend_down,0.9251993854483096
2020-11-23 13:15:00,19.01981628,trend_down,0.900980090619673
2020-11-23 13:30:00,18.99909,trend_down,0.5784702925237408
2020-11-23 13:45:00,19.1027214,trend_up,0.9199885464447993
2020-11-23 14:00:00,18.99218124,trend_up,0.8156601237330515
2020-11-23 14:15:00,18.9300024,trend_up,0.6615824891304735
2020-11-23 14:30:00,18.97145496,trend_up,0.6615824891304735
2020-11-23 14:45:00,18.91618488,trend_up,0.6615824891304735
2020-11-23 15:00:00,18.90927612,trend_down,0.5142803300338894
2020-11-24 09:45:00,18.81255348,trend_down,0.5908897730935443
2020-11-24 10:00:00,18.97836372,range,0.5294037623753223
2020-11-24 10:15:00,19.18562652,trend_up,0.5183425986193364
2020-11-24 10:30:00,19.10963016,trend_up,0.8471799711672638
2020-11-24 10:45:00,19.2754404,trend_up,0.8672707799644853
2020-11-24 11:00:00,19.60706088,trend_up,0.8729163098715907
2020-11-24 11:15:00,19.52415576,trend_up,0.8400793916758517
2020-11-24 11:30:00,19.4136156,trend_up,0.8753697464663618
2020-11-24 13:15:00,19.32380172,trend_up,0.8540433404472647
2020-11-24 13:30:00,19.3099842,trend_up,0.6646317013055155
2020-11-24 13:45:00,19.21326156,trend_up,0.6518016609119309
2020-11-24 14:00:00,19.22017032,trend_up,0.6518016609119309
2020-11-24 14:15:00,19.15108272,trend_up,0.5894533561033574
2020-11-24 14:30:00,19.1372652,range,0.6299592696573502
2020-11-24 14:45:00,19.15108272,range,0.7995050735526689
2020-11-24 15:00:00,19.23398784,range,0.7497206378675046
2020-11-25 09:45:00,19.45506816,trend_up,0.6956124261749731
2020-11-25 10:00:00,19.4136156,trend_up,0.5823844606452684
2020-11-25 10:15:00,19.22707908,range,0.6299592696573502
2020-11-25 10:30:00,19.171809,range,0.6813037943603433
2020-11-25 10:45:00,19.13035644,range,0.6813037943603433
2020-11-25 11:00:00,19.01981628,trend_down,0.5255368726491012
2020-11-25 11:15:00,18.98527248,range,0.6767270180912871
2020-11-25 11:30:00,18.98527248,trend_down,0.8036700552552861
2020-11-25 13:15:00,18.99909,trend_down,0.7217937969344603
2020-11-25 13:30:00,18.97145496,trend_down,0.5356352519973492
2020-11-25 13:45:00,18.98527248,range,0.6289806507036747
2020-11-25 14:00:00,19.05436008,range,0.6307382521208832
2020-11-25 14:15:00,18.98527248,range,0.6307382521208832
2020-11-25 14:30:00,18.84018852,trend_down,0.747493944054781
2020-11-25 14:45:00,18.86782356,trend_down,0.8724427306210515
2020-11-25 15:00:00,18.826371,trend_down,0.7129122337271104
2020-11-26 09:45:00,18.6191082,trend_down,0.702238000231864
2020-11-26 10:00:00,18.63292572,trend_down,0.8538930337598477
2020-11-26 10:15:00,18.52929432,trend_down,0.6311347325784414
2020-11-26 10:30:00,18.47402424,trend_down,0.5293985367695945
2020-11-26 10:45:00,18.5500206,trend_down,0.9742323281814625
2020-11-26 11:00:00,18.49475052,trend_down,0.9741497011086431
2020-11-26 11:15:00,18.69510456,trend_down,0.965729791089964
2020-11-26 11:30:00,18.7227396,trend_down,0.8863309620124101
2020-11-26 13:15:00,18.76419216,trend_up,0.8827596709537892
2020-11-26 13:30:00,18.80564472,trend_up,0.8123414493055849
2020-11-26 13:45:00,18.66746952,trend_up,0.8156601237330515
2020-11-26 14:00:00,18.6191082,trend_down,0.9096603708933312
2020-11-26 14:15:00,18.56383812,trend_down,0.8693229371688215
2020-11-26 14:30:00,18.46020672,trend_down,0.9096603708933312
2020-11-26 14:45:00,18.45329796,trend_down,0.9136500667948829
2020-11-26 15:00:00,18.46020672,trend_down,0.7896851392921523
2020-11-27 09:45:00,18.23221764,trend_down,0.6116778403399209
2020-11-27 10:00:00,18.308214,trend_down,0.9182273385573261
2020-11-27 10:15:00,18.2045826,trend_down,0.5755280487748557
2020-11-27 10:30:00,18.23221764,trend_down,0.5778334026179384
2020-11-27 10:45:00,18.21149136,trend_down,0.8842259038384984
2020-11-27 11:00:00,18.00422856,trend_down,0.6372585403282438
2020-11-27 11:15:00,17.88677964,trend_down,0.493864875391554
2020-11-27 11:30:00,17.617338,trend_down,0.4850766622556711
2020-11-27 13:15:00,17.59661172,trend_down,0.5293985367695945
2020-11-27 13:30:00,17.76933072,trend_down,0.9742323281814625
2020-11-27 13:45:00,17.72787816,trend_down,0.9742323281814625
2020-11-27 14:00:00,17.67951684,trend_down,0.9254264981159408
2020-11-27 14:15:00,17.66569932,trend_down,0.8989257226588602
2020-11-27 14:30:00,17.70024312,trend_down,0.9254264981159408
2020-11-27 14:45:00,17.77623948,trend_down,0.9742323281814625
2020-11-27 15:00:00,17.790057,trend_down,0.9236042312450827
2020-11-30 09:45:00,17.65879056,trend_down,0.9365728327825781
2020-11-30 10:00:00,17.67951684,trend_down,0.9689210597843152
2020-11-30 10:15:00,17.62424676,trend_down,0.9689210597843152
2020-11-30 10:30:00,17.58970296,trend_down,0.8989257226588602
2020-11-30 10:45:00,17.617338,trend_down,0.8965282913525047
2020-11-30 11:00:00,17.64497304,trend_down,0.8955641684077396
2020-11-30 11:15:00,17.70715188,trend_down,0.9653094962875512
2020-11-30 11:30:00,17.61042924,trend_down,0.9735686106763175
2020-11-30 13:15:00,17.59661172,trend_down,0.7128994785324759
2020-11-30 13:30:00,17.5137066,trend_down,0.7128994785324759
2020-11-30 13:45:00,17.5482504,trend_down,0.7128994785324759
2020-11-30 14:00:00,17.60352048,trend_down,0.7075252337545701
2020-11-30 14:15:00,17.56897668,trend_down,0.5838886751055224
2020-11-30 14:30:00,17.55515916,trend_down,0.5808672690341824
2020-11-30 14:45:00,17.53443288,trend_down,0.5808672690341824
2020-11-30 15:00:00,17.5137066,trend_down,0.5864142170964854
2020-12-01 09:45:00,17.63115552,trend_down,0.6189052831754741
2020-12-01 10:00:00,17.63115552,trend_down,0.6297560344989963
2020-12-01 10:15:00,17.6518818,trend_down,0.7080317345949005
2020-12-01 10:30:00,17.66569932,range,0.6299592696573502
2020-12-01 10:45:00,17.617338,range,0.5662926162526309
2020-12-01 11:00:00,17.59661172,trend_down,0.5591100434898039
2020-12-01 11:15:00,17.5482504,trend_down,0.5628047618033173
2020-12-01 11:30:00,17.56206792,trend_down,0.5628047618033173
2020-12-01 13:15:00,17.57588544,trend_down,0.5869865257032929
2020-12-01 13:30:00,17.59661172,trend_down,0.7080317345949005
2020-12-01 13:45:00,17.61042924,trend_down,0.5177646269349031
2020-12-01 14:00:00,17.61042924,trend_down,0.5177646269349031
2020-12-01 14:15:00,17.617338,range,0.5049031794764315
2020-12-01 14:30:00,17.617338,range,0.5049031794764315
2020-12-01 14:45:00,17.63806428,range,0.7995050735526689
2020-12-01 15:00:00,17.69333436,range,0.8872046872473589
2020-12-02 09:45:00,17.7555132,range,0.5786709267565583
2020-12-02 10:00:00,17.55515916,range,0.45611619011967564
2020-12-02 10:15:00,17.444619,trend_down,0.6783166106105781
2020-12-02 10:30:00,17.43080148,trend_down,0.6987027378834086
2020-12-02 10:45:00,17.444619,trend_down,0.7378201178256707
2020-12-02 11:00:00,17.43080148,trend_down,0.5925093016481692
2020-12-02 11:15:00,17.41698396,trend_down,0.5956707526178575
2020-12-02 11:30:00,17.43080148,trend_down,0.7174331767668176
2020-12-02 13:15:00,17.444619,trend_down,0.5901611865688013
2020-12-02 13:30:00,17.4100752,trend_down,0.5901611865688013
2020-12-02 13:45:00,17.43771024,trend_down,0.7674418169778481
2020-12-02 14:00:00,17.40316644,trend_down,0.5901611865688013
2020-12-02 14:15:00,17.42389272,trend_down,0.5901611865688013
2020-12-02 14:30:00,17.40316644,trend_down,0.7174331767668176
2020-12-02 14:45:00,17.444619,range,0.6440097607953776
2020-12-02 15:00:00,17.49298032,range,0.5278516112988646
2020-12-03 09:45:00,17.7209694,range,0.41839624138336945
2020-12-03 10:00:00,17.50679784,range,0.5278516112988646
2020-12-03 10:15:00,17.56897668,range,0.5278516112988646
2020-12-03 10:30:00,17.6864256,trend_up,0.9096603708933312
2020-12-03 10:45:00,17.74169568,trend_up,0.9096603708933312
2020-12-03 11:00:00,17.76933072,trend_up,0.8513799318082087
2020-12-03 11:15:00,17.74860444,trend_up,0.878459223905384
2020-12-03 11:30:00,17.76242196,trend_up,0.878459223905384
2020-12-03 13:15:00,17.7209694,trend_up,0.8705313301600581
2020-12-03 13:30:00,17.64497304,trend_up,0.9460652390401708
2020-12-03 13:45:00,17.63806428,trend_up,0.78186981235211
2020-12-03 14:00:00,17.62424676,trend_up,0.641881695646907
2020-12-03 14:15:00,17.6864256,trend_up,0.8460384384782231
2020-12-03 14:30:00,17.6864256,trend_up,0.641881695646907
2020-12-03 14:45:00,17.6518818,trend_up,0.8460384384782231
2020-12-03 15:00:00,17.66569932,trend_up,0.5512845714999166
2020-12-04 09:45:00,17.0646372,trend_down,0.504032890722713
2020-12-04 10:00:00,17.15445108,trend_down,0.8273627485107009
2020-12-04 10:15:00,17.15445108,trend_down,0.9567949741861582
2020-12-04 10:30:00,17.05081968,trend_down,0.7431059212739862
2020-12-04 10:45:00,16.97482332,trend_down,0.5293985367695945
2020-12-04 11:00:00,16.9955496,trend_down,0.9742323281814625
2020-12-04 11:15:00,16.94718828,trend_down,0.8264601616968841
2020-12-04 11:30:00,16.98864084,trend_down,0.9742323281814625
2020-12-04 13:15:00,16.9610058,trend_down,0.8927407182097999
2020-12-04 13:30:00,16.98864084,trend_down,0.9679511336517824
2020-12-04 13:45:00,16.98864084,trend_down,0.9182273385573261
2020-12-04 14:00:00,17.00245836,trend_down,0.9182273385573261
2020-12-04 14:15:00,16.926462,trend_down,0.8895342149017359
2020-12-04 14:30:00,16.926462,trend_down,0.8212706281870592
2020-12-04 14:45:00,17.00245836,trend_down,0.967029182099857
2020-12-04 15:00:00,17.07845472,trend_down,0.9557253993927181
2020-12-07 09:45:00,16.87119192,trend_down,0.9226129546285158
2020-12-07 10:00:00,16.8919182,trend_down,0.8892108789204528
2020-12-07 10:15:00,16.926462,trend_down,0.9025533180197977
2020-12-07 10:30:00,17.0300934,trend_down,0.9423709533776204
2020-12-07 10:45:00,16.98173208,trend_down,0.8920597894315797
2020-12-07 11:00:00,16.95409704,trend_down,0.886942038506704
2020-12-07 11:15:00,16.94027952,trend_down,0.7075252337545701
2020-12-07 11:30:00,16.98173208,trend_down,0.5145769405993377
2020-12-07 13:15:00,16.96791456,trend_down,0.5838886751055224
2020-12-07 13:30:00,16.9610058,trend_down,0.5808672690341824
2020-12-07 13:45:00,16.88500944,trend_down,0.7524824829551136
2020-12-07 14:00:00,16.926462,trend_down,0.757483659280673
2020-12-07 14:15:00,16.94718828,trend_down,0.757483659280673
2020-12-07 14:30:00,16.96791456,trend_down,0.5145769405993377
2020-12-07 14:45:00,16.94718828,trend_down,0.5145769405993377
2020-12-07 15:00:00,17.02318464,range,0.6498108345124656
2020-12-08 09:45:00,17.0646372,reversal,0.4830863150883028
2020-12-08 10:00:00,16.95409704,trend_down,0.7071502087268331
2020-12-08 10:15:00,16.9955496,trend_up,0.45769042081438654
2020-12-08 10:30:00,16.926462,range,0.5731823569743637
2020-12-08 10:45:00,16.93337076,trend_down,0.5597440010896126
2020-12-08 11:00:00,16.94027952,range,0.6679497269299622
2020-12-08 11:15:00,16.89882696,range,0.810331639320977
2020-12-08 11:30:00,16.91264448,range,0.5643366602093215
2020-12-08 13:15:00,16.96791456,range,0.8872046872473589
2020-12-08 13:30:00,16.96791456,range,0.9072981748131455
2020-12-08 13:45:00,16.98173208,range,0.8068890267785982
2020-12-08 14:00:00,16.95409704,range,0.8068890267785982
2020-12-08 14:15:00,16.98864084,range,0.9072981748131455
2020-12-08 14:30:00,16.94718828,range,0.8068890267785982
2020-12-08 14:45:00,16.926462,range,0.5030095503666082
2020-12-08 15:00:00,16.91264448,range,0.5085700940831887
2020-12-09 09:45:00,16.91955324,range,0.7851479446904522
2020-12-09 10:00:00,16.77446928,trend_down,0.6439366264915237
2020-12-09 10:15:00,16.67774664,trend_down,0.4813027443244837
2020-12-09 10:30:00,16.6501116,trend_down,0.4813027443244837
2020-12-09 10:45:00,16.6501116,trend_down,0.5097713693871831
2020-12-09 11:00:00,16.71229044,trend_down,0.8955641684077396
2020-12-09 11:15:00,16.69156416,trend_down,0.9735686106763175
2020-12-09 11:30:00,16.69847292,trend_down,0.8934098402710774
2020-12-09 13:15:00,16.62938532,trend_down,0.9680422957267861
2020-12-09 13:30:00,16.60175028,trend_down,0.5390484451925946
2020-12-09 13:45:00,16.60175028,trend_down,0.9680422957267861
2020-12-09 14:00:00,16.6155678,trend_down,0.9679511336517824
2020-12-09 14:15:00,16.63629408,trend_down,0.9679511336517824
2020-12-09 14:30:00,16.67774664,trend_down,0.9671310851438669
2020-12-09 14:45:00,16.62247656,trend_down,0.9322810957908073
2020-12-09 15:00:00,16.56720648,trend_down,0.5275383222724065
2020-12-10 09:45:00,16.62938532,trend_down,0.5228881972134845
2020-12-10 10:00:00,16.49811888,trend_down,0.9742323281814625
2020-12-10 10:15:00,16.67774664,trend_down,0.956955323110568
2020-12-10 10:30:00,16.6501116,trend_down,0.9653094962875512
2020-12-10 10:45:00,16.63629408,trend_down,0.934401781259849
2020-12-10 11:00:00,16.60175028,trend_down,0.9496354774399214
2020-12-10 11:15:00,16.58793276,trend_down,0.9029645626213624
2020-12-10 11:30:00,16.6155678,trend_down,0.9735686106763175
2020-12-10 13:15:00,16.6846554,trend_down,0.8156601237330515
2020-12-10 13:30:00,16.66392912,trend_down,0.7071502087268331
2020-12-10 13:45:00,16.60175028,trend_down,0.6901246879786478
2020-12-10 14:00:00,16.64320284,range,0.7521371808182002
2020-12-10 14:15:00,16.62247656,trend_down,0.5079855202092495
2020-12-10 14:30:00,16.6501116,range,0.8766633165993692
2020-12-10 14:45:00,16.66392912,range,0.7587811733891006
2020-12-10 15:00:00,16.63629408,range,0.7521371808182002
2020-12-11 09:45:00,16.47048384,trend_down,0.4743077528822412
2020-12-11 10:00:00,16.38066996,trend_down,0.8528484063173296
2020-12-11 10:15:00,16.38066996,trend_down,0.6458894425912948
2020-12-11 10:30:00,16.3737612,trend_down,0.9569306208080132
2020-12-11 10:45:00,16.35303492,trend_down,0.9310376619313472
2020-12-11 11:00:00,16.31849112,trend_down,0.7858018860291701
2020-12-11 11:15:00,16.29085608,trend_down,0.967029182099857
2020-12-11 11:30:00,16.235586,trend_down,0.5384873087544113
2020-12-11 13:15:00,16.29776484,trend_down,0.9679511336517824
2020-12-11 13:30:00,16.24940352,trend_down,0.9679511336517824
2020-12-11 13:45:00,16.2701298,trend_down,0.9742323281814625
2020-12-11 14:00:00,16.22867724,trend_down,0.9206961464705191
2020-12-11 14:15:00,16.20795096,trend_down,0.9206961464705191
2020-12-11 14:30:00,16.24249476,trend_down,0.9742323281814625
2020-12-11 14:45:00,16.31158236,trend_down,0.9653094962875512
2020-12-11 15:00:00,16.235586,trend_down,0.9735686106763175
2020-12-14 09:45:00,16.408305,breakout_down,0.5785231731740661
2020-12-14 10:00:00,16.40139624,trend_down,0.7939991758485883
2020-12-14 10:15:00,16.35303492,trend_down,0.7939991758485883
2020-12-14 10:30:00,16.29776484,trend_down,0.934401781259849
2020-12-14 10:45:00,16.3737612,trend_down,0.8156601237330515
2020-12-14 11:00:00,16.3737612,trend_down,0.790893365222354
2020-12-14 11:15:00,16.36685244,trend_down,0.5824918233590364
2020-12-14 11:30:00,16.42212252,range,0.49209851201904514
2020-12-14 13:15:00,16.408305,trend_up,0.7495505910828448
2020-12-14 13:30:00,16.42903128,trend_up,0.648246343667833
2020-12-14 13:45:00,16.8573744,trend_up,0.7387241672517241
2020-12-14 14:00:00,16.77446928,trend_up,0.8581487862286942
2020-12-14 14:15:00,16.89882696,trend_up,0.5345238370200474
2020-12-14 14:30:00,16.82973936,trend_up,0.5345238370200474
2020-12-14 14:45:00,16.82973936,trend_up,0.9025533180197977
2020-12-14 15:00:00,16.85046564,trend_up,0.9005271499839334
2020-12-15 09:45:00,16.72610796,trend_up,0.9312156121620109
2020-12-15 10:00:00,16.67774664,trend_up,0.9637445948107466
2020-12-15 10:15:00,16.74683424,trend_up,0.9669242414729065
2020-12-15 10:30:00,16.80210432,trend_up,0.9637445948107466
2020-12-15 10:45:00,16.70538168,trend_up,0.9300320838400228
2020-12-15 11:00:00,16.67774664,trend_up,0.8357690306418118
2020-12-15 11:15:00,16.6846554,trend_down,0.8357690306418118
2020-12-15 11:30:00,16.6846554,trend_down,0.6910003035373161
2020-12-15 13:15:00,16.67083788,trend_down,0.6910003035373161
2020-12-15 13:30:00,16.65702036,range,0.7677607354609383
2020-12-15 13:45:00,16.6846554,range,0.7521371808182002
2020-12-15 14:00:00,16.7191992,range,0.5913082628701426
2020-12-15 14:15:00,16.7882868,trend_up,0.7277710899906815
2020-12-15 14:30:00,16.7882868,trend_up,0.504960685561156
2020-12-15 14:45:00,16.77446928,trend_up,0.504960685561156
2020-12-15 15:00:00,16.76756052,trend_up,0.5114733383376779
2020-12-16 09:45:00,16.8919182,trend_up,0.9365051591176241
2020-12-16 10:00:00,16.94027952,trend_up,0.8956425660553338
2020-12-16 10:15:00,17.05772844,trend_up,0.7437327736490063
2020-12-16 10:30:00,17.00936712,trend_up,0.9569306208080132
2020-12-16 10:45:00,16.9610058,trend_up,0.9742323281814625
2020-12-16 11:00:00,16.98864084,trend_up,0.9182273385573261
2020-12-16 11:15:00,17.0646372,trend_up,0.9742323281814625
2020-12-16 11:30:00,17.04391092,trend_up,0.967029182099857
2020-12-16 13:15:00,16.98173208,trend_up,0.9742323281814625
2020-12-16 13:30:00,16.96791456,trend_up,0.9182273385573261
2020-12-16 13:45:00,16.87810068,trend_up,0.8156601237330515
2020-12-16 14:00:00,16.89882696,trend_down,0.8156601237330515
2020-12-16 14:15:00,16.91955324,trend_down,0.6491959135829651
2020-12-16 14:30:00,16.8919182,trend_up,0.6491959135829651
2020-12-16 14:45:00,16.84355688,trend_up,0.8156601237330515
2020-12-16 15:00:00,16.8228306,trend_down,0.5824918233590364
2020-12-17 09:45:00,16.94027952,trend_down,0.7172743423468605
2020-12-17 10:00:00,16.76065176,trend_down,0.934401781259849
2020-12-17 10:15:00,16.73992548,trend_down,0.8989569418665566
2020-12-17 10:30:00,16.6846554,trend_down,0.7428243732053119
2020-12-17 10:45:00,16.77446928,trend_down,0.8812855876076623
2020-12-17 11:00:00,16.7882868,trend_down,0.8812855876076623
2020-12-17 11:15:00,16.82973936,trend_down,0.8205066479738508
2020-12-17 11:30:00,16.82973936,trend_down,0.855581000415728
2020-12-17 13:15:00,16.88500944,trend_down,0.4702253666007526
2020-12-17 13:30:00,16.86428316,range,0.68742754267119
2020-12-17 13:45:00,16.91955324,trend_up,0.7912276721569186
2020-12-17 14:00:00,16.87810068,trend_up,0.5142803300338894
2020-12-17 14:15:00,16.96791456,trend_up,0.7018448230432495
2020-12-17 14:30:00,16.9610058,trend_up,0.5314036626858863
2020-12-17 14:45:00,16.98173208,trend_up,0.560830937255697
2020-12-17 15:00:00,16.98173208,trend_up,0.6609901173380115
2020-12-18 09:45:00,16.89882696,trend_up,0.8712464509372875
2020-12-18 10:00:00,17.00936712,trend_up,0.884414432399688
2020-12-18 10:15:00,16.91264448,trend_up,0.8169801622314894
2020-12-18 10:30:00,16.91264448,trend_up,0.6627757634874151
2020-12-18 10:45:00,16.926462,trend_up,0.6052085078829801
2020-12-18 11:00:00,16.82973936,range,0.596740290616225
2020-12-18 11:15:00,16.80901308,range,0.4910342603249249
2020-12-18 11:30:00,16.84355688,range,0.7935268396477095
2020-12-18 13:15:00,16.80901308,range,0.7839144015868765
2020-12-18 13:30:00,16.73301672,trend_down,0.5463045323750504
2020-12-18 13:45:00,16.74683424,trend_down,0.8489039039438464
2020-12-18 14:00:00,16.73301672,trend_down,0.800374021807694
2020-12-18 14:15:00,16.85046564,trend_down,0.48252482198700597
2020-12-18 14:30:00,16.8228306,trend_down,0.6735886903367564
2020-12-18 14:45:00,16.82973936,range,0.6735886903367564
2020-12-18 15:00:00,16.82973936,range,0.6735886903367564
2020-12-21 09:45:00,16.57411524,breakout_down,0.6269589049413536
2020-12-21 10:00:00,16.57411524,trend_down,0.8581487862286942
2020-12-21 10:15:00,16.65702036,trend_down,0.9558414499823895
2020-12-21 10:30:00,16.63629408,trend_down,0.9569306208080132
2020-12-21 10:45:00,16.67083788,trend_down,0.9254264981159408
2020-12-21 11:00:00,16.65702036,trend_down,0.9254264981159408
2020-12-21 11:15:00,16.62938532,trend_down,0.968840342841616
2020-12-21 11:30:00,16.65702036,trend_down,0.8958711337427966
2020-12-21 13:15:00,16.65702036,trend_down,0.9230955164120815
2020-12-21 13:30:00,16.581024,trend_down,0.9742323281814625
2020-12-21 13:45:00,16.60865904,trend_down,0.968840342841616
2020-12-21 14:00:00,16.6155678,trend_down,0.8958711337427966
2020-12-21 14:15:00,16.62938532,trend_down,0.9230955164120815
2020-12-21 14:30:00,16.62247656,trend_down,0.8934098402710774
2020-12-21 14:45:00,16.58793276,trend_down,0.9306137682501783
2020-12-21 15:00:00,16.59484152,trend_down,0.8561328372699603
2020-12-22 09:45:00,16.3046736,breakout_down,0.4638212914878978
2020-12-22 10:00:00,16.32539988,trend_down,0.504032890722713
2020-12-22 10:15:00,16.29776484,trend_down,0.9569306208080132
2020-12-22 10:30:00,16.31158236,trend_down,0.9569306208080132
2020-12-22 10:45:00,16.3046736,trend_down,0.9182273385573261
2020-12-22 11:00:00,16.34612616,trend_down,0.967029182099857
2020-12-22 11:15:00,16.29776484,trend_down,0.9156880955987667
2020-12-22 11:30:00,16.3046736,trend_down,0.9156880955987667
2020-12-22 13:15:00,16.2701298,trend_down,0.9742323281814625
2020-12-22 13:30:00,16.1664984,trend_down,0.5293985367695945
2020-12-22 13:45:00,16.18031592,trend_down,0.5381908190367913
2020-12-22 14:00:00,16.17340716,trend_down,0.966073424863376
2020-12-22 14:15:00,16.17340716,trend_down,0.88625147446568
2020-12-22 14:30:00,16.15268088,trend_down,0.7622657811409599
2020-12-22 14:45:00,16.08359328,trend_down,0.5381908190367913
2020-12-22 15:00:00,16.03523196,trend_down,0.4830454398349642
2020-12-23 09:45:00,16.15958964,trend_down,0.966073424863376
2020-12-23 10:00:00,16.04214072,trend_down,0.966073424863376
2020-12-23 10:15:00,16.08359328,trend_down,0.9244569324478901
2020-12-23 10:30:00,16.07668452,trend_down,0.9661863672976857
2020-12-23 10:45:00,16.11813708,trend_down,0.9661863672976857
2020-12-23 11:00:00,16.10431956,trend_down,0.9661863672976857
2020-12-23 11:15:00,16.235586,trend_down,0.790893365222354
2020-12-23 11:30:00,16.20795096,trend_up,0.8959112403874824
2020-12-23 13:15:00,16.29085608,trend_up,0.8959112403874824
2020-12-23 13:30:00,16.26322104,trend_up,0.9332347807542475
2020-12-23 13:45:00,16.24249476,trend_up,0.8959112403874824
2020-12-23 14:00:00,16.13886336,trend_down,0.8375576247161503
2020-12-23 14:15:00,16.15958964,trend_down,0.7604757499852173
2020-12-23 14:30:00,16.14577212,range,0.5882663822619455
2020-12-23 14:45:00,16.12504584,trend_down,0.5783064637189992
2020-12-23 15:00:00,16.1319546,trend_down,0.5145769405993377
2020-12-24 09:45:00,16.02141444,trend_down,0.682094025669792
2020-12-24 10:00:00,16.09050204,trend_down,0.6518016609119309
2020-12-24 10:15:00,16.07668452,trend_down,0.7124680888866436
2020-12-24 10:30:00,16.11813708,trend_down,0.6518016609119309
2020-12-24 10:45:00,16.12504584,range,0.649697269389171
2020-12-24 11:00:00,16.11813708,trend_down,0.6518016609119309
2020-12-24 11:15:00,16.06977576,trend_down,0.7075252337545701
2020-12-24 11:30:00,16.062867,trend_down,0.7122263879303621
2020-12-24 13:15:00,16.0283232,trend_down,0.8722053219439818
2020-12-24 13:30:00,16.0974108,trend_down,0.6159256428573411
2020-12-24 13:45:00,16.00759692,trend_down,0.9653094962875512
2020-12-24 14:00:00,16.00759692,trend_down,0.9162450753751263
2020-12-24 14:15:00,15.9592356,trend_down,0.7574168260899472
2020-12-24 14:30:00,15.96614436,trend_down,0.6607923416738336
2020-12-24 14:45:00,15.9592356,trend_down,0.6749711372741554
2020-12-24 15:00:00,15.87633048,trend_down,0.9285794203562051
2020-12-25 09:45:00,15.89705676,trend_down,0.6372585403282437
2020-12-25 10:00:00,15.84869544,trend_down,0.9742323281814625
2020-12-25 10:15:00,15.94541808,trend_down,0.9742323281814625
2020-12-25 10:30:00,16.1664984,trend_up,0.737823825568231
2020-12-25 10:45:00,16.17340716,trend_up,0.8812855876076623
2020-12-25 11:00:00,16.11122832,trend_down,0.8156601237330515
2020-12-25 11:15:00,16.11122832,range,0.4281058360795582
2020-12-25 11:30:00,16.10431956,trend_up,0.7757646083214381
2020-12-25 13:15:00,16.12504584,trend_up,0.9096603708933312
2020-12-25 13:30:00,16.15268088,trend_up,0.9096603708933312
2020-12-25 13:45:00,16.10431956,trend_up,0.8205066479738508
2020-12-25 14:00:00,16.07668452,range,0.5785881912725127
2020-12-25 14:15:00,16.08359328,range,0.5785881912725127
2020-12-25 14:30:00,16.062867,range,0.8722924988506529
2020-12-25 14:45:00,16.062867,range,0.8722924988506529
2020-12-25 15:00:00,16.08359328,range,0.7913419492900049
2020-12-28 09:45:00,16.0283232,range,0.41839624138336945
2020-12-28 10:00:00,16.1319546,range,0.42664829619252953
2020-12-28 10:15:00,16.1319546,range,0.6299592696573502
2020-12-28 10:30:00,16.26322104,reversal,0.4403003643114023
2020-12-28 10:45:00,16.5119364,breakout_up,0.6869404618774039
2020-12-28 11:00:00,16.41521376,breakout_up,0.4538197500079317
2020-12-28 11:15:00,16.65702036,trend_up,0.504032890722713
2020-12-28 11:30:00,16.55338896,trend_up,0.5407135016471885
2020-12-28 13:15:00,16.44975756,trend_up,0.9735686106763175
2020-12-28 13:30:00,16.50502764,trend_up,0.9136500667948829
2020-12-28 13:45:00,16.49121012,trend_up,0.9742323281814625
2020-12-28 14:00:00,16.39448748,trend_up,0.9544574003068366
2020-12-28 14:15:00,16.44975756,trend_up,0.9136500667948829
2020-12-28 14:30:00,16.51884516,trend_up,0.9735686106763175
2020-12-28 14:45:00,16.52575392,trend_up,0.9154340349285539
2020-12-28 15:00:00,16.52575392,trend_up,0.9136500667948829
2020-12-29 09:45:00,16.53957144,trend_up,0.8809916065289201
2020-12-29 10:00:00,16.4428488,trend_up,0.6838346188890555
2020-12-29 10:15:00,16.42212252,range,0.6006761026585881
2020-12-29 10:30:00,16.53957144,trend_up,0.8888063780690166
2020-12-29 10:45:00,16.48430136,trend_up,0.9176443744606801
2020-12-29 11:00:00,16.50502764,trend_up,0.504960685561156
2020-12-29 11:15:00,16.4428488,range,0.8076301088394207
2020-12-29 11:30:00,16.46357508,range,0.8205901374423107
2020-12-29 13:15:00,16.5119364,range,0.5604425702404716
2020-12-29 13:30:00,16.49811888,range,0.5543668809139047
2020-12-29 13:45:00,16.47048384,range,0.8076301088394207
2020-12-29 14:00:00,16.42903128,range,0.907698005859044
2020-12-29 14:15:00,16.41521376,range,0.8072668076257075
2020-12-29 14:30:00,16.38757872,range,0.9075020440909478
2020-12-29 14:45:00,16.39448748,range,0.8068890267785982
2020-12-29 15:00:00,16.38066996,range,0.617529892152226
2020-12-30 09:45:00,16.36685244,range,0.628770602114582
2020-12-30 10:00:00,16.13886336,trend_down,0.4810545382889628
2020-12-30 10:15:00,16.13886336,trend_down,0.7404646660220476
2020-12-30 10:30:00,16.18722468,trend_down,0.9423709533776204
2020-12-30 10:45:00,16.13886336,trend_down,0.9423709533776204
2020-12-30 11:00:00,16.19413344,trend_down,0.9423709533776204
2020-12-30 11:15:00,16.235586,trend_down,0.8989257226588602
2020-12-30 11:30:00,16.26322104,trend_down,0.9653094962875512
2020-12-30 13:15:00,16.38757872,trend_down,0.6073029387372603
2020-12-30 13:30:00,16.42212252,trend_up,0.6472171333113551
2020-12-30 13:45:00,16.38066996,trend_up,0.900980090619673
2020-12-30 14:00:00,16.3737612,trend_up,0.7757646083214381
2020-12-30 14:15:00,16.3737612,trend_up,0.9592704627017886
2020-12-30 14:30:00,16.33230864,range,0.6049488934198607
2020-12-30 14:45:00,16.29776484,range,0.6049488934198607
2020-12-30 15:00:00,16.26322104,range,0.6854685381004607
2020-12-31 09:45:00,17.45843652,breakout_up,0.4332033702478407
2020-12-31 10:00:00,17.53443288,trend_up,0.5699592919668259
2020-12-31 10:15:00,17.74860444,trend_up,0.4450736263702546
2020-12-31 10:30:00,17.74169568,trend_up,0.7986623257322079
2020-12-31 10:45:00,17.88677964,trend_up,0.9074700472430703
2020-12-31 11:00:00,17.78314824,trend_up,0.9679556215260039
2020-12-31 11:15:00,17.71406064,trend_up,0.9742323281814625
2020-12-31 11:30:00,17.73478692,trend_up,0.9156880955987667
2020-12-31 13:15:00,17.81078328,trend_up,0.966073424863376
2020-12-31 13:30:00,17.74860444,trend_up,0.9742323281814625
2020-12-31 13:45:00,17.77623948,trend_up,0.9156880955987667
2020-12-31 14:00:00,17.77623948,trend_up,0.9156880955987667
2020-12-31 14:15:00,17.7209694,trend_up,0.9156880955987667
2020-12-31 14:30:00,17.74169568,trend_up,0.9156880955987667
2020-12-31 14:45:00,17.7209694,trend_up,0.9136500667948829
2020-12-31 15:00:00,17.54134164,trend_up,0.9653094962875512
2021-01-04 09:45:00,17.617338,trend_up,0.9079162633781166
2021-01-04 10:00:00,17.70715188,trend_up,0.9652070575927774
2021-01-04 10:15:00,17.9282322,trend_up,0.923583436893831
2021-01-04 10:30:00,18.0318636,trend_up,0.8139754305656954
2021-01-04 10:45:00,17.94895848,trend_up,0.9735686106763175
2021-01-04 11:00:00,18.2045826,trend_up,0.817405401579058
2021-01-04 11:15:00,18.135495,trend_up,0.8212706281870592
2021-01-04 11:30:00,18.36348408,trend_up,0.6504743209313293
2021-01-04 13:15:00,18.63983448,trend_up,0.6504743209313293
2021-01-04 13:30:00,18.52238556,trend_up,0.967029182099857
2021-01-04 13:45:00,18.4118454,trend_up,0.967029182099857
2021-01-04 14:00:00,18.37039284,trend_up,0.8895342149017359
2021-01-04 14:15:00,18.43257168,trend_up,0.967029182099857
2021-01-04 14:30:00,18.3773016,trend_up,0.9162450753751263
2021-01-04 14:45:00,18.41875416,trend_up,0.9735686106763175
2021-01-04 15:00:00,18.39802788,trend_up,0.9162450753751263
2021-01-05 09:45:00,18.25985268,trend_up,0.9090635430530795
2021-01-05 10:00:00,18.03877236,trend_up,0.790893365222354
2021-01-05 10:15:00,18.12167748,trend_down,0.790893365222354
2021-01-05 10:30:00,18.0318636,trend_up,0.790893365222354
2021-01-05 10:45:00,18.03877236,trend_down,0.5824918233590364
2021-01-05 11:00:00,17.79696576,trend_down,0.9450935403116844
2021-01-05 11:15:00,17.83150956,trend_down,0.8724350267186767
2021-01-05 11:30:00,17.93514096,trend_down,0.9096603708933312
2021-01-05 13:15:00,17.99041104,trend_down,0.8037830379511186
2021-01-05 13:30:00,17.95586724,trend_down,0.8037830379511186
2021-01-05 13:45:00,17.90059716,trend_down,0.8037830379511186
2021-01-05 14:00:00,17.95586724,trend_down,0.9096603708933312
2021-01-05 14:15:00,17.87296212,trend_down,0.5126015124029761
2021-01-05 14:30:00,17.9282322,trend_down,0.5126015124029761
2021-01-05 14:45:00,18.0318636,range,0.8071915136673933
2021-01-05 15:00:00,18.00422856,range,0.8071915136673933
2021-01-06 09:45:00,17.62424676,range,0.43076842159189493
2021-01-06 10:00:00,17.70024312,range,0.636678816530835
2021-01-06 10:15:00,17.64497304,range,0.636678816530835
2021-01-06 10:30:00,17.790057,range,0.636678816530835
2021-01-06 10:45:00,17.79696576,range,0.5118302389815961
2021-01-06 11:00:00,17.90750592,range,0.636678816530835
2021-01-06 11:15:00,17.87296212,range,0.8071915136673933
2021-01-06 11:30:00,17.790057,range,0.8780163445070504
2021-01-06 13:15:00,17.80387452,range,0.7638272540456548
2021-01-06 13:30:00,17.76933072,range,0.7544736893571622
2021-01-06 13:45:00,17.77623948,trend_down,0.504960685561156
2021-01-06 14:00:00,17.7555132,trend_down,0.5720665698542747
2021-01-06 14:15:00,17.7555132,range,0.5913082628701426
2021-01-06 14:30:00,17.72787816,range,0.5913082628701426
2021-01-06 14:45:00,17.7209694,range,0.5913082628701426
2021-01-06 15:00:00,17.65879056,trend_down,0.504960685561156
2021-01-07 09:45:00,17.86605336,range,0.71002903138491
2021-01-07 10:00:00,17.94895848,range,0.4701744239248355
2021-01-07 10:15:00,17.80387452,range,0.7722451375612671
2021-01-07 10:30:00,17.76242196,range,0.7722451375612671
2021-01-07 10:45:00,17.92132344,range,0.7722451375612671
2021-01-07 11:00:00,17.8246008,range,0.7722451375612671
2021-01-07 11:15:00,17.93514096,trend_up,0.6412619597296555
2021-01-07 11:30:00,17.90750592,trend_up,0.6465933116478583
2021-01-07 13:15:00,17.79696576,range,0.6241366913594073
2021-01-07 13:30:00,17.8246008,range,0.7687647182774826
2021-01-07 13:45:00,17.70715188,range,0.6241366913594073
2021-01-07 14:00:00,17.790057,range,0.7687647182774826
2021-01-07 14:15:00,17.66569932,trend_down,0.5356352519973492
2021-01-07 14:30:00,17.67951684,trend_down,0.5356352519973492
2021-01-07 14:45:00,17.63806428,trend_down,0.5353617316108232
2021-01-07 15:00:00,17.66569932,trend_down,0.7065708320159619
2021-01-08 09:45:00,17.34789636,breakout_down,0.5604210436205432
2021-01-08 10:00:00,17.35480512,trend_down,0.9028997068691287
2021-01-08 10:15:00,17.38934892,trend_down,0.9526892231117793
2021-01-08 10:30:00,17.4100752,trend_down,0.9526892231117793
2021-01-08 10:45:00,17.47225404,trend_down,0.9716442844366692
2021-01-08 11:00:00,17.31335256,trend_down,0.9666699543776186
2021-01-08 11:15:00,17.22353868,trend_down,0.6529812452825876
2021-01-08 11:30:00,17.03700216,trend_down,0.4945693679274689
2021-01-08 13:15:00,16.8573744,trend_down,0.4626649953141035
2021-01-08 13:30:00,16.85046564,trend_down,0.5293985367695945
2021-01-08 13:45:00,16.67083788,trend_down,0.5293985367695945
2021-01-08 14:00:00,16.64320284,trend_down,0.9742323281814625
2021-01-08 14:15:00,16.581024,trend_down,0.5238087613397967
2021-01-08 14:30:00,16.62247656,trend_down,0.5407135016471885
2021-01-08 14:45:00,16.6155678,trend_down,0.9206961464705191
2021-01-08 15:00:00,16.581024,trend_down,0.8927407182097999
2021-01-11 09:45:00,16.64320284,trend_down,0.7954479480067461
2021-01-11 10:00:00,17.0300934,trend_up,0.790893365222354
2021-01-11 10:15:00,17.29262628,trend_up,0.8204744981771703
2021-01-11 10:30:00,17.3064438,trend_up,0.9423709533776204
2021-01-11 10:45:00,17.36862264,trend_up,0.9526892231117793
2021-01-11 11:00:00,17.38934892,trend_up,0.9498237469722951
2021-01-11 11:15:00,17.28571752,trend_up,0.8722053219439818
2021-01-11 11:30:00,17.24426496,trend_up,0.8693229371688215
2021-01-11 13:15:00,17.2719,trend_up,0.8693229371688215
2021-01-11 13:30:00,17.27880876,trend_up,0.8693229371688215
2021-01-11 13:45:00,17.0646372,trend_up,0.8156601237330515
2021-01-11 14:00:00,17.00245836,trend_down,0.8693229371688215
2021-01-11 14:15:00,16.91955324,trend_down,0.9096603708933312
2021-01-11 14:30:00,16.96791456,trend_up,0.5754827443311201
2021-01-11 14:45:00,16.96791456,trend_down,0.6409101477555205
2021-01-11 15:00:00,16.926462,trend_down,0.6872932051106249
2021-01-12 09:45:00,17.38934892,trend_up,0.4309780207657378
2021-01-12 10:00:00,17.34789636,trend_up,0.5039668211840818
2021-01-12 10:15:00,17.10608976,trend_up,0.5039668211840818
2021-01-12 10:30:00,17.11299852,range,0.7738946113840957
2021-01-12 10:45:00,17.07154596,range,0.7738946113840957
2021-01-12 11:00:00,17.0300934,range,0.7544736893571622
2021-01-12 11:15:00,17.11299852,range,0.7544736893571622
2021-01-12 11:30:00,17.20972116,range,0.7544736893571622
2021-01-12 13:15:00,17.2719,range,0.5799617300945734
2021-01-12 13:30:00,17.23044744,range,0.7544736893571622
2021-01-12 13:45:00,17.20972116,range,0.4681679613732376
2021-01-12 14:00:00,17.1337248,range,0.6412288529727601
2021-01-12 14:15:00,17.2719,range,0.5799617300945734
2021-01-12 14:30:00,17.18208612,range,0.7738946113840957
2021-01-12 14:45:00,17.15445108,range,0.7738946113840957
2021-01-12 15:00:00,17.18899488,range,0.7738946113840957
2021-01-13 09:45:00,17.05081968,range,0.6552838133061639
2021-01-13 10:00:00,17.00245836,trend_down,0.5126015124029761
2021-01-13 10:15:00,16.67774664,trend_down,0.6123168081273949
2021-01-13 10:30:00,16.67774664,trend_down,0.7401357053904828
2021-01-13 10:45:00,16.72610796,trend_down,0.7418484416755153
2021-01-13 11:00:00,16.74683424,trend_down,0.8980202892131044
2021-01-13 11:15:00,16.8573744,trend_down,0.9626972968588777
2021-01-13 11:30:00,16.8573744,trend_down,0.9077766284665878
2021-01-13 13:15:00,16.83664812,trend_down,0.9077766284665878
2021-01-13 13:30:00,16.98173208,trend_down,0.6073029387372603
2021-01-13 13:45:00,16.98864084,trend_up,0.5754827443311201
2021-01-13 14:00:00,17.1682686,trend_up,0.5754827443311201
2021-01-13 14:15:00,17.07845472,range,0.6900963490162731
2021-01-13 14:30:00,17.18208612,trend_up,0.7896842717487778
2021-01-13 14:45:00,17.25117372,trend_up,0.7881342581504033
2021-01-13 15:00:00,17.29262628,trend_up,0.49652556819091315
2021-01-14 09:45:00,17.03700216,range,0.6412288529727601
2021-01-14 10:00:00,17.07845472,range,0.6412288529727601
2021-01-14 10:15:00,17.11990728,range,0.5799617300945734
2021-01-14 10:30:00,17.16135984,range,0.6412288529727601
2021-01-14 10:45:00,17.21662992,range,0.6412288529727601
2021-01-14 11:00:00,17.21662992,trend_up,0.504960685561156
2021-01-14 11:15:00,17.26499124,trend_up,0.5567597230667899
2021-01-14 11:30:00,17.52752412,trend_up,0.695003063060052
2021-01-14 13:15:00,17.39625768,trend_up,0.8500151940332742
2021-01-14 13:30:00,17.38934892,trend_up,0.9162450753751263
2021-01-14 13:45:00,17.444619,trend_up,0.9661863672976857
2021-01-14 14:00:00,17.54134164,trend_up,0.9679511336517824
2021-01-14 14:15:00,17.7555132,trend_up,0.634565033529252
2021-01-14 14:30:00,17.57588544,trend_up,0.968840342841616
2021-01-14 14:45:00,17.5482504,trend_up,0.968840342841616
2021-01-14 15:00:00,17.5827942,trend_up,0.9230955164120815
2021-01-15 09:45:00,17.81927364,trend_up,0.6372585403282438
2021-01-15 10:00:00,17.68712446,trend_up,0.9742323281814625
2021-01-15 10:15:00,17.57584094,trend_up,0.9236042312450827
2021-01-15 10:30:00,17.49933352,trend_up,0.9236042312450827
2021-01-15 10:45:00,17.58975138,trend_up,0.9735686106763175
2021-01-15 11:00:00,17.58975138,trend_up,0.8989257226588602
2021-01-15 11:15:00,17.63843792,trend_up,0.9742323281814625
2021-01-15 11:30:00,17.58975138,trend_up,0.907635003707718
2021-01-15 13:15:00,17.54106484,trend_up,0.9013151139342803
2021-01-15 13:30:00,17.44369176,trend_down,0.8156601237330515
2021-01-15 13:45:00,17.38109478,trend_down,0.7224773335313012
2021-01-15 14:00:00,17.54106484,trend_up,0.7065708320159619
2021-01-15 14:15:00,17.51324396,range,0.5819078489731289
2021-01-15 14:30:00,17.61061704,trend_up,0.760565453106971
2021-01-15 14:45:00,17.64539314,trend_up,0.5891365076785863
2021-01-15 15:00:00,17.64539314,trend_up,0.5868408751824461
2021-01-18 09:45:00,17.93751238,trend_up,0.8282416501968406
2021-01-18 10:00:00,18.16007942,trend_up,0.8532603527991378
2021-01-18 10:15:00,18.09052722,trend_up,0.9028419690136968
2021-01-18 10:30:00,18.083572,trend_up,0.9569306208080132
2021-01-18 10:45:00,18.1879003,trend_up,0.938106489634533
2021-01-18 11:00:00,18.1183481,trend_up,0.9156880955987667
2021-01-18 11:15:00,18.12530332,trend_up,0.88625147446568
2021-01-18 11:30:00,18.16703464,trend_up,0.88625147446568
2021-01-18 13:15:00,18.02097502,trend_up,0.966073424863376
2021-01-18 13:30:00,18.04184068,trend_up,0.9742323281814625
2021-01-18 13:45:00,18.00010936,trend_up,0.8888063780690166
2021-01-18 14:00:00,17.92360194,trend_up,0.8888063780690166
2021-01-18 14:15:00,18.0140198,trend_up,0.9136500667948829
2021-01-18 14:30:00,17.99315414,trend_up,0.8888063780690166
2021-01-18 14:45:00,17.9096915,trend_up,0.8156601237330515
2021-01-18 15:00:00,18.00010936,trend_up,0.9423709533776204
2021-01-19 09:45:00,18.05575112,trend_up,0.8126213496184309
2021-01-19 10:00:00,18.14616898,trend_up,0.8336073750509411
2021-01-19 10:15:00,18.083572,trend_up,0.5812297646283645
2021-01-19 10:30:00,17.9444676,trend_up,0.5754827443311201
2021-01-19 10:45:00,17.95142282,range,0.7544736893571622
2021-01-19 11:00:00,17.98619892,range,0.7638272540456548
2021-01-19 11:15:00,17.92360194,range,0.7738946113840957
2021-01-19 11:30:00,17.95142282,range,0.7738946113840957
2021-01-19 13:15:00,17.97228848,range,0.7638272540456548
2021-01-19 13:30:00,17.98619892,range,0.7544736893571622
2021-01-19 13:45:00,17.90273628,range,0.7638272540456548
2021-01-19 14:00:00,17.88882584,range,0.7638272540456548
2021-01-19 14:15:00,17.77754232,range,0.7594317193185925
2021-01-19 14:30:00,17.72885578,range,0.5961695730886651
2021-01-19 14:45:00,17.61757226,trend_down,0.538011512232332
2021-01-19 15:00:00,17.54106484,trend_down,0.6224221922038956
2021-01-20 09:45:00,17.43673654,trend_down,0.752234296406778
2021-01-20 10:00:00,17.7705871,trend_down,0.5649451410328772
2021-01-20 10:15:00,18.1531242,reversal,0.556693400282441
2021-01-20 10:30:00,18.16703464,trend_up,0.5601280168482947
2021-01-20 10:45:00,18.20876596,trend_up,0.8964466843873213
2021-01-20 11:00:00,18.083572,trend_up,0.9526892231117793
2021-01-20 11:15:00,18.14616898,trend_up,0.9735686106763175
2021-01-20 11:30:00,18.13225854,trend_up,0.9187684356464907
2021-01-20 13:15:00,18.083572,trend_up,0.9671310851438669
2021-01-20 13:30:00,18.07661678,trend_up,0.8902144987503774
2021-01-20 13:45:00,18.06966156,trend_up,0.7624714097997891
2021-01-20 14:00:00,18.10443766,trend_up,0.7624714097997891
2021-01-20 14:15:00,18.10443766,trend_up,0.5593734999415976
2021-01-20 14:30:00,18.17398986,trend_up,0.7124680888866436
2021-01-20 14:45:00,18.22963162,trend_up,0.6704269787693933
2021-01-20 15:00:00,18.34787036,trend_up,0.8926506689926583
2021-01-21 09:45:00,18.68867614,breakout_up,0.4638212914878978
2021-01-21 10:00:00,18.75127312,trend_up,0.504032890722713
2021-01-21 10:15:00,18.91124318,trend_up,0.504032890722713
2021-01-21 10:30:00,18.94601928,trend_up,0.9742323281814625
2021-01-21 10:45:00,19.0573028,trend_up,0.5407135016471885
2021-01-21 11:00:00,18.89037752,trend_up,0.9679511336517824
2021-01-21 11:15:00,18.85560142,trend_up,0.8927407182097999
2021-01-21 11:30:00,18.8138701,trend_up,0.8895342149017359
2021-01-21 13:15:00,18.8138701,trend_up,0.9182273385573261
2021-01-21 13:30:00,18.78604922,trend_up,0.9182273385573261
2021-01-21 13:45:00,18.83473576,trend_up,0.9182273385573261
2021-01-21 14:00:00,18.78604922,trend_up,0.9162450753751263
2021-01-21 14:15:00,18.73736268,trend_up,0.8920597894315797
2021-01-21 14:30:00,18.73736268,trend_up,0.8920597894315797
2021-01-21 14:45:00,18.90428796,trend_up,0.9735686106763175
2021-01-21 15:00:00,18.86951186,trend_up,0.9179802441287964
2021-01-22 09:45:00,18.75127312,trend_up,0.9653094962875512
2021-01-22 10:00:00,18.97384016,trend_up,0.9661863672976857
2021-01-22 10:15:00,18.91124318,trend_up,0.8500151940332742
2021-01-22 10:30:00,18.97384016,trend_up,0.8364706572086146
2021-01-22 10:45:00,19.07121324,trend_up,0.828689015930927
2021-01-22 11:00:00,18.97384016,trend_up,0.8540433404472647
2021-01-22 11:15:00,19.03643714,trend_up,0.5593734999415976
2021-01-22 11:30:00,19.07121324,trend_up,0.5618073999884746
2021-01-22 13:15:00,19.51634732,trend_up,0.6372585403282438
2021-01-22 13:30:00,19.46070556,trend_up,0.8927407182097999
2021-01-22 13:45:00,19.44679512,trend_up,0.8927407182097999
2021-01-22 14:00:00,19.38419814,trend_up,0.9742323281814625
2021-01-22 14:15:00,19.3007355,trend_up,0.9742323281814625
2021-01-22 14:30:00,19.3355116,trend_up,0.9742323281814625
2021-01-22 14:45:00,19.2659594,trend_up,0.9212211388208612
2021-01-22 15:00:00,19.27291462,trend_up,0.9212211388208612
2021-01-25 09:45:00,19.9267053,trend_up,0.4850766622556711
2021-01-25 10:00:00,20.170138,trend_up,0.47171885530460705
2021-01-25 10:15:00,20.64309296,trend_up,0.48210764873326295
2021-01-25 10:30:00,21.19951056,breakout_up,0.4452658905757582
2021-01-25 10:45:00,21.19951056,trend_up,0.8905993395434422
2021-01-25 11:00:00,21.19951056,trend_up,0.9230955164120815
2021-01-25 11:15:00,21.19951056,trend_up,0.9230955164120815
2021-01-25 11:30:00,21.03258528,trend_up,0.938106489634533
2021-01-25 13:15:00,21.12995836,trend_up,0.968840342841616
2021-01-25 13:30:00,21.15777924,trend_up,0.8927407182097999
2021-01-25 13:45:00,21.08822704,trend_up,0.8927407182097999
2021-01-25 14:00:00,20.75437648,trend_up,0.9661863672976857
2021-01-25 14:15:00,21.16473446,trend_up,0.9742323281814625
2021-01-25 14:30:00,21.0395405,trend_up,0.9735686106763175
2021-01-25 14:45:00,20.92825698,trend_up,0.9735686106763175
2021-01-25 15:00:00,20.94912264,trend_up,0.9136500667948829
2021-01-26 09:45:00,20.85870478,trend_up,0.5601631803239877
2021-01-26 10:00:00,20.99780918,trend_up,0.9735686106763175
2021-01-26 10:15:00,20.67091384,trend_up,0.9653094962875512
2021-01-26 10:30:00,20.60831686,trend_down,0.6428670560630614
2021-01-26 10:45:00,20.52485422,trend_down,0.8156601237330515
2021-01-26 11:00:00,20.36488416,trend_down,0.5824918233590364
2021-01-26 11:15:00,20.517899,trend_up,0.8156601237330515
2021-01-26 11:30:00,20.3787946,trend_down,0.8493096640531225
2021-01-26 13:15:00,20.36488416,trend_down,0.648246343667833
2021-01-26 13:30:00,20.42748114,trend_down,0.648246343667833
2021-01-26 13:45:00,20.6570034,trend_up,0.9015062663814333
2021-01-26 14:00:00,20.60831686,trend_up,0.7123691467602389
2021-01-26 14:15:00,20.67786906,trend_up,0.7123691467602389
2021-01-26 14:30:00,20.7961078,trend_up,0.648246343667833
2021-01-26 14:45:00,21.09518226,trend_up,0.9237558618896629
2021-01-26 15:00:00,20.68482428,trend_up,0.9015062663814333
2021-01-27 09:45:00,21.34557018,trend_up,0.8191860287994637
2021-01-27 10:00:00,20.9352122,trend_up,0.8372056939489608
2021-01-27 10:15:00,20.80306302,trend_up,0.9255028683958013
2021-01-27 10:30:00,21.44989848,trend_up,0.9272834127062634
2021-01-27 10:45:00,21.7002864,trend_up,0.8369028146721125
2021-01-27 11:00:00,21.76288338,trend_up,0.9470193931247698
2021-01-27 11:15:00,21.6307342,trend_up,0.9569306208080132
2021-01-27 11:30:00,21.86721168,trend_up,0.9719927446022949
2021-01-27 13:15:00,22.00631608,trend_up,0.9719927446022949
2021-01-27 13:30:00,22.2914801,trend_up,0.5390484451925946
2021-01-27 13:45:00,22.1523757,trend_up,0.9679511336517824
2021-01-27 14:00:00,22.256704,trend_up,0.9679511336517824
2021-01-27 14:15:00,22.0828235,trend_up,0.9679511336517824
2021-01-27 14:30:00,22.1871518,trend_up,0.9679511336517824
2021-01-27 14:45:00,21.97153998,trend_up,0.9742323281814625
2021-01-27 15:00:00,22.20106224,trend_up,0.9206961464705191
2021-01-28 09:45:00,21.49858502,trend_up,0.5428647267691095
2021-01-28 10:00:00,21.34557018,trend_down,0.7939991758485883
2021-01-28 10:15:00,21.40816716,trend_down,0.8414240059105436
2021-01-28 10:30:00,21.6655103,trend_up,0.7939991758485883
2021-01-28 10:45:00,21.55422678,range,0.5367232051589758
2021-01-28 11:00:00,21.7350625,trend_up,0.8375576247161503
2021-01-28 11:15:00,21.64464464,trend_down,0.6073029387372603
2021-01-28 11:30:00,21.8393908,trend_up,0.6491959135829651
2021-01-28 13:15:00,22.0480474,trend_up,0.8156601237330515
2021-01-28 13:30:00,21.89503256,trend_up,0.8992337021191241
2021-01-28 13:45:00,21.81156992,trend_up,0.7389997268581178
2021-01-28 14:00:00,21.7698386,range,0.5289927392457532
2021-01-28 14:15:00,21.7698386,range,0.5289927392457532
2021-01-28 14:30:00,21.85330124,trend_up,0.7530322317007375
2021-01-28 14:45:00,21.7350625,trend_down,0.45134527247218387
2021-01-28 15:00:00,21.65855508,range,0.7638272540456548
2021-01-29 09:45:00,22.05500262,range,0.5415068927962077
2021-01-29 10:00:00,22.20801746,trend_up,0.6911184978445482
2021-01-29 10:15:00,22.08977872,trend_up,0.7561517226714854
2021-01-29 10:30:00,22.16628614,trend_up,0.5804954938016856
2021-01-29 10:45:00,21.74201772,range,0.5662926162526309
2021-01-29 11:00:00,21.54031634,range,0.5662926162526309
2021-01-29 11:15:00,21.3525254,range,0.4631792005966957
2021-01-29 11:30:00,21.44294326,range,0.6241366913594073
2021-01-29 13:15:00,21.44989848,trend_down,0.5297699603102178
2021-01-29 13:30:00,21.40121194,trend_down,0.8205066479738508
2021-01-29 13:45:00,21.30383886,trend_down,0.6035789887180525
2021-01-29 14:00:00,21.36643584,trend_down,0.8585837581824726
2021-01-29 14:15:00,21.05345094,trend_down,0.6035789887180524
2021-01-29 14:30:00,20.9004361,trend_down,0.45351048820110473
2021-01-29 14:45:00,21.26210754,trend_down,0.5404176476330163
2021-01-29 15:00:00,21.37339106,range,0.6025973835262449
2021-02-01 09:45:00,21.88807734,range,0.5529759015785229
2021-02-01 10:00:00,22.20106224,range,0.3957327228339451
2021-02-01 10:15:00,22.45145016,trend_up,0.8402260525783921
2021-02-01 10:30:00,22.45145016,trend_up,0.9272226739818402
2021-02-01 10:45:00,22.5696889,trend_up,0.8264601616968841
2021-02-01 11:00:00,22.47927104,trend_up,0.9320202897545481
2021-02-01 11:15:00,22.7087933,trend_up,0.8243646580288405
2021-02-01 11:30:00,22.66010676,trend_up,0.5267711229847092
2021-02-01 13:15:00,22.59750978,trend_up,0.49400673960832714
2021-02-01 13:30:00,22.3958084,trend_up,0.9320202897545481
2021-02-01 13:45:00,22.24279356,trend_up,0.9713729172296236
2021-02-01 14:00:00,22.1523757,trend_up,0.9705853704545222
2021-02-01 14:15:00,22.604465,trend_up,0.954122397242718
2021-02-01 14:30:00,23.45995706,trend_up,0.94351559838416
2021-02-01 14:45:00,23.21652436,trend_up,0.5342199480541586
2021-02-01 15:00:00,23.3695392,trend_up,0.9533532414337434
2021-02-02 09:45:00,22.8826738,trend_up,0.9052539220857752
2021-02-02 10:00:00,22.1871518,trend_down,0.6433232816460183
2021-02-02 10:15:00,22.3610323,trend_down,0.6073029387372603
2021-02-02 10:30:00,22.03413696,trend_down,0.8156601237330515
2021-02-02 10:45:00,22.256704,trend_down,0.8156601237330515
2021-02-02 11:00:00,22.5349128,trend_up,0.7970122181324113
2021-02-02 11:15:00,22.68097242,trend_up,0.9355279931890701
2021-02-02 11:30:00,22.52795758,trend_up,0.6615824891304735
2021-02-02 13:15:00,22.952226,trend_up,0.7123691467602389
2021-02-02 13:30:00,23.08437518,trend_up,0.5868408751824461
2021-02-02 13:45:00,23.46691228,trend_up,0.6852368790197563
2021-02-02 14:00:00,23.32085266,trend_up,0.8021008690794457
2021-02-02 14:15:00,23.39040486,trend_up,0.8061339348240945
2021-02-02 14:30:00,23.66861366,trend_up,0.8972743096760301
2021-02-02 14:45:00,24.3084939,trend_up,0.638097334732534
2021-02-02 15:00:00,24.2389417,trend_up,0.5036977709878729
2021-02-03 09:45:00,25.2126725,trend_up,0.49200707268621524
2021-02-03 10:00:00,24.8996876,trend_up,0.9742323281814625
2021-02-03 10:15:00,24.96228458,trend_up,0.9182273385573261
2021-02-03 10:30:00,24.73276232,trend_up,0.8895342149017359
2021-02-03 10:45:00,25.038792,trend_up,0.9742323281814625
2021-02-03 11:00:00,25.21962772,trend_up,0.967029182099857
2021-02-03 11:15:00,25.2474486,trend_up,0.9182273385573261
2021-02-03 11:30:00,25.72735878,trend_up,0.8264601616968841
2021-02-03 13:15:00,26.29768682,breakout_up,0.48333533514877697
2021-02-03 13:30:00,26.06816456,trend_up,0.967029182099857
2021-02-03 13:45:00,25.7690901,trend_up,0.8895342149017359
2021-02-03 14:00:00,26.2907316,trend_up,0.967029182099857
2021-02-03 14:15:00,25.8734184,trend_up,0.967029182099857
2021-02-03 14:30:00,25.94992582,trend_up,0.9182273385573261
2021-02-03 14:45:00,25.83168708,trend_up,0.9162450753751263
2021-02-03 15:00:00,26.65935826,trend_up,0.938106489634533
2021-02-04 09:45:00,27.04189536,trend_up,0.5293985367695945
2021-02-04 10:00:00,27.76523824,trend_up,0.5293985367695945
2021-02-04 10:15:00,27.68873082,trend_up,0.504032890722713
2021-02-04 10:30:00,27.82088,trend_up,0.9742323281814625
2021-02-04 10:45:00,27.77219346,trend_up,0.9742323281814625
2021-02-04 11:00:00,27.41052202,trend_up,0.968840342841616
2021-02-04 11:15:00,27.84174566,trend_up,0.9679511336517824
2021-02-04 11:30:00,27.75828302,trend_up,0.9742323281814625
2021-02-04 13:15:00,27.37574592,trend_up,0.9735686106763175
2021-02-04 13:30:00,27.82783522,trend_up,0.9735686106763175
2021-02-04 13:45:00,27.87652176,trend_up,0.9206961464705191
2021-02-04 14:00:00,27.82783522,trend_up,0.9206961464705191
2021-02-04 14:15:00,28.0990888,trend_up,0.9742323281814625
2021-02-04 14:30:00,27.82088,trend_up,0.9187684356464907
2021-02-04 14:45:00,27.2992385,trend_up,0.9653094962875512
2021-02-04 15:00:00,27.04885058,trend_down,0.6554353925269597
2021-02-05 09:45:00,27.07667146,trend_up,0.5428647267691095
2021-02-05 10:00:00,27.82088,trend_up,0.934401781259849
2021-02-05 10:15:00,27.82783522,trend_up,0.9460652390401708
2021-02-05 10:30:00,27.76523824,trend_up,0.6876217229161292
2021-02-05 10:45:00,28.4468498,trend_up,0.8375576247161503
2021-02-05 11:00:00,28.00867094,trend_up,0.7124680888866436
2021-02-05 11:15:00,27.80696956,trend_up,0.7124680888866436
2021-02-05 11:30:00,27.59831296,range,0.5049031794764315
2021-02-05 13:15:00,27.2992385,range,0.6356567985997432
2021-02-05 13:30:00,25.86646318,trend_down,0.8047177853325848
2021-02-05 13:45:00,26.2907316,trend_down,0.808111438353901
2021-02-05 14:00:00,26.07511978,trend_down,0.808111438353901
2021-02-05 14:15:00,25.85950796,trend_down,0.8938647944710887
2021-02-05 14:30:00,25.65085136,trend_down,0.7467088075887622
2021-02-05 14:45:00,25.4561052,trend_down,0.7467088075887622
2021-02-05 15:00:00,25.1778964,trend_down,0.9003817085722348
2021-02-08 09:45:00,26.16553764,trend_down,0.8491236163364417
2021-02-08 10:00:00,26.2559555,trend_down,0.9526892231117793
2021-02-08 10:15:00,26.06120934,trend_down,0.8938647944710887
2021-02-08 10:30:00,26.429836,trend_down,0.8959112403874824
2021-02-08 10:45:00,26.77064178,range,0.5455324485346053
2021-02-08 11:00:00,26.59676128,trend_up,0.808111438353901
2021-02-08 11:15:00,27.0210297,trend_up,0.8156601237330515
2021-02-08 11:30:00,27.00711926,trend_up,0.808111438353901
2021-02-08 13:15:00,27.31314894,trend_up,0.9569306208080132
2021-02-08 13:30:00,27.57049208,trend_up,0.6988526516983393
2021-02-08 13:45:00,27.69568604,trend_up,0.6446461407956842
2021-02-08 14:00:00,27.69568604,trend_up,0.6607659462114903
2021-02-08 14:15:00,27.69568604,trend_up,0.6607659462114903
2021-02-08 14:30:00,27.69568604,trend_up,0.6607659462114903
2021-02-08 14:45:00,27.69568604,trend_up,0.7073558847945542
2021-02-08 15:00:00,27.69568604,trend_up,0.7073558847945542
2021-02-09 09:45:00,29.23974488,trend_up,0.6312008606191041
2021-02-09 10:00:00,29.13541658,trend_up,0.9211643497492447
2021-02-09 10:15:00,29.20496878,trend_up,0.9569306208080132
2021-02-09 10:30:00,29.211924,trend_up,0.9569306208080132
2021-02-09 10:45:00,28.80852124,trend_up,0.9742323281814625
2021-02-09 11:00:00,28.99631218,trend_up,0.9742323281814625
2021-02-09 11:15:00,29.06586438,trend_up,0.967029182099857
2021-02-09 11:30:00,29.0728196,trend_up,0.9182273385573261
2021-02-09 13:15:00,28.99631218,trend_up,0.9182273385573261
2021-02-09 13:30:00,29.03108828,trend_up,0.9182273385573261
2021-02-09 13:45:00,28.88502866,trend_up,0.9182273385573261
2021-02-09 14:00:00,29.3510284,trend_up,0.9742323281814625
2021-02-09 14:15:00,29.23974488,trend_up,0.9735686106763175
2021-02-09 14:30:00,29.4205806,trend_up,0.9735686106763175
2021-02-09 14:45:00,29.78225204,trend_up,0.9742323281814625
2021-02-09 15:00:00,29.6987894,trend_up,0.634168667883698
2021-02-10 09:45:00,29.54577456,trend_up,0.938106489634533
2021-02-10 10:00:00,30.09523694,trend_up,0.9285794203562051
2021-02-10 10:15:00,31.30544522,trend_up,0.493864875391554
2021-02-10 10:30:00,30.83249026,trend_up,0.938106489634533
2021-02-10 10:45:00,30.8116246,trend_up,0.9182273385573261
2021-02-10 11:00:00,31.1593856,trend_up,0.9742323281814625
2021-02-10 11:15:00,31.29849,trend_up,0.9742323281814625
2021-02-10 11:30:00,31.39586308,trend_up,0.88625147446568
2021-02-10 13:15:00,31.5419227,trend_up,0.9310376619313472
2021-02-10 13:30:00,32.55738482,breakout_up,0.4945640196519216
2021-02-10 13:45:00,31.82708672,trend_up,0.9742323281814625
2021-02-10 14:00:00,32.03574332,trend_up,0.9182273385573261
2021-02-10 14:15:00,32.20962382,trend_up,0.9742323281814625
2021-02-10 14:30:00,32.18875816,trend_up,0.9182273385573261
2021-02-10 14:45:00,32.0287881,trend_up,0.9182273385573261
2021-02-10 15:00:00,32.5504296,trend_up,0.9742323281814625
2021-02-18 09:45:00,34.06666756,breakout_up,0.48333533514877697
2021-02-18 10:00:00,34.8456522,trend_up,0.938106489634533
2021-02-18 10:15:00,34.7065478,trend_up,0.7437327736490063
2021-02-18 10:30:00,33.22508594,trend_up,0.9742323281814625
2021-02-18 10:45:00,34.68568214,trend_up,0.9679556215260039
2021-02-18 11:00:00,34.68568214,trend_up,0.9679511336517824
2021-02-18 11:15:00,35.0543088,trend_up,0.8927407182097999
2021-02-18 11:30:00,34.31010026,trend_up,0.9679511336517824
2021-02-18 13:15:00,34.2196824,trend_up,0.9742323281814625
2021-02-18 13:30:00,33.76063788,trend_up,0.9653094962875512
2021-02-18 13:45:00,33.71890656,trend_up,0.8952284811874971
2021-02-18 14:00:00,33.49633952,trend_up,0.8952284811874971
2021-02-18 14:15:00,33.39896644,trend_up,0.8952284811874971
2021-02-18 14:30:00,33.37114556,trend_up,0.8952284811874971
2021-02-18 14:45:00,33.32245902,trend_up,0.8920597894315797
2021-02-18 15:00:00,33.26681726,trend_down,0.5824918233590364
2021-02-19 09:45:00,33.5241604,reversal,0.4869824204616581
2021-02-19 10:00:00,32.4113252,reversal,0.5326470624383202
2021-02-19 10:15:00,31.0550573,reversal,0.6191690191516286
2021-02-19 10:30:00,29.9422221,trend_down,0.5492969148346772
2021-02-19 10:45:00,30.24129656,trend_down,0.8156601237330515
2021-02-19 11:00:00,30.24129656,trend_down,0.8724350267186767
2021-02-19 11:15:00,30.43604272,trend_down,0.8724350267186767
2021-02-19 11:30:00,30.71425152,trend_down,0.8941029787259807
2021-02-19 13:15:00,30.92290812,trend_down,0.8037830379511186
2021-02-19 13:30:00,30.99246032,trend_down,0.9096603708933312
2021-02-19 13:45:00,32.4113252,trend_down,0.6073029387372603
2021-02-19 14:00:00,33.39896644,trend_up,0.8156601237330515
2021-02-19 14:15:00,32.4808774,trend_up,0.8156601237330515
2021-02-19 14:30:00,32.64780268,trend_up,0.8156601237330515
2021-02-19 14:45:00,32.8286384,trend_up,0.9735686106763175
2021-02-19 15:00:00,32.60607136,trend_up,0.9735686106763175
2021-02-22 09:45:00,31.90359414,trend_up,0.5399094434744496
2021-02-22 10:00:00,31.29153478,trend_up,0.5399094434744496
2021-02-22 10:15:00,31.29153478,trend_down,0.6428670560630614
2021-02-22 10:30:00,30.73511718,range,0.5076080356158018
2021-02-22 10:45:00,31.3680422,trend_down,0.8968908735351956
2021-02-22 11:00:00,30.950729,range,0.5913082628701426
2021-02-22 11:15:00,30.90899768,range,0.6170851789055269
2021-02-22 11:30:00,31.03419164,range,0.6170851789055269
2021-02-22 13:15:00,30.67947542,range,0.5913082628701426
2021-02-22 13:30:00,30.88813202,trend_down,0.5126015124029761
2021-02-22 13:45:00,30.72120674,trend_down,0.5126015124029761
2021-02-22 14:00:00,30.90899768,trend_down,0.5126015124029761
2021-02-22 14:15:00,30.58905756,trend_down,0.5126015124029761
2021-02-22 14:30:00,30.49168448,trend_down,0.7026083875862044
2021-02-22 14:45:00,30.8811768,trend_down,0.5235923300183257
2021-02-22 15:00:00,30.71425152,trend_down,0.5172201363572855
2021-02-23 09:45:00,30.0465504,trend_down,0.44201036710792435
2021-02-23 10:00:00,31.04114686,range,0.5905110966140823
2021-02-23 10:15:00,31.5766988,range,0.5905110966140823
2021-02-23 10:30:00,30.3943114,range,0.685759807008504
2021-02-23 10:45:00,30.52646058,range,0.5067820346763223
2021-02-23 11:00:00,30.26911744,range,0.7863367821971079
2021-02-23 11:15:00,30.54037102,range,0.685759807008504
2021-02-23 11:30:00,30.92986334,range,0.7722451375612671
2021-02-23 13:15:00,31.1593856,range,0.6635394563209284
2021-02-23 13:30:00,31.11765428,range,0.6635394563209284
2021-02-23 13:45:00,31.59060924,range,0.6148610574654111
2021-02-23 14:00:00,31.21502736,range,0.5537895366448894
2021-02-23 14:15:00,30.80466938,range,0.7722451375612671
2021-02-23 14:30:00,30.69338586,range,0.5537895366448894
2021-02-23 14:45:00,30.57514712,range,0.8072668076257075
2021-02-23 15:00:00,30.58905756,range,0.8072668076257075
2021-02-24 09:45:00,29.19801356,trend_down,0.4465910207649012
2021-02-24 10:00:00,28.8293869,trend_down,0.5752538632508228
2021-02-24 10:15:00,28.52335722,trend_down,0.9567949741861582
2021-02-24 10:30:00,28.50249156,trend_down,0.7431059212739862
2021-02-24 10:45:00,28.2381932,trend_down,0.9156880955987667
2021-02-24 11:00:00,27.81392478,trend_down,0.8264601616968841
2021-02-24 11:15:00,27.7861039,trend_down,0.9156880955987667
2021-02-24 11:30:00,28.11299924,trend_down,0.9156880955987667
2021-02-24 13:15:00,27.7513278,trend_down,0.966073424863376
2021-02-24 13:30:00,27.91825308,trend_down,0.88625147446568
2021-02-24 13:45:00,28.168641,trend_down,0.9156880955987667
2021-02-24 14:00:00,28.34947672,trend_down,0.9156880955987667
2021-02-24 14:15:00,27.82783522,trend_down,0.9742323281814625
2021-02-24 14:30:00,28.04344704,trend_down,0.9742323281814625
2021-02-24 14:45:00,28.32165584,trend_down,0.9653094962875512
2021-02-24 15:00:00,28.02258138,trend_down,0.9136500667948829
2021-02-25 09:45:00,27.94607396,trend_down,0.928832160172612
2021-02-25 10:00:00,27.8556561,trend_down,0.9652070575927774
2021-02-25 10:15:00,27.75828302,trend_down,0.8488680404580534
2021-02-25 10:30:00,27.9947605,trend_down,0.8057285278724651
2021-02-25 10:45:00,28.17559622,range,0.7081129047551181
2021-02-25 11:00:00,28.11995446,range,0.6606895095186037
2021-02-25 11:15:00,28.15473056,range,0.6606895095186037
2021-02-25 11:30:00,28.03649182,trend_down,0.5808672690341824
2021-02-25 13:15:00,27.76523824,trend_down,0.5547125544476372
2021-02-25 13:30:00,27.7513278,trend_down,0.5043631180588056
2021-02-25 13:45:00,27.73741736,range,0.5604425702404716
2021-02-25 14:00:00,27.55658164,range,0.5095308855802609
2021-02-25 14:15:00,27.0905819,trend_down,0.6768353321783857
2021-02-25 14:30:00,27.04189536,trend_down,0.4962888691612272
2021-02-25 14:45:00,27.06971624,trend_down,0.88625147446568
2021-02-25 15:00:00,26.9514775,trend_down,0.8774268735933498
2021-02-26 09:45:00,25.64389614,breakout_down,0.48512049459319745
2021-02-26 10:00:00,26.04034368,trend_down,0.6372585403282437
2021-02-26 10:15:00,26.1168511,trend_down,0.9156880955987667
2021-02-26 10:30:00,26.20726896,trend_down,0.9156880955987667
2021-02-26 10:45:00,26.28377638,trend_down,0.9156880955987667
2021-02-26 11:00:00,26.429836,trend_down,0.966073424863376
2021-02-26 11:15:00,26.5341643,trend_down,0.9136500667948829
2021-02-26 11:30:00,26.40897034,trend_down,0.7663818818191903
2021-02-26 13:15:00,26.082075,trend_down,0.9735686106763175
2021-02-26 13:30:00,26.16553764,trend_down,0.9735686106763175
2021-02-26 13:45:00,26.06120934,trend_down,0.9742323281814625
2021-02-26 14:00:00,26.082075,trend_down,0.9154340349285539
2021-02-26 14:15:00,26.2907316,trend_down,0.9653094962875512
2021-02-26 14:30:00,26.31159726,trend_down,0.8888063780690166
2021-02-26 14:45:00,25.94992582,trend_down,0.9735686106763175
2021-02-26 15:00:00,25.9429706,trend_down,0.9154340349285539
2021-03-01 09:45:00,26.58980606,trend_down,0.5529036999713479
2021-03-01 10:00:00,27.29228328,trend_up,0.7248038104878319
2021-03-01 10:15:00,26.95843272,trend_up,0.9423709533776204
2021-03-01 10:30:00,26.95843272,trend_up,0.74429590927734
2021-03-01 10:45:00,27.32010416,trend_up,0.9165919355430117
2021-03-01 11:00:00,27.20882064,trend_up,0.7984524515105774
2021-03-01 11:15:00,27.20882064,trend_up,0.7865737659217185
2021-03-01 11:30:00,27.3340146,trend_up,0.7865737659217185
2021-03-01 13:15:00,27.3340146,trend_up,0.9522565217787161
2021-03-01 13:30:00,27.29228328,trend_up,0.9526892231117793
2021-03-01 13:45:00,27.44529812,trend_up,0.9526892231117793
2021-03-01 14:00:00,27.52180554,trend_up,0.9363027516364916
2021-03-01 14:15:00,27.45920856,trend_up,0.8705313301600581
2021-03-01 14:30:00,27.35488026,trend_up,0.8989569418665566
2021-03-01 14:45:00,27.7513278,trend_up,0.9470025662049734
2021-03-01 15:00:00,27.7513278,trend_up,0.878459223905384
2021-03-02 09:45:00,28.2034171,trend_up,0.5770509136651125
2021-03-02 10:00:00,29.0728196,breakout_up,0.46727494187248475
2021-03-02 10:15:00,29.1075957,trend_up,0.9567949741861582
2021-03-02 10:30:00,29.40667016,trend_up,0.5353414024884853
2021-03-02 10:45:00,29.559685,trend_up,0.5293985367695945
2021-03-02 11:00:00,29.60837154,trend_up,0.5407135016471885
2021-03-02 11:15:00,30.10219216,trend_up,0.5407135016471885
2021-03-02 11:30:00,30.02568474,trend_up,0.5407135016471885
2021-03-02 13:15:00,29.78225204,trend_up,0.9742323281814625
2021-03-02 13:30:00,29.40667016,trend_up,0.9679511336517824
2021-03-02 13:45:00,29.211924,trend_up,0.9671310851438669
2021-03-02 14:00:00,29.1423718,trend_up,0.9735686106763175
2021-03-02 14:15:00,29.4205806,trend_up,0.9735686106763175
2021-03-02 14:30:00,29.19801356,trend_up,0.8920597894315797
2021-03-02 14:45:00,28.8989391,trend_up,0.9448570951446239
2021-03-02 15:00:00,29.3858045,trend_up,0.9558414499823895
2021-03-03 09:45:00,28.91284954,trend_down,0.8135403095324131
2021-03-03 10:00:00,28.76678992,trend_down,0.9332347807542475
2021-03-03 10:15:00,28.516402,trend_down,0.9332347807542475
2021-03-03 10:30:00,28.14082012,trend_down,0.9460652390401708
2021-03-03 10:45:00,28.12690968,trend_down,0.8778388329315164
2021-03-03 11:00:00,28.24514842,trend_down,0.8808754331114961
2021-03-03 11:15:00,28.21037232,trend_down,0.878459223905384
2021-03-03 11:30:00,28.4468498,trend_down,0.9423709533776204
2021-03-03 13:15:00,28.2729693,trend_down,0.8784154790480619
2021-03-03 13:30:00,28.25905886,trend_down,0.9423709533776204
2021-03-03 13:45:00,28.23123798,trend_down,0.8784154790480619
2021-03-03 14:00:00,28.23123798,trend_down,0.8964466843873214
2021-03-03 14:15:00,28.27992452,trend_down,0.8754655967026245
2021-03-03 14:30:00,28.23123798,trend_down,0.8754655967026245
2021-03-03 14:45:00,28.32165584,trend_down,0.8754655967026245
2021-03-03 15:00:00,28.516402,trend_down,0.7939991758485883
2021-03-04 09:45:00,27.2992385,trend_down,0.3962382467876507
2021-03-04 10:00:00,27.3340146,trend_down,0.7895485230885659
2021-03-04 10:15:00,27.0905819,trend_down,0.9468542648081081
2021-03-04 10:30:00,26.9514775,trend_down,0.8964466843873213
2021-03-04 10:45:00,26.79150744,trend_down,0.9310376619313472
2021-03-04 11:00:00,26.90974618,trend_down,0.9742323281814625
2021-03-04 11:15:00,26.97234316,trend_down,0.968840342841616
2021-03-04 11:30:00,27.16708932,trend_down,0.8927407182097999
2021-03-04 13:15:00,27.1949102,trend_down,0.8927407182097999
2021-03-04 13:30:00,26.96538794,trend_down,0.9182273385573261
2021-03-04 13:45:00,26.89583574,trend_down,0.9182273385573261
2021-03-04 14:00:00,27.01407448,trend_down,0.9182273385573261
2021-03-04 14:15:00,27.0905819,trend_down,0.9742323281814625
2021-03-04 14:30:00,27.16708932,trend_down,0.8920597894315797
2021-03-04 14:45:00,26.85410442,trend_down,0.9735686106763175
2021-03-04 15:00:00,26.78455222,trend_down,0.9735686106763175
2021-03-05 09:45:00,26.36723902,trend_down,0.48351442822878427
2021-03-05 10:00:00,25.88037362,trend_down,0.9508698508057122
2021-03-05 10:15:00,25.84559752,trend_down,0.9742323281814625
2021-03-05 10:30:00,26.1168511,trend_down,0.9742323281814625
2021-03-05 10:45:00,26.37419424,trend_down,0.9742323281814625
2021-03-05 11:00:00,26.6732687,trend_down,0.8202936324525594
2021-03-05 11:15:00,26.6384926,trend_down,0.6573104566453738
2021-03-05 11:30:00,26.52025386,trend_down,0.7174331767668176
2021-03-05 13:15:00,26.17249286,trend_down,0.9742323281814625
2021-03-05 13:30:00,25.90123928,trend_down,0.9569306208080132
2021-03-05 13:45:00,25.99165714,trend_down,0.9052286302355669
2021-03-05 14:00:00,25.98470192,trend_down,0.9204558658492991
2021-03-05 14:15:00,26.22813462,trend_down,0.9187684356464907
2021-03-05 14:30:00,26.20726896,trend_down,0.7624714097997891
2021-03-05 14:45:00,26.082075,trend_down,0.7624714097997891
2021-03-05 15:00:00,26.24900028,range,0.5049031794764315
2021-03-08 09:45:00,26.6732687,trend_up,0.4619965339342067
2021-03-08 10:00:00,26.90279096,range,0.7995050735526689
2021-03-08 10:15:00,26.48547776,range,0.7995050735526689
2021-03-08 10:30:00,26.01947802,range,0.6299592696573502
2021-03-08 10:45:00,25.93601538,trend_down,0.7328010352646416
2021-03-08 11:00:00,25.88732884,range,0.6148610574654111
2021-03-08 11:15:00,25.9081945,range,0.6148610574654111
2021-03-08 11:30:00,25.84559752,trend_down,0.5368021215016222
2021-03-08 13:15:00,25.63694092,trend_down,0.5604093460495155
2021-03-08 13:30:00,25.42828432,trend_down,0.5087568914372458
2021-03-08 13:45:00,25.34482168,trend_down,0.7510930243793533
2021-03-08 14:00:00,25.30309036,trend_down,0.7616523128325627
2021-03-08 14:15:00,24.95532936,trend_down,0.49200707268621524
2021-03-08 14:30:00,24.92055326,trend_down,0.6144662816192575
2021-03-08 14:45:00,24.68407578,trend_down,0.5272643557394641
2021-03-08 15:00:00,24.60756836,trend_down,0.47077975421351703
2021-03-09 09:45:00,24.21112082,trend_down,0.4850766622556711
2021-03-09 10:00:00,23.68947932,trend_down,0.4850766622556711
2021-03-09 10:15:00,24.4128222,trend_down,0.938106489634533
2021-03-09 10:30:00,25.2822247,trend_down,0.7454886979526159
2021-03-09 10:45:00,24.9692398,trend_down,0.7511483206275911
2021-03-09 11:00:00,25.61607526,trend_down,0.7511483206275911
2021-03-09 11:15:00,25.60216482,trend_down,0.6554353925269597
2021-03-09 11:30:00,25.65780658,trend_down,0.5894533561033574
2021-03-09 13:15:00,25.7690901,trend_down,0.8156601237330515
2021-03-09 13:30:00,25.56738872,trend_up,0.8754655967026245
2021-03-09 13:45:00,25.386553,trend_up,0.9096603708933312
2021-03-09 14:00:00,25.31004558,trend_down,0.8964466843873213
2021-03-09 14:15:00,25.2474486,trend_down,0.7865737659217185
2021-03-09 14:30:00,25.32395602,trend_down,0.9185084996151938
2021-03-09 14:45:00,25.08747854,trend_down,0.7123691467602389
2021-03-09 15:00:00,25.038792,trend_down,0.78186981235211
2021-03-10 09:45:00,25.40046344,reversal,0.5279895126312328
2021-03-10 10:00:00,25.4561052,range,0.455445798709778
2021-03-10 10:15:00,24.62843402,trend_down,0.6359685894540297
2021-03-10 10:30:00,24.7258071,trend_down,0.7029048452034654
2021-03-10 10:45:00,24.96228458,trend_down,0.6826739095759736
2021-03-10 11:00:00,24.98315024,range,0.5537895366448894
2021-03-10 11:15:00,24.99706068,trend_down,0.5043631180588056
2021-03-10 11:30:00,24.88577716,trend_down,0.5043631180588056
2021-03-10 13:15:00,24.88577716,trend_down,0.5108897869477536
2021-03-10 13:30:00,24.9344637,range,0.5604425702404716
2021-03-10 13:45:00,24.8649115,range,0.49674136766796373
2021-03-10 14:00:00,25.0040159,range,0.8205901374423107
2021-03-10 14:15:00,25.4213291,range,0.8966901890453052
2021-03-10 14:30:00,25.2822247,range,0.9092841441982273
2021-03-10 14:45:00,25.30309036,range,0.9092841441982273
2021-03-10 15:00:00,25.24049338,range,0.9092841441982273
2021-03-11 09:45:00,25.386553,range,0.448306434751945
2021-03-11 10:00:00,25.47697086,range,0.5016324948275044
2021-03-11 10:15:00,26.07511978,trend_up,0.6397803889699623
2021-03-11 10:30:00,25.92210494,trend_up,0.8754655967026245
2021-03-11 10:45:00,25.75517966,trend_up,0.8989569418665566
2021-03-11 11:00:00,25.8734184,trend_up,0.8705313301600581
2021-03-11 11:15:00,25.72040356,trend_up,0.9470025662049734
2021-03-11 11:30:00,25.54652306,trend_up,0.8989569418665566
2021-03-11 13:15:00,25.70649312,trend_up,0.8989569418665566
2021-03-11 13:30:00,25.60912004,trend_up,0.8989569418665566
2021-03-11 13:45:00,25.61607526,trend_up,0.8989569418665566
2021-03-11 14:00:00,25.78300054,trend_up,0.6925943798714477
2021-03-11 14:15:00,25.65085136,trend_up,0.6925943798714477
2021-03-11 14:30:00,25.72040356,trend_up,0.6925943798714477
2021-03-11 14:45:00,26.0125228,trend_up,0.8705313301600581
2021-03-11 15:00:00,26.07511978,trend_up,0.6403953624439424
2021-03-12 09:45:00,26.45070166,breakout_up,0.4139867052391409
2021-03-12 10:00:00,26.5341643,trend_up,0.8381086013780703
2021-03-12 10:15:00,26.20726896,trend_up,0.7812414299287936
2021-03-12 10:30:00,26.47852254,trend_up,0.7860743496917144
2021-03-12 10:45:00,26.41592556,trend_up,0.7812414299287936
2021-03-12 11:00:00,26.47156732,trend_up,0.9254264981159408
2021-03-12 11:15:00,26.4646121,trend_up,0.8989257226588602
2021-03-12 11:30:00,26.45765688,trend_up,0.9251993854483096
2021-03-12 13:15:00,26.47156732,trend_up,0.922861896497621
2021-03-12 13:30:00,26.6384926,trend_up,0.6529812452825876
2021-03-12 13:45:00,26.89583574,trend_up,0.9261119987479053
2021-03-12 14:00:00,26.63153738,trend_up,0.9687409804976631
2021-03-12 14:15:00,26.73586568,trend_up,0.8955641684077396
2021-03-12 14:30:00,26.72195524,trend_up,0.8955641684077396
2021-03-12 14:45:00,26.72891046,trend_up,0.922861896497621
2021-03-12 15:00:00,26.69413436,trend_up,0.7025582472978368
2021-03-15 09:45:00,26.4646121,trend_down,0.7856798088778048
2021-03-15 10:00:00,26.429836,trend_down,0.8202936324525594
2021-03-15 10:15:00,26.82628354,trend_up,0.8300108419733636
2021-03-15 10:30:00,26.777597,trend_up,0.8479596777046071
2021-03-15 10:45:00,26.58285084,trend_up,0.7757646083214381
2021-03-15 11:00:00,26.58285084,range,0.6181897121652762
2021-03-15 11:15:00,26.76368656,trend_up,0.5415177694678753
2021-03-15 11:30:00,26.77064178,range,0.5946701451940491
2021-03-15 13:15:00,26.77064178,range,0.5946701451940491
2021-03-15 13:30:00,26.68022392,range,0.7497206378675046
2021-03-15 13:45:00,26.48547776,range,0.8872046872473589
2021-03-15 14:00:00,26.4646121,range,0.8068890267785982
2021-03-15 14:15:00,26.40201512,range,0.8068890267785982
2021-03-15 14:30:00,26.45765688,range,0.8862011044689261
2021-03-15 14:45:00,26.45070166,range,0.6624344890154342
2021-03-15 15:00:00,26.4646121,range,0.6624344890154342
2021-03-16 09:45:00,26.63153738,range,0.7434369681396977
2021-03-16 10:00:00,26.56198518,range,0.7839144015868764
2021-03-16 10:15:00,26.16553764,range,0.6871992918809858
2021-03-16 10:30:00,25.85255274,range,0.4423427260254177
2021-03-16 10:45:00,25.06661288,breakout_down,0.7344157528180796
2021-03-16 11:00:00,25.1778964,trend_down,0.6305632891344043
2021-03-16 11:15:00,25.40741866,trend_down,0.8581487862286942
2021-03-16 11:30:00,25.25440382,trend_down,0.9735686106763175
2021-03-16 13:15:00,25.19876206,trend_down,0.9204558658492991
2021-03-16 13:30:00,25.15703074,trend_down,0.9204558658492991
2021-03-16 13:45:00,25.23353816,trend_down,0.9671310851438669
2021-03-16 14:00:00,25.25440382,trend_down,0.9187684356464907
2021-03-16 14:15:00,25.12225464,trend_down,0.9187684356464907
2021-03-16 14:30:00,25.20571728,trend_down,0.9735686106763175
2021-03-16 14:45:00,25.11529942,trend_down,0.9187684356464907
2021-03-16 15:00:00,25.2126725,trend_down,0.9671310851438669
2021-03-17 09:45:00,24.7953593,breakout_down,0.4896416104464761
2021-03-17 10:00:00,25.04574722,trend_down,0.967029182099857
2021-03-17 10:15:00,25.31004558,trend_down,0.8538227567721062
2021-03-17 10:30:00,25.038792,trend_down,0.9557253993927181
2021-03-17 10:45:00,24.99010546,trend_down,0.855628419547505
2021-03-17 11:00:00,24.91359804,trend_down,0.9735686106763175
2021-03-17 11:15:00,24.64929968,trend_down,0.7944243287087609
2021-03-17 11:30:00,24.70494144,trend_down,0.7177877360565809
2021-03-17 13:15:00,25.01097112,trend_down,0.8155130958834124
2021-03-17 13:30:00,25.12225464,trend_down,0.8155130958834124
2021-03-17 13:45:00,25.06661288,range,0.7853306308178706
2021-03-17 14:00:00,25.12225464,range,0.7654490135854276
2021-03-17 14:15:00,24.92750848,trend_down,0.7023470941254666
2021-03-17 14:30:00,24.87882194,trend_down,0.6901246879786478
2021-03-17 14:45:00,24.82318018,trend_down,0.6901246879786478
2021-03-17 15:00:00,24.8301354,trend_down,0.5229066911097681
2021-03-18 09:45:00,24.6562549,trend_down,0.6518016609119309
2021-03-18 10:00:00,24.7258071,trend_down,0.6518016609119309
2021-03-18 10:15:00,24.49628484,trend_down,0.8316353320316554
2021-03-18 10:30:00,24.41977742,trend_down,0.5778334026179384
2021-03-18 10:45:00,24.55888182,trend_down,0.9435205639145571
2021-03-18 11:00:00,24.7258071,trend_down,0.9247839297203075
2021-03-18 11:15:00,24.691031,trend_down,0.7674418169778482
2021-03-18 11:30:00,24.57974748,trend_down,0.8983132835346506
2021-03-18 13:15:00,24.77449364,trend_down,0.7050507489841378
2021-03-18 13:30:00,24.6214788,trend_down,0.8983132835346506
2021-03-18 13:45:00,24.6214788,trend_down,0.8983132835346506
2021-03-18 14:00:00,24.60756836,trend_down,0.6956124261749731
2021-03-18 14:15:00,24.57974748,trend_down,0.8754655967026245
2021-03-18 14:30:00,24.5867027,range,0.5049031794764315
2021-03-18 14:45:00,24.73276232,range,0.7995050735526689
2021-03-18 15:00:00,24.71189666,range,0.8752594922767772
2021-03-19 09:45:00,24.2041656,range,0.5215566425289972
2021-03-19 10:00:00,24.26676258,trend_down,0.6412619597296555
2021-03-19 10:15:00,24.22503126,trend_down,0.9029645626213623
2021-03-19 10:30:00,24.30153868,trend_down,0.9075479579203247
2021-03-19 10:45:00,24.2737178,trend_down,0.7671682660063865
2021-03-19 11:00:00,24.12070296,trend_down,0.8147582894121508
2021-03-19 11:15:00,24.05115076,trend_down,0.9206961464705191
2021-03-19 11:30:00,24.00941944,trend_down,0.6537255360960815
2021-03-19 13:15:00,23.79380762,trend_down,0.5384873087544113
2021-03-19 13:30:00,23.73816586,trend_down,0.5135729959019175
2021-03-19 13:45:00,23.73121064,trend_down,0.8895342149017359
2021-03-19 14:00:00,23.75903152,trend_down,0.8895342149017359
2021-03-19 14:15:00,23.57124058,trend_down,0.7954479480067461
2021-03-19 14:30:00,23.65470322,trend_down,0.5275383222724065
2021-03-19 14:45:00,23.76598674,trend_down,0.9742323281814625
2021-03-19 15:00:00,23.64079278,trend_down,0.938106489634533
2021-03-22 09:45:00,24.33631478,trend_down,0.48833926183038384
2021-03-22 10:00:00,24.10679252,trend_up,0.8204744981771703
2021-03-22 10:15:00,24.37109088,trend_down,0.8156601237330515
2021-03-22 10:30:00,23.995509,trend_down,0.9423709533776204
2021-03-22 10:45:00,23.74512108,trend_down,0.9423709533776204
2021-03-22 11:00:00,23.8564046,trend_down,0.9507160989322379
2021-03-22 11:15:00,23.8216285,trend_down,0.934401781259849
2021-03-22 11:30:00,23.91900158,trend_down,0.9653094962875512
2021-03-22 13:15:00,24.14852384,trend_up,0.6073029387372603
2021-03-22 13:30:00,24.32935956,trend_up,0.4639852444248265
2021-03-22 13:45:00,24.4823744,trend_up,0.7123691467602389
2021-03-22 14:00:00,24.51019528,range,0.49209851201904514
2021-03-22 14:15:00,24.42673264,trend_up,0.9037099434649061
2021-03-22 14:30:00,24.47541918,trend_up,0.6545920166124131
2021-03-22 14:45:00,24.52410572,range,0.5819078489731289
2021-03-22 15:00:00,24.57279226,range,0.5819078489731289
2021-03-23 09:45:00,24.38500132,trend_up,0.5118735956804523
2021-03-23 10:00:00,24.46846396,trend_up,0.5239737120696346
2021-03-23 10:15:00,24.22503126,range,0.7995050735526689
2021-03-23 10:30:00,24.1693895,range,0.8872046872473589
2021-03-23 10:45:00,24.12765818,range,0.6125631315948684
2021-03-23 11:00:00,24.19025516,trend_down,0.5845824471871091
2021-03-23 11:15:00,23.93291202,trend_down,0.9237558618896629
2021-03-23 11:30:00,23.8911807,trend_down,0.8026220028412758
2021-03-23 13:15:00,23.97464334,trend_down,0.7984524515105774
2021-03-23 13:30:00,24.0302851,trend_down,0.7984524515105774
2021-03-23 13:45:00,24.21112082,trend_down,0.7123691467602389
2021-03-23 14:00:00,24.28067302,range,0.49209851201904514
2021-03-23 14:15:00,24.1346134,trend_down,0.7495505910828448
2021-03-23 14:30:00,24.17634472,trend_down,0.7071502087268331
2021-03-23 14:45:00,24.36413566,range,0.7587811733891006
2021-03-23 15:00:00,24.47541918,range,0.7722451375612671
2021-03-24 09:45:00,24.05810598,range,0.6552838133061639
2021-03-24 10:00:00,23.63383756,trend_down,0.6123168081273949
2021-03-24 10:15:00,23.73121064,trend_down,0.7448637014848448
2021-03-24 10:30:00,23.5086436,trend_down,0.9143131847401962
2021-03-24 10:45:00,23.52255404,trend_down,0.9145702985221822
2021-03-24 11:00:00,23.4390914,trend_down,0.9399253461109718
2021-03-24 11:15:00,23.43213618,trend_down,0.8820241035008868
2021-03-24 11:30:00,23.299987,trend_down,0.9206961464705191
2021-03-24 13:15:00,23.27216612,trend_down,0.5390484451925946
2021-03-24 13:30:00,23.299987,trend_down,0.8958711337427966
2021-03-24 13:45:00,23.57124058,trend_down,0.9680422957267861
2021-03-24 14:00:00,23.45995706,trend_down,0.9230955164120815
2021-03-24 14:15:00,23.50168838,trend_down,0.9230955164120815
2021-03-24 14:30:00,23.3695392,trend_down,0.9742323281814625
2021-03-24 14:45:00,23.36258398,trend_down,0.9742323281814625
2021-03-24 15:00:00,23.31389744,trend_down,0.9230955164120815
2021-03-25 09:45:00,22.952226,breakout_down,0.48399826794247963
2021-03-25 10:00:00,23.1956587,trend_down,0.938106489634533
2021-03-25 10:15:00,23.87727026,trend_down,0.5529036999713479
2021-03-25 10:30:00,23.53646448,trend_down,0.8156601237330515
2021-03-25 10:45:00,23.44604662,trend_down,0.8156601237330515
2021-03-25 11:00:00,23.70338976,trend_down,0.8156601237330515
2021-03-25 11:15:00,23.5781958,trend_down,0.8156601237330515
2021-03-25 11:30:00,23.5086436,range,0.43720636478307423
2021-03-25 13:15:00,23.82858372,trend_up,0.6073029387372603
2021-03-25 13:30:00,23.73121064,trend_up,0.6073029387372603
2021-03-25 13:45:00,23.68947932,range,0.6941415031866094
2021-03-25 14:00:00,23.64079278,range,0.6941415031866094
2021-03-25 14:15:00,23.5434197,range,0.700716910698857
2021-03-25 14:30:00,23.45300184,trend_down,0.5597440010896126
2021-03-25 14:45:00,23.5781958,range,0.8766633165993692
2021-03-25 15:00:00,23.4390914,range,0.7521371808182002
2021-03-26 09:45:00,23.5434197,trend_down,0.6901246879786478
2021-03-26 10:00:00,23.44604662,trend_down,0.6359685894540297
2021-03-26 10:15:00,23.23739002,trend_down,0.6981159566911366
2021-03-26 10:30:00,23.1956587,trend_down,0.5576116017770798
2021-03-26 10:45:00,23.25130046,trend_down,0.5545577042650239
2021-03-26 11:00:00,23.4738675,range,0.7874824008533569
2021-03-26 11:15:00,23.53646448,range,0.8966901890453052
2021-03-26 11:30:00,23.64079278,range,0.8105769839318411
2021-03-26 13:15:00,23.68947932,range,0.7882570544014608
2021-03-26 13:30:00,23.63383756,range,0.6148610574654111
2021-03-26 13:45:00,23.647748,range,0.6635394563209284
2021-03-26 14:00:00,23.647748,range,0.6679497269299622
2021-03-26 14:15:00,23.64079278,range,0.6136407089985548
2021-03-26 14:30:00,23.6825241,range,0.6679497269299622
2021-03-26 14:45:00,23.63383756,range,0.6679497269299622
2021-03-26 15:00:00,23.61992712,range,0.6679497269299622
2021-03-29 09:45:00,23.63383756,range,0.44321713147645064
2021-03-29 10:00:00,23.6825241,trend_up,0.7100613190755783
2021-03-29 10:15:00,23.68947932,trend_up,0.7100613190755783
2021-03-29 10:30:00,23.73121064,trend_up,0.63984502046001
2021-03-29 10:45:00,23.63383756,trend_up,0.8304383934931796
2021-03-29 11:00:00,23.60601668,range,0.5016324948275044
2021-03-29 11:15:00,23.49473316,trend_down,0.5183425986193364
2021-03-29 11:30:00,23.48082272,trend_down,0.8403711591520251
2021-03-29 13:15:00,23.49473316,trend_down,0.63984502046001
2021-03-29 13:30:00,23.77294196,trend_down,0.5183425986193364
2021-03-29 13:45:00,23.74512108,trend_up,0.7159611718510721
2021-03-29 14:00:00,23.77294196,trend_up,0.7217937969344603
2021-03-29 14:15:00,23.68947932,range,0.4963827801658542
2021-03-29 14:30:00,23.81467328,trend_up,0.6925943798714477
2021-03-29 14:45:00,23.72425542,trend_up,0.5659424405180494
2021-03-29 15:00:00,23.7520763,trend_up,0.5659424405180494
2021-03-30 09:45:00,23.60601668,trend_up,0.471038701724343
2021-03-30 10:00:00,23.45300184,trend_down,0.5900726709094779
2021-03-30 10:15:00,23.65470322,range,0.6121192117337858
2021-03-30 10:30:00,24.2389417,trend_up,0.7786936671495349
2021-03-30 10:45:00,24.16243428,trend_up,0.927194534935329
2021-03-30 11:00:00,24.19025516,trend_up,0.927194534935329
2021-03-30 11:15:00,24.07897164,trend_up,0.930326389153481
2021-03-30 11:30:00,24.03724032,trend_up,0.827695491358561
2021-03-30 13:15:00,23.87727026,trend_up,0.941721651888603
2021-03-30 13:30:00,23.87031504,trend_up,0.8137101374159302
2021-03-30 13:45:00,23.73121064,trend_down,0.6672066495870825
2021-03-30 14:00:00,23.77989718,trend_down,0.6672066495870825
2021-03-30 14:15:00,23.995509,trend_down,0.7273657092766985
2021-03-30 14:30:00,23.96768812,trend_up,0.7650296528715809
2021-03-30 14:45:00,23.94682246,range,0.47633243362523947
2021-03-30 15:00:00,24.08592686,trend_up,0.5606340225051769
2021-03-31 09:45:00,23.95377768,trend_up,0.8620047122109752
2021-03-31 10:00:00,23.4390914,trend_down,0.5529036999713479
2021-03-31 10:15:00,23.07046474,trend_down,0.7373049382652888
2021-03-31 10:30:00,22.7435694,trend_down,0.8499605516562849
2021-03-31 10:45:00,22.72965896,trend_down,0.5032113581315474
2021-03-31 11:00:00,22.68097242,trend_down,0.9741497011086431
2021-03-31 11:15:00,22.90353946,trend_down,0.9735686106763175
2021-03-31 11:30:00,23.15392738,trend_down,0.9735686106763175
2021-03-31 13:15:00,23.1608826,trend_down,0.9680422957267861
2021-03-31 13:30:00,23.20261392,trend_down,0.8983132835346506
2021-03-31 13:45:00,23.15392738,trend_down,0.9735686106763175
2021-03-31 14:00:00,23.38344964,trend_down,0.8156601237330515
2021-03-31 14:15:00,23.32085266,trend_up,0.6554353925269597
2021-03-31 14:30:00,23.647748,range,0.5367232051589758
2021-03-31 14:45:00,23.59210624,trend_up,0.5894533561033574
2021-03-31 15:00:00,23.61992712,range,0.7995050735526689
2021-04-01 09:45:00,23.1608826,range,0.5662926162526309
2021-04-01 10:00:00,23.35562876,range,0.5662926162526309
2021-04-01 10:15:00,23.27912134,range,0.7497206378675046
2021-04-01 10:30:00,23.32085266,range,0.7497206378675046
2021-04-01 10:45:00,23.35562876,range,0.7677607354609383
2021-04-01 11:00:00,23.49473316,range,0.8766633165993692
2021-04-01 11:15:00,23.32780788,range,0.7521371808182002
2021-04-01 11:30:00,23.39040486,range,0.8766633165993692
2021-04-01 13:15:00,23.35562876,range,0.7521371808182002
2021-04-01 13:30:00,23.1956587,range,0.7521371808182002
2021-04-01 13:45:00,23.32780788,range,0.5035202058056177
2021-04-01 14:00:00,23.3347631,range,0.907698005859044
2021-04-01 14:15:00,23.38344964,range,0.907698005859044
2021-04-01 14:30:00,23.45300184,range,0.8076301088394207
2021-04-01 14:45:00,23.41127052,range,0.8076301088394207
2021-04-01 15:00:00,23.3695392,range,0.8198614274088114
2021-04-02 09:45:00,23.4043153,range,0.7965110756279783
2021-04-02 10:00:00,23.18870348,range,0.7851479446904522
2021-04-02 10:15:00,23.38344964,range,0.8872046872473589
2021-04-02 10:30:00,23.49473316,range,0.8862011044689261
2021-04-02 10:45:00,23.70338976,range,0.7707968844349288
2021-04-02 11:00:00,23.67556888,range,0.8064962037434751
2021-04-02 11:15:00,23.65470322,range,0.6624344890154342
2021-04-02 11:30:00,23.7520763,trend_up,0.7458250809582583
2021-04-02 13:15:00,23.64079278,trend_up,0.7757646083214381
2021-04-02 13:30:00,23.6825241,trend_up,0.6577787222618937
2021-04-02 13:45:00,23.62688234,trend_up,0.6577787222618937
2021-04-02 14:00:00,23.67556888,trend_up,0.6577787222618937
2021-04-02 14:15:00,23.76598674,trend_up,0.8896309311825997
2021-04-02 14:30:00,23.83553894,trend_up,0.9254264981159408
2021-04-02 14:45:00,23.84249416,trend_up,0.5072919955946934
2021-04-02 15:00:00,23.89813592,trend_up,0.8708584308813446
2021-04-06 09:45:00,25.038792,breakout_up,0.4452658905757582
2021-04-06 10:00:00,24.66321012,trend_up,0.7991902473970328
2021-04-06 10:15:00,24.63538924,trend_up,0.938106489634533
2021-04-06 10:30:00,24.49628484,trend_up,0.938106489634533
2021-04-06 10:45:00,24.51019528,trend_up,0.9742323281814625
2021-04-06 11:00:00,24.71189666,trend_up,0.9742323281814625
2021-04-06 11:15:00,24.80926974,trend_up,0.9742323281814625
2021-04-06 11:30:00,24.74667276,trend_up,0.9742323281814625
2021-04-06 13:15:00,24.62843402,trend_up,0.9742323281814625
2021-04-06 13:30:00,24.7605832,trend_up,0.9742323281814625
2021-04-06 13:45:00,24.83709062,trend_up,0.9206961464705191
2021-04-06 14:00:00,24.89273238,trend_up,0.9742323281814625
2021-04-06 14:15:00,24.94141892,trend_up,0.9742323281814625
2021-04-06 14:30:00,24.92750848,trend_up,0.9182273385573261
2021-04-06 14:45:00,24.9344637,trend_up,0.9182273385573261
2021-04-06 15:00:00,24.8649115,trend_up,0.9162450753751263
2021-04-07 09:45:00,24.00941944,trend_down,0.72875264539322
2021-04-07 10:00:00,23.647748,trend_down,0.8405112352464331
2021-04-07 10:15:00,23.44604662,trend_down,0.8405112352464331
2021-04-07 10:30:00,23.52255404,trend_down,0.9526892231117793
2021-04-07 10:45:00,23.51559882,trend_down,0.9000918545670356
2021-04-07 11:00:00,23.6129719,trend_down,0.8980202892131044
2021-04-07 11:15:00,23.6825241,trend_down,0.8689658134381623
2021-04-07 11:30:00,23.74512108,trend_down,0.8980202892131044
2021-04-07 13:15:00,23.70338976,trend_down,0.9558414499823895
2021-04-07 13:30:00,23.74512108,trend_down,0.8693229371688215
2021-04-07 13:45:00,23.69643454,trend_down,0.8693229371688215
2021-04-07 14:00:00,23.69643454,trend_down,0.8693229371688215
2021-04-07 14:15:00,23.67556888,trend_down,0.9156880955987667
2021-04-07 14:30:00,23.647748,trend_down,0.9156880955987667
2021-04-07 14:45:00,23.67556888,trend_down,0.9136500667948829
2021-04-07 15:00:00,23.67556888,trend_down,0.9136500667948829
2021-04-08 09:45:00,23.39736008,trend_down,0.9211643497492447
2021-04-08 10:00:00,23.17479304,trend_down,0.9652070575927774
2021-04-08 10:15:00,23.36258398,trend_down,0.966073424863376
2021-04-08 10:30:00,23.31389744,trend_down,0.8719106237819036
2021-04-08 10:45:00,23.7520763,trend_down,0.932025720133591
2021-04-08 11:00:00,23.55037492,trend_up,0.5645989289760663
2021-04-08 11:15:00,23.58515102,range,0.5542730275260896
2021-04-08 11:30:00,23.46691228,trend_down,0.7018222888918412
2021-04-08 13:15:00,23.61992712,trend_up,0.45134527247218387
2021-04-08 13:30:00,23.93986724,trend_up,0.4952038698673162
2021-04-08 13:45:00,24.71885188,breakout_up,0.6925726509497397
2021-04-08 14:00:00,25.038792,trend_up,0.6914192736693954
2021-04-08 14:15:00,25.44914998,trend_up,0.6969627102459218
2021-04-08 14:30:00,25.1083442,trend_up,0.938106489634533
2021-04-08 14:45:00,25.23353816,trend_up,0.9742323281814625
2021-04-08 15:00:00,25.20571728,trend_up,0.9156880955987667
2021-04-09 09:45:00,25.19876206,trend_up,0.9074700472430703
2021-04-09 10:00:00,25.6995379,trend_up,0.7779103232958292
2021-04-09 10:15:00,25.15007552,trend_up,0.9679556215260039
2021-04-09 10:30:00,25.02488156,trend_up,0.9742323281814625
2021-04-09 10:45:00,24.89273238,trend_up,0.9187684356464907
2021-04-09 11:00:00,24.92750848,trend_up,0.8902144987503774
2021-04-09 11:15:00,25.0040159,trend_up,0.9742323281814625
2021-04-09 11:30:00,24.87882194,trend_up,0.8952284811874971
2021-04-09 13:15:00,24.77449364,trend_up,0.8952284811874971
2021-04-09 13:30:00,24.68407578,range,0.4463221082749991
2021-04-09 13:45:00,24.7258071,trend_down,0.6554353925269597
2021-04-09 14:00:00,24.8649115,range,0.49209851201904514
2021-04-09 14:15:00,24.92055326,trend_up,0.648246343667833
2021-04-09 14:30:00,24.89273238,trend_up,0.648246343667833
2021-04-09 14:45:00,24.89273238,trend_up,0.648246343667833
2021-04-09 15:00:00,24.92750848,trend_up,0.8952284811874971
2021-04-12 09:45:00,25.2474486,trend_up,0.9112393647271799
2021-04-12 10:00:00,25.33091124,trend_up,0.9735686106763175
2021-04-12 10:15:00,24.9692398,trend_up,0.9423709533776204
2021-04-12 10:30:00,25.03183678,trend_up,0.9236042312450827
2021-04-12 10:45:00,24.85100106,trend_down,0.8156601237330515
2021-04-12 11:00:00,24.8996876,range,0.6813037943603433
2021-04-12 11:15:00,24.78840408,range,0.6813037943603433
2021-04-12 11:30:00,24.5519266,range,0.6153282624930654
2021-04-12 13:15:00,24.48932962,trend_down,0.8934735987033873
2021-04-12 13:30:00,24.50324006,trend_down,0.5908897730935444
2021-04-12 13:45:00,24.35022522,trend_down,0.8164731192348211
2021-04-12 14:00:00,24.3084939,trend_down,0.7010959321612099
2021-04-12 14:15:00,24.23198648,trend_down,0.7547601062651265
2021-04-12 14:30:00,24.25285214,trend_down,0.7547601062651265
2021-04-12 14:45:00,23.995509,trend_down,0.8055234417385794
2021-04-12 15:00:00,23.7520763,trend_down,0.7355380468364385
2021-04-13 09:45:00,24.03724032,trend_down,0.938106489634533
2021-04-13 10:00:00,24.48932962,trend_down,0.737823825568231
2021-04-13 10:15:00,24.78144886,reversal,0.6191690191516286
2021-04-13 10:30:00,24.67712056,trend_up,0.9096603708933312
2021-04-13 10:45:00,24.67016534,trend_up,0.8156601237330515
2021-04-13 11:00:00,24.62843402,trend_up,0.9526892231117793
2021-04-13 11:15:00,24.60061314,trend_up,0.8596638413505254
2021-04-13 11:30:00,24.63538924,trend_up,0.6518016609119309
2021-04-13 13:15:00,24.2389417,range,0.5367232051589758
2021-04-13 13:30:00,24.1693895,trend_down,0.5239737120696346
2021-04-13 13:45:00,23.97464334,trend_down,0.7557929216665042
2021-04-13 14:00:00,23.91900158,trend_down,0.7557929216665042
2021-04-13 14:15:00,23.90509114,trend_down,0.9417516507203924
2021-04-13 14:30:00,23.87031504,trend_down,0.8096764468495843
2021-04-13 14:45:00,23.8216285,trend_down,0.8101823525557476
2021-04-13 15:00:00,23.86335982,trend_down,0.9182273385573261
2021-04-14 09:45:00,23.84944938,trend_down,0.6372585403282438
2021-04-14 10:00:00,24.55888182,trend_up,0.5428647267691095
2021-04-14 10:15:00,25.4213291,trend_up,0.6286266675237857
2021-04-14 10:30:00,25.36568734,trend_up,0.7986623257322079
2021-04-14 10:45:00,25.28917992,trend_up,0.9558414499823894
2021-04-14 11:00:00,25.18485162,trend_up,0.9052286302355669
2021-04-14 11:15:00,24.97619502,trend_up,0.9735686106763175
2021-04-14 11:30:00,24.92055326,trend_up,0.8902144987503774
2021-04-14 13:15:00,25.1083442,trend_up,0.9735686106763175
2021-04-14 13:30:00,25.21962772,trend_up,0.9187684356464907
2021-04-14 13:45:00,25.28917992,trend_up,0.9187684356464907
2021-04-14 14:00:00,25.33091124,trend_up,0.9206961464705191
2021-04-14 14:15:00,25.30309036,trend_up,0.9204558658492991
2021-04-14 14:30:00,25.09443376,trend_up,0.8952284811874971
2021-04-14 14:45:00,25.11529942,trend_up,0.9187684356464907
2021-04-14 15:00:00,25.12920986,trend_up,0.9187684356464907
2021-04-15 09:45:00,25.51174696,trend_up,0.9306137682501783
2021-04-15 10:00:00,26.429836,breakout_up,0.4638212914878978
2021-04-15 10:15:00,26.38114946,trend_up,0.8612978915360555
2021-04-15 10:30:00,26.2559555,trend_up,0.9569306208080132
2021-04-15 10:45:00,25.89428406,trend_up,0.9742323281814625
2021-04-15 11:00:00,25.65085136,trend_up,0.9735686106763175
2021-04-15 11:15:00,25.47001564,trend_up,0.9735686106763175
2021-04-15 11:30:00,25.50479174,trend_up,0.855628419547505
2021-04-15 13:15:00,25.5256574,trend_up,0.8888063780690166
2021-04-15 13:30:00,25.85950796,trend_up,0.9569306208080132
2021-04-15 13:45:00,25.84559752,trend_up,0.9569306208080132
2021-04-15 14:00:00,25.96383626,trend_up,0.9003869920514468
2021-04-15 14:15:00,26.06120934,trend_up,0.9569306208080132
2021-04-15 14:30:00,26.1168511,trend_up,0.8050419893449383
2021-04-15 14:45:00,25.85255274,trend_up,0.9176443744606801
2021-04-15 15:00:00,25.95688104,trend_up,0.8014343705471025
2021-04-16 09:45:00,26.4646121,trend_up,0.8860670408144169
2021-04-16 10:00:00,26.40897034,trend_up,0.8883657240708963
2021-04-16 10:15:00,26.06120934,trend_up,0.9237558618896629
2021-04-16 10:30:00,25.6995379,trend_up,0.7123691467602389
2021-04-16 10:45:00,25.734314,range,0.49209851201904514
2021-04-16 11:00:00,25.47001564,trend_down,0.6554353925269597
2021-04-16 11:15:00,25.41437388,range,0.566292616252631
2021-04-16 11:30:00,25.69258268,trend_down,0.5239737120696346
2021-04-16 13:15:00,25.60912004,trend_down,0.8493096640531225
2021-04-16 13:30:00,25.5952096,trend_down,0.648246343667833
2021-04-16 13:45:00,25.68562746,range,0.5851334218962132
2021-04-16 14:00:00,25.6995379,range,0.6629975606461551
2021-04-16 14:15:00,25.74822444,range,0.9072981748131455
2021-04-16 14:30:00,25.6995379,range,0.9072981748131455
2021-04-16 14:45:00,25.53261262,range,0.7995050735526689
2021-04-16 15:00:00,25.55347828,range,0.6299592696573502
2021-04-19 09:45:00,25.734314,range,0.42394346864159044
2021-04-19 10:00:00,26.429836,trend_up,0.7428785075558364
2021-04-19 10:15:00,26.54807474,trend_up,0.7964485679330354
2021-04-19 10:30:00,26.47156732,trend_up,0.8609048307728409
2021-04-19 10:45:00,26.54111952,trend_up,0.9049463233551722
2021-04-19 11:00:00,26.34637336,trend_up,0.9742323281814625
2021-04-19 11:15:00,26.58980606,trend_up,0.9719927446022949
2021-04-19 11:30:00,26.52025386,trend_up,0.890859771868872
2021-04-19 13:15:00,26.4993882,trend_up,0.8927407182097999
2021-04-19 13:30:00,26.3602838,trend_up,0.8927407182097999
2021-04-19 13:45:00,26.4646121,trend_up,0.9206961464705191
2021-04-19 14:00:00,26.37419424,trend_up,0.9206961464705191
2021-04-19 14:15:00,26.36723902,trend_up,0.9206961464705191
2021-04-19 14:30:00,26.33246292,trend_down,0.6980736040839369
2021-04-19 14:45:00,26.40201512,trend_up,0.8952284811874971
2021-04-19 15:00:00,26.4993882,trend_up,0.8857496497524557
2021-04-20 09:45:00,26.26986594,reversal,0.6017897605048871
2021-04-20 10:00:00,26.9514775,trend_up,0.8055234417385794
2021-04-20 10:15:00,26.7080448,trend_up,0.8452061671728198
2021-04-20 10:30:00,26.54111952,trend_up,0.8452061671728198
2021-04-20 10:45:00,26.56198518,range,0.6241366913594073
2021-04-20 11:00:00,26.38810468,trend_down,0.5255368726491012
2021-04-20 11:15:00,26.48547776,range,0.8862011044689261
2021-04-20 11:30:00,26.47852254,range,0.8752594922767772
2021-04-20 13:15:00,26.33941814,range,0.8752594922767772
2021-04-20 13:30:00,26.35332858,range,0.7497206378675046
2021-04-20 13:45:00,26.30464204,range,0.8881710623963003
2021-04-20 14:00:00,26.10294066,range,0.8881710623963003
2021-04-20 14:15:00,26.0472989,range,0.6148610574654111
2021-04-20 14:30:00,26.07511978,range,0.5496690089341569
2021-04-20 14:45:00,26.07511978,range,0.6629975606461551
2021-04-20 15:00:00,26.10294066,range,0.5198817745810702
2021-04-21 09:45:00,25.47001564,breakout_down,0.4002841868906186
2021-04-21 10:00:00,25.5256574,trend_down,0.8976590831882497
2021-04-21 10:15:00,25.51870218,trend_down,0.9460652390401708
2021-04-21 10:30:00,25.5256574,trend_down,0.9460652390401708
2021-04-21 10:45:00,25.67867224,trend_down,0.9460652390401708
2021-04-21 11:00:00,25.79691098,trend_down,0.9526892231117793
2021-04-21 11:15:00,25.79691098,trend_down,0.8938647944710887
2021-04-21 11:30:00,25.71344834,trend_down,0.9179802441287964
2021-04-21 13:15:00,25.55347828,trend_down,0.9742323281814625
2021-04-21 13:30:00,25.6995379,trend_down,0.9742323281814625
2021-04-21 13:45:00,25.70649312,trend_down,0.9179802441287964
2021-04-21 14:00:00,25.65085136,trend_down,0.9179802441287964
2021-04-21 14:15:00,26.2907316,trend_up,0.8135403095324131
2021-04-21 14:30:00,26.1168511,trend_up,0.7022710385379568
2021-04-21 14:45:00,26.19335852,trend_up,0.7990807723304278
2021-04-21 15:00:00,26.24900028,trend_up,0.7029277703122273
2021-04-22 09:45:00,25.92906016,trend_up,0.43876594482446585
2021-04-22 10:00:00,25.89428406,range,0.6356567985997432
2021-04-22 10:15:00,25.8386423,range,0.685759807008504
2021-04-22 10:30:00,26.42288078,trend_up,0.79441816231226
2021-04-22 10:45:00,26.0472989,trend_up,0.8753697464663617
2021-04-22 11:00:00,25.9777467,trend_up,0.5183425986193364
2021-04-22 11:15:00,25.93601538,trend_up,0.5183425986193364
2021-04-22 11:30:00,25.85950796,range,0.6813037943603433
2021-04-22 13:15:00,25.77604532,range,0.6813037943603433
2021-04-22 13:30:00,25.8038662,trend_down,0.5072489704989385
2021-04-22 13:45:00,25.77604532,trend_down,0.500721197466656
2021-04-22 14:00:00,25.76213488,trend_down,0.5055433521750154
2021-04-22 14:15:00,25.74822444,range,0.5080306852321202
2021-04-22 14:30:00,25.734314,range,0.5080306852321202
2021-04-22 14:45:00,25.96383626,range,0.8953960049953154
2021-04-22 15:00:00,25.85255274,range,0.9090151530166732
2021-04-23 09:45:00,25.65780658,range,0.6305286140752951
2021-04-23 10:00:00,25.67867224,range,0.5484930970060148
2021-04-23 10:15:00,25.57434394,range,0.5484930970060148
2021-04-23 10:30:00,25.54652306,trend_down,0.5003864911894207
2021-04-23 10:45:00,25.57434394,trend_down,0.605063425959544
2021-04-23 11:00:00,25.53956784,trend_down,0.5055667411209732
2021-04-23 11:15:00,25.40741866,trend_down,0.6088892495717177
2021-04-23 11:30:00,25.2126725,trend_down,0.6118935495684668
2021-04-23 13:15:00,25.19876206,trend_down,0.5988954486722259
2021-04-23 13:30:00,25.19180684,trend_down,0.8927407182097999
2021-04-23 13:45:00,25.4561052,trend_down,0.9319157352306672
2021-04-23 14:00:00,25.44914998,trend_down,0.7904472738941067
2021-04-23 14:15:00,25.3170008,trend_down,0.9716442844366692
2021-04-23 14:30:00,25.37264256,trend_down,0.913210072468972
2021-04-23 14:45:00,25.2474486,trend_down,0.9741497011086431
2021-04-23 15:00:00,25.19876206,trend_down,0.8883657240708963
2021-04-26 09:45:00,23.5086436,breakout_down,0.4452658905757582
2021-04-26 10:00:00,23.62688234,trend_down,0.7991902473970328
2021-04-26 10:15:00,23.70338976,trend_down,0.7991902473970328
2021-04-26 10:30:00,23.9607329,trend_down,0.7991902473970328
2021-04-26 10:45:00,24.1693895,trend_down,0.9679556215260039
2021-04-26 11:00:00,24.1346134,trend_down,0.9150883377066427
2021-04-26 11:15:00,24.01637466,trend_down,0.9742323281814625
2021-04-26 11:30:00,23.89813592,trend_down,0.8927407182097999
2021-04-26 13:15:00,23.647748,trend_down,0.9742323281814625
2021-04-26 13:30:00,23.35562876,trend_down,0.9742323281814625
2021-04-26 13:45:00,23.2304348,trend_down,0.8895342149017359
2021-04-26 14:00:00,22.99395732,trend_down,0.5272643557394641
2021-04-26 14:15:00,22.96613644,trend_down,0.5135729959019175
2021-04-26 14:30:00,22.91049468,trend_down,0.967029182099857
2021-04-26 14:45:00,22.90353946,trend_down,0.967029182099857
2021-04-26 15:00:00,22.82007682,trend_down,0.7646930085095981
2021-04-27 09:45:00,23.1608826,trend_down,0.4954073037754452
2021-04-27 10:00:00,22.68097242,trend_down,0.9742323281814625
2021-04-27 10:15:00,22.952226,trend_down,0.6504743209313293
2021-04-27 10:30:00,22.86180814,trend_down,0.9162450753751263
2021-04-27 10:45:00,22.88962902,trend_down,0.886942038506704
2021-04-27 11:00:00,22.88962902,trend_down,0.9162450753751263
2021-04-27 11:15:00,23.0217782,trend_down,0.8920597894315797
2021-04-27 11:30:00,22.99395732,trend_down,0.9136500667948829
2021-04-27 13:15:00,22.93831556,trend_down,0.9136500667948829
2021-04-27 13:30:00,23.04264386,trend_down,0.8888063780690166
2021-04-27 13:45:00,22.8478977,trend_down,0.9136500667948829
2021-04-27 14:00:00,22.79921116,trend_down,0.9156880955987667
2021-04-27 14:15:00,22.85485292,trend_down,0.7073558847945542
2021-04-27 14:30:00,22.8826738,trend_down,0.7026083875862044
2021-04-27 14:45:00,22.76443506,trend_down,0.7026083875862044
2021-04-27 15:00:00,22.70183808,trend_down,0.5767630291526711
2021-04-28 09:45:00,22.38189796,trend_down,0.45310742447293234
2021-04-28 10:00:00,22.54186802,trend_down,0.886942038506704
2021-04-28 10:15:00,22.48622626,trend_down,0.9735686106763175
2021-04-28 10:30:00,22.37494274,trend_down,0.9162450753751263
2021-04-28 10:45:00,22.4305845,trend_down,0.9206961464705191
2021-04-28 11:00:00,22.33321142,trend_down,0.8924256327184921
2021-04-28 11:15:00,22.19410702,trend_down,0.8924256327184921
2021-04-28 11:30:00,22.34016664,trend_down,0.9187684356464907
2021-04-28 13:15:00,22.27756966,trend_down,0.9735686106763175
2021-04-28 13:30:00,22.38189796,trend_down,0.9187684356464907
2021-04-28 13:45:00,22.2914801,trend_down,0.9187684356464907
2021-04-28 14:00:00,22.24279356,trend_down,0.9187684356464907
2021-04-28 14:15:00,22.28452488,trend_down,0.9735686106763175
2021-04-28 14:30:00,22.38885318,trend_down,0.8952284811874971
2021-04-28 14:45:00,22.3610323,trend_down,0.8952284811874971
2021-04-28 15:00:00,22.3958084,trend_down,0.8952284811874971
2021-04-29 09:45:00,22.21497268,trend_down,0.5278023342409506
2021-04-29 10:00:00,22.18019658,trend_down,0.8579993070247722
2021-04-29 10:15:00,22.07586828,trend_down,0.861881937676793
2021-04-29 10:30:00,22.02718174,trend_down,0.7131320036987935
2021-04-29 10:45:00,21.79070426,trend_down,0.8571208867360738
2021-04-29 11:00:00,21.57509244,trend_down,0.9285794203562051
2021-04-29 11:15:00,21.72810728,trend_down,0.9742323281814625
2021-04-29 11:30:00,21.78374904,trend_down,0.9254264981159408
2021-04-29 13:15:00,21.79765948,trend_down,0.9230955164120815
2021-04-29 13:30:00,22.02022652,trend_down,0.9581306173140381
2021-04-29 13:45:00,21.99936086,trend_down,0.9653094962875512
2021-04-29 14:00:00,21.99936086,trend_down,0.8983132835346506
2021-04-29 14:15:00,21.98545042,trend_down,0.8983132835346506
2021-04-29 14:30:00,22.04109218,trend_down,0.8983132835346506
2021-04-29 14:45:00,22.0480474,trend_down,0.8983132835346506
2021-04-29 15:00:00,21.9784952,trend_down,0.9212211388208612
2021-04-30 09:45:00,22.03413696,trend_down,0.9581306173140381
2021-04-30 10:00:00,21.95067432,trend_down,0.9212211388208612
2021-04-30 10:15:00,21.82548036,trend_down,0.9053335040930582
2021-04-30 10:30:00,21.7698386,trend_down,0.7131320036987935
2021-04-30 10:45:00,21.98545042,trend_down,0.6412619597296555
2021-04-30 11:00:00,21.77679382,trend_down,0.7029277703122272
2021-04-30 11:15:00,21.78374904,trend_down,0.7467088075887622
2021-04-30 11:30:00,21.71419684,trend_down,0.583025251242874
2021-04-30 13:15:00,21.49858502,trend_down,0.7640260550428029
2021-04-30 13:30:00,21.55422678,trend_down,0.8493055705868265
2021-04-30 13:45:00,21.54727156,trend_down,0.968840342841616
2021-04-30 14:00:00,21.51249546,trend_down,0.9230955164120815
2021-04-30 14:15:00,21.35948062,trend_down,0.897989906797047
2021-04-30 14:30:00,21.56813722,trend_down,0.9742323281814625
2021-04-30 14:45:00,21.60986854,trend_down,0.9365728327825781
2021-04-30 15:00:00,21.78374904,trend_down,0.5529036999713479
2021-05-06 09:45:00,21.41512238,trend_down,0.8204744981771703
2021-05-06 10:00:00,21.213421,trend_down,0.8595469779346802
2021-05-06 10:15:00,21.35948062,trend_down,0.9567949741861582
2021-05-06 10:30:00,21.62377898,trend_down,0.8156601237330515
2021-05-06 10:45:00,21.91589822,trend_up,0.9096603708933312
2021-05-06 11:00:00,21.95067432,trend_up,0.8204744981771703
2021-05-06 11:15:00,22.00631608,trend_up,0.8867905093980063
2021-05-06 11:30:00,21.92980866,trend_up,0.8282807928201137
2021-05-06 13:15:00,22.34016664,trend_up,0.8040127511759795
2021-05-06 13:30:00,22.29843532,trend_up,0.9060683318964575
2021-05-06 13:45:00,22.21497268,trend_up,0.8048611807194302
2021-05-06 14:00:00,22.12455482,trend_up,0.8048611807194302
2021-05-06 14:15:00,21.91589822,trend_up,0.9060683318964575
2021-05-06 14:30:00,22.19410702,trend_up,0.9239053855896278
2021-05-06 14:45:00,22.20801746,trend_up,0.8073184292404629
2021-05-06 15:00:00,22.20801746,trend_up,0.8784154790480619
2021-05-07 09:45:00,22.0480474,trend_up,0.9096603708933312
2021-05-07 10:00:00,21.92285344,trend_up,0.5739474073462888
2021-05-07 10:15:00,21.9784952,trend_up,0.5739474073462888
2021-05-07 10:30:00,22.00631608,trend_down,0.5894533561033574
2021-05-07 10:45:00,21.9784952,trend_down,0.7939991758485883
2021-05-07 11:00:00,22.02022652,range,0.6299592696573502
2021-05-07 11:15:00,21.99936086,range,0.7863367821971079
2021-05-07 11:30:00,21.98545042,range,0.7863367821971079
2021-05-07 13:15:00,21.97153998,range,0.7863367821971079
2021-05-07 13:30:00,21.9437191,range,0.664060939026449
2021-05-07 13:45:00,21.92285344,range,0.664060939026449
2021-05-07 14:00:00,21.91589822,trend_down,0.5355123159579677
2021-05-07 14:15:00,21.8741669,trend_down,0.5355123159579677
2021-05-07 14:30:00,21.89503256,trend_down,0.5352321757677013
2021-05-07 14:45:00,21.88112212,trend_down,0.5352321757677013
2021-05-07 15:00:00,22.0132713,range,0.6900963490162731
2021-05-10 09:45:00,21.7698386,trend_down,0.4930974921233239
2021-05-10 10:00:00,21.4916298,trend_down,0.5400193768429578
2021-05-10 10:15:00,21.4220776,trend_down,0.8632873437269013
2021-05-10 10:30:00,21.3525254,trend_down,0.7844518810676768
2021-05-10 10:45:00,21.35948062,trend_down,0.9000918545670356
2021-05-10 11:00:00,21.41512238,trend_down,0.9741497011086431
2021-05-10 11:15:00,21.67942074,trend_down,0.9653094962875512
2021-05-10 11:30:00,21.74201772,trend_down,0.790893365222354
2021-05-10 13:15:00,21.57509244,trend_down,0.9332347807542475
2021-05-10 13:30:00,21.65159986,trend_down,0.8156601237330515
2021-05-10 13:45:00,21.65159986,trend_up,0.8156601237330515
2021-05-10 14:00:00,21.7002864,range,0.455445798709778
2021-05-10 14:15:00,21.72810728,trend_up,0.6073029387372603
2021-05-10 14:30:00,21.74201772,range,0.6356567985997432
2021-05-10 14:45:00,21.7002864,range,0.6356567985997432
2021-05-10 15:00:00,21.72810728,range,0.8766633165993692
2021-05-11 09:45:00,21.29688364,trend_down,0.8132982949520554
2021-05-11 10:00:00,21.49858502,trend_down,0.8724350267186767
2021-05-11 10:15:00,21.41512238,trend_down,0.9005271499839332
2021-05-11 10:30:00,21.35948062,trend_down,0.7510017898309987
2021-05-11 10:45:00,21.01867484,trend_down,0.5272643557394641
2021-05-11 11:00:00,21.12995836,trend_down,0.967029182099857
2021-05-11 11:15:00,21.0743166,trend_down,0.938106489634533
2021-05-11 11:30:00,20.9699883,trend_down,0.897989906797047
2021-05-11 13:15:00,21.25515232,trend_down,0.9742323281814625
2021-05-11 13:30:00,21.01867484,trend_down,0.9742323281814625
2021-05-11 13:45:00,21.2481971,trend_down,0.9365728327825781
2021-05-11 14:00:00,21.36643584,trend_down,0.6491959135829651
2021-05-11 14:15:00,21.28992842,trend_down,0.790893365222354
2021-05-11 14:30:00,21.23428666,trend_down,0.9332347807542475
2021-05-11 14:45:00,21.213421,trend_down,0.8375576247161503
2021-05-11 15:00:00,21.15777924,trend_down,0.8938647944710887
2021-05-12 09:45:00,21.0047644,trend_down,0.8563848702665308
2021-05-12 10:00:00,20.87957044,trend_down,0.9206961464705191
2021-05-12 10:15:00,20.7265556,trend_down,0.4893126848842149
2021-05-12 10:30:00,20.67091384,trend_down,0.7563989646609167
2021-05-12 10:45:00,20.7961078,trend_down,0.9230955164120815
2021-05-12 11:00:00,20.71960038,trend_down,0.772069769738
2021-05-12 11:15:00,20.7613317,trend_down,0.772069769738
2021-05-12 11:30:00,20.92825698,trend_down,0.9421127839593577
2021-05-12 13:15:00,20.96303308,trend_down,0.7694034557279344
2021-05-12 13:30:00,21.40816716,trend_up,0.8487143361534752
2021-05-12 13:45:00,21.53336112,trend_up,0.8311739831469069
2021-05-12 14:00:00,21.56813722,trend_up,0.8759429074363255
2021-05-12 14:15:00,21.6655103,trend_up,0.87300958070033
2021-05-12 14:30:00,21.7698386,trend_up,0.7452673702834104
2021-05-12 14:45:00,22.00631608,trend_up,0.4794525638545215
2021-05-12 15:00:00,21.91589822,trend_up,0.8989569418665566
2021-05-13 09:45:00,21.61682376,trend_up,0.9526892231117793
2021-05-13 10:00:00,21.46380892,trend_up,0.9526892231117793
2021-05-13 10:15:00,21.47076414,trend_up,0.9526892231117793
2021-05-13 10:30:00,21.4220776,trend_up,0.8705313301600581
2021-05-13 10:45:00,21.58900288,trend_up,0.9460652390401708
2021-05-13 11:00:00,21.4916298,trend_up,0.8123414493055849
2021-05-13 11:15:00,21.561182,trend_up,0.8123414493055849
2021-05-13 11:30:00,21.53336112,trend_up,0.8123414493055849
2021-05-13 13:15:00,21.49858502,trend_down,0.6491959135829651
2021-05-13 13:30:00,21.7002864,trend_up,0.9096603708933312
2021-05-13 13:45:00,22.1523757,trend_up,0.8609048307728409
2021-05-13 14:00:00,22.22888312,trend_up,0.8556631201099072
2021-05-13 14:15:00,22.13846526,trend_up,0.9507160989322379
2021-05-13 14:30:00,22.07586828,trend_up,0.9075479579203247
2021-05-13 14:45:00,22.00631608,trend_up,0.8187951684133765
2021-05-13 15:00:00,21.99936086,trend_up,0.7714909354592001
2021-05-14 09:45:00,21.86721168,trend_up,0.9158152268647679
2021-05-14 10:00:00,21.65159986,trend_down,0.6615824891304735
2021-05-14 10:15:00,21.67246552,trend_down,0.5908897730935444
2021-05-14 10:30:00,21.81156992,trend_down,0.6554353925269597
2021-05-14 10:45:00,21.82548036,range,0.566292616252631
2021-05-14 11:00:00,22.02022652,trend_down,0.6554353925269597
2021-05-14 11:15:00,21.91589822,range,0.49209851201904514
2021-05-14 11:30:00,21.92285344,trend_up,0.7639905614354506
2021-05-14 13:15:00,21.86721168,trend_down,0.7630227648415467
2021-05-14 13:30:00,21.88807734,trend_up,0.6659238703068803
2021-05-14 13:45:00,21.8741669,range,0.513511240368458
2021-05-14 14:00:00,21.88112212,trend_up,0.5693664605098077
2021-05-14 14:15:00,21.82548036,range,0.7497206378675046
2021-05-14 14:30:00,21.93676388,range,0.5662926162526309
2021-05-14 14:45:00,21.85330124,range,0.7497206378675046
2021-05-14 15:00:00,21.86025646,range,0.6125631315948684
2021-05-17 09:45:00,21.7002864,range,0.7071601563822434
2021-05-17 10:00:00,21.47771936,range,0.475535766291733
2021-05-17 10:15:00,21.51945068,range,0.7722451375612671
2021-05-17 10:30:00,21.61682376,range,0.6299592696573502
2021-05-17 10:45:00,21.58204766,trend_down,0.6412619597296555
2021-05-17 11:00:00,21.7698386,trend_down,0.43876594482446585
2021-05-17 11:15:00,21.64464464,trend_down,0.5183425986193364
2021-05-17 11:30:00,21.99936086,trend_down,0.4023418816377386
2021-05-17 13:15:00,22.31930098,trend_up,0.7879348930894974
2021-05-17 13:30:00,22.8131216,trend_up,0.4460002080118824
2021-05-17 13:45:00,23.00786776,trend_up,0.5699592919668259
2021-05-17 14:00:00,23.18174826,trend_up,0.48210764873326295
2021-05-17 14:15:00,22.8826738,trend_up,0.9679556215260039
2021-05-17 14:30:00,22.96613644,trend_up,0.9679556215260039
2021-05-17 14:45:00,22.952226,trend_up,0.927690188616068
2021-05-17 15:00:00,22.93136034,trend_up,0.9019048519618212
2021-05-18 09:45:00,22.8131216,trend_up,0.9346682169686144
2021-05-18 10:00:00,22.71574852,trend_up,0.9705246689210671
2021-05-18 10:15:00,22.71574852,trend_up,0.9019048519618212
2021-05-18 10:30:00,22.66010676,trend_up,0.8995701894473405
2021-05-18 10:45:00,22.79225594,trend_up,0.8965282913525047
2021-05-18 11:00:00,22.82007682,trend_up,0.9742323281814625
2021-05-18 11:15:00,22.87571858,trend_up,0.9236042312450827
2021-05-18 11:30:00,22.82703204,trend_up,0.922861896497621
2021-05-18 13:15:00,22.7435694,trend_up,0.8983132835346506
2021-05-18 13:30:00,22.72965896,trend_up,0.8983132835346506
2021-05-18 13:45:00,22.71574852,trend_up,0.8983132835346506
2021-05-18 14:00:00,22.69488286,trend_up,0.8952284811874971
2021-05-18 14:15:00,22.62533066,range,0.6299592696573502
2021-05-18 14:30:00,22.68097242,range,0.6299592696573502
2021-05-18 14:45:00,22.70183808,range,0.6299592696573502
2021-05-18 15:00:00,22.6740172,range,0.6299592696573502
2021-05-19 09:45:00,22.2219279,trend_down,0.6003107526727894
2021-05-19 10:00:00,22.41667406,trend_down,0.8941029787259807
2021-05-19 10:15:00,22.4653606,trend_down,0.7551989029526169
2021-05-19 10:30:00,22.4653606,range,0.5118302389815961
2021-05-19 10:45:00,22.56273368,trend_down,0.6980746318986955
2021-05-19 11:00:00,22.79921116,trend_up,0.5039668211840818
2021-05-19 11:15:00,22.82703204,trend_up,0.9440863650114307
2021-05-19 11:30:00,22.952226,trend_up,0.9488986485199994
2021-05-19 13:15:00,22.77139028,trend_up,0.939525812953996
2021-05-19 13:30:00,22.82007682,trend_up,0.9136500667948829
2021-05-19 13:45:00,22.82007682,trend_up,0.9136500667948829
2021-05-19 14:00:00,22.9174499,trend_up,0.9156880955987667
2021-05-19 14:15:00,22.83398726,trend_up,0.9136500667948829
2021-05-19 14:30:00,22.76443506,trend_up,0.9176443744606801
2021-05-19 14:45:00,22.75052462,trend_down,0.6838346188890555
2021-05-19 15:00:00,22.70183808,trend_down,0.6428670560630614
2021-05-20 09:45:00,22.61837544,reversal,0.5993022966227373
2021-05-20 10:00:00,22.75052462,trend_up,0.790893365222354
2021-05-20 10:15:00,22.7087933,trend_down,0.5693234864679636
2021-05-20 10:30:00,22.6392411,range,0.5455324485346053
2021-05-20 10:45:00,22.6740172,range,0.836379350546799
2021-05-20 11:00:00,22.82007682,trend_up,0.5111506662096559
2021-05-20 11:15:00,22.80616638,range,0.7863367821971079
2021-05-20 11:30:00,22.7435694,range,0.7863367821971079
2021-05-20 13:15:00,22.85485292,range,0.7722451375612671
2021-05-20 13:30:00,22.78530072,range,0.5011696763574541
2021-05-20 13:45:00,22.68792764,range,0.8881710623963003
2021-05-20 14:00:00,22.75747984,range,0.8072668076257075
2021-05-20 14:15:00,22.7087933,range,0.9075020440909478
2021-05-20 14:30:00,22.64619632,range,0.8881710623963003
2021-05-20 14:45:00,22.64619632,range,0.9075020440909478
2021-05-20 15:00:00,22.64619632,range,0.8072668076257075
2021-05-21 09:45:00,22.52795758,range,0.582556891212783
2021-05-21 10:00:00,22.54186802,range,0.5216441438981175
2021-05-21 10:15:00,22.71574852,range,0.8953960049953154
2021-05-21 10:30:00,22.47927104,range,0.8872046872473589
2021-05-21 10:45:00,22.604465,range,0.8872046872473589
2021-05-21 11:00:00,22.50709192,range,0.8953960049953154
2021-05-21 11:15:00,22.52795758,range,0.810076439693821
2021-05-21 11:30:00,22.5696889,range,0.6629975606461551
2021-05-21 13:15:00,22.4305845,range,0.555632094465416
2021-05-21 13:30:00,22.47231582,range,0.6125631315948684
2021-05-21 13:45:00,22.34016664,trend_down,0.4406070003308308
2021-05-21 14:00:00,22.31234576,trend_down,0.6157145646055293
2021-05-21 14:15:00,22.28452488,trend_down,0.5770000796177124
2021-05-21 14:30:00,22.28452488,trend_down,0.5593734999415976
2021-05-21 14:45:00,22.36798752,trend_down,0.8972892159220764
2021-05-21 15:00:00,22.27061444,trend_down,0.8993951529109669
2021-05-24 09:45:00,22.0828235,trend_down,0.5048403410346389
2021-05-24 10:00:00,22.14542048,trend_down,0.9716442844366692
2021-05-24 10:15:00,22.0132713,trend_down,0.8612978915360555
2021-05-24 10:30:00,21.91589822,trend_down,0.9742323281814625
2021-05-24 10:45:00,21.9437191,trend_down,0.9742323281814625
2021-05-24 11:00:00,22.02718174,trend_down,0.968840342841616
2021-05-24 11:15:00,22.1175996,trend_down,0.967849029882141
2021-05-24 11:30:00,22.14542048,trend_down,0.913210072468972
2021-05-24 13:15:00,22.19410702,trend_down,0.8357690306418118
2021-05-24 13:30:00,22.09673394,trend_down,0.9716442844366692
2021-05-24 13:45:00,22.10368916,trend_down,0.8357690306418118
2021-05-24 14:00:00,22.07586828,trend_down,0.8920597894315797
2021-05-24 14:15:00,22.0132713,trend_down,0.9025533180197977
2021-05-24 14:30:00,22.13151004,trend_down,0.9448570951446239
2021-05-24 14:45:00,22.0480474,trend_down,0.7075252337545701
2021-05-24 15:00:00,22.0132713,trend_down,0.5570089209018335
2021-05-25 09:45:00,22.91049468,breakout_up,0.45468938376457885
2021-05-25 10:00:00,22.9870021,trend_up,0.545701362005284
2021-05-25 10:15:00,23.04959908,trend_up,0.8491236163364417
2021-05-25 10:30:00,22.9174499,trend_up,0.8581487862286943
2021-05-25 10:45:00,22.87571858,trend_up,0.9182273385573261
2021-05-25 11:00:00,22.90353946,trend_up,0.9156880955987667
2021-05-25 11:15:00,22.93136034,trend_up,0.88625147446568
2021-05-25 11:30:00,22.93831556,trend_up,0.88625147446568
2021-05-25 13:15:00,22.92440512,trend_up,0.9156880955987667
2021-05-25 13:30:00,23.32780788,trend_up,0.5269800926302725
2021-05-25 13:45:00,23.16783782,trend_up,0.5381908190367913
2021-05-25 14:00:00,23.1956587,trend_up,0.88625147446568
2021-05-25 14:15:00,23.1956587,trend_up,0.88625147446568
2021-05-25 14:30:00,23.21652436,trend_up,0.88625147446568
2021-05-25 14:45:00,23.18870348,trend_up,0.9156880955987667
2021-05-25 15:00:00,23.17479304,trend_up,0.9156880955987667
2021-05-26 09:45:00,23.15392738,trend_up,0.9305391037088921
2021-05-26 10:00:00,23.18174826,trend_up,0.966073424863376
2021-05-26 10:15:00,23.11915128,trend_up,0.9544574003068366
2021-05-26 10:30:00,22.95918122,trend_down,0.8941029787259807
2021-05-26 10:45:00,23.01482298,trend_down,0.7551989029526169
2021-05-26 11:00:00,23.09828562,trend_up,0.6428670560630614
2021-05-26 11:15:00,23.07741996,trend_down,0.6073029387372603
2021-05-26 11:30:00,23.0913304,range,0.7544736893571622
2021-05-26 13:15:00,23.27912134,trend_up,0.6846371050174314
2021-05-26 13:30:00,23.38344964,trend_up,0.9267618332575366
2021-05-26 13:45:00,23.6129719,trend_up,0.5977457681994571
2021-05-26 14:00:00,23.79380762,trend_up,0.4697977406964017
2021-05-26 14:15:00,23.68947932,trend_up,0.966073424863376
2021-05-26 14:30:00,23.63383756,trend_up,0.9742323281814625
2021-05-26 14:45:00,23.63383756,trend_up,0.9182273385573261
2021-05-26 15:00:00,23.5086436,trend_up,0.967029182099857
2021-05-27 09:45:00,23.647748,trend_up,0.967029182099857
2021-05-27 10:00:00,24.4475983,trend_up,0.47675406878691773
2021-05-27 10:15:00,24.49628484,trend_up,0.5699592919668259
2021-05-27 10:30:00,24.28762824,trend_up,0.9569306208080132
2021-05-27 10:45:00,24.46150874,trend_up,0.9569306208080132
2021-05-27 11:00:00,24.34327,trend_up,0.9742323281814625
2021-05-27 11:15:00,24.4823744,trend_up,0.9679511336517824
2021-05-27 11:30:00,24.48932962,trend_up,0.9206961464705191
2021-05-27 13:15:00,24.5519266,trend_up,0.9742323281814625
2021-05-27 13:30:00,24.5519266,trend_up,0.9206961464705191
2021-05-27 13:45:00,24.5519266,trend_up,0.9206961464705191
2021-05-27 14:00:00,24.55888182,trend_up,0.9206961464705191
2021-05-27 14:15:00,24.5519266,trend_up,0.9206961464705191
2021-05-27 14:30:00,24.57279226,trend_up,0.9187684356464907
2021-05-27 14:45:00,24.68407578,trend_up,0.7832082154617083
2021-05-27 15:00:00,24.67712056,trend_up,0.8591815082189554
2021-05-28 09:45:00,24.55888182,trend_up,0.5210255315739216
2021-05-28 10:00:00,24.4128222,trend_up,0.9653094962875512
2021-05-28 10:15:00,24.44064308,trend_up,0.9653094962875512
2021-05-28 10:30:00,24.3780461,trend_up,0.8920597894315797
2021-05-28 10:45:00,24.56583704,trend_up,0.8500151940332742
2021-05-28 11:00:00,24.691031,trend_up,0.8438431119585724
2021-05-28 11:15:00,24.77449364,trend_up,0.8781908115835458
2021-05-28 11:30:00,24.7605832,trend_up,0.8781908115835458
2021-05-28 13:15:00,24.7605832,trend_up,0.5964619998421714
2021-05-28 13:30:00,24.71885188,trend_up,0.7674418169778481
2021-05-28 13:45:00,24.6214788,trend_up,0.7137135907345468
2021-05-28 14:00:00,24.691031,trend_up,0.5618073999884746
2021-05-28 14:15:00,24.69798622,trend_up,0.7174331767668176
2021-05-28 14:30:00,24.69798622,trend_up,0.5618073999884746
2021-05-28 14:45:00,24.74667276,trend_up,0.5618073999884746
2021-05-28 15:00:00,24.7605832,trend_up,0.8955641684077396
2021-05-31 09:45:00,24.81622496,breakout_up,0.4794879489782808
2021-05-31 10:00:00,25.16398596,trend_up,0.9671356839524399
2021-05-31 10:15:00,24.92750848,trend_up,0.9671356839524399
2021-05-31 10:30:00,25.06661288,trend_up,0.9679556215260039
2021-05-31 10:45:00,25.0735681,trend_up,0.9742323281814625
2021-05-31 11:00:00,25.10138898,trend_up,0.9720901900884227
2021-05-31 11:15:00,25.2126725,trend_up,0.9720901900884227
2021-05-31 11:30:00,25.08052332,trend_up,0.9720901900884227
2021-05-31 13:15:00,24.94837414,trend_up,0.9653094962875512
2021-05-31 13:30:00,24.92055326,trend_up,0.9142241066682266
2021-05-31 13:45:00,24.76753842,trend_down,0.5482223055250544
2021-05-31 14:00:00,24.92055326,trend_up,0.6735886903367564
2021-05-31 14:15:00,24.64234446,trend_up,0.5084507448281362
2021-05-31 14:30:00,24.39195654,trend_down,0.701372467827025
2021-05-31 14:45:00,24.35718044,trend_down,0.6718443053209606
2021-05-31 15:00:00,24.35718044,trend_down,0.8105915465586094
2021-06-01 09:45:00,24.25980736,trend_down,0.9096603708933312
2021-06-01 10:00:00,24.31544912,trend_down,0.9096603708933312
2021-06-01 10:15:00,24.15547906,trend_down,0.8882120017704905
2021-06-01 10:30:00,24.05115076,trend_down,0.5371259966875671
2021-06-01 10:45:00,24.04419554,trend_down,0.5371259966875671
2021-06-01 11:00:00,23.90509114,trend_down,0.5713462467566001
2021-06-01 11:15:00,23.93291202,trend_down,0.7757646083214381
2021-06-01 11:30:00,23.84249416,trend_down,0.900980090619673
2021-06-01 13:15:00,24.2389417,trend_down,0.8993481562721959
2021-06-01 13:30:00,24.00941944,trend_down,0.8976590831882497
2021-06-01 13:45:00,24.1693895,trend_down,0.9096603708933312
2021-06-01 14:00:00,24.15547906,trend_down,0.8123414493055849
2021-06-01 14:15:00,24.18329994,trend_up,0.6554353925269597
2021-06-01 14:30:00,24.2041656,trend_up,0.8402943511389828
2021-06-01 14:45:00,24.2041656,trend_up,0.5354630728391402
2021-06-01 15:00:00,24.12765818,trend_down,0.5354630728391402
2021-06-02 09:45:00,24.07201642,breakout_down,0.46926473017948284
2021-06-02 10:00:00,24.12765818,trend_down,0.795880562509138
2021-06-02 10:15:00,24.14852384,trend_up,0.6314553321033184
2021-06-02 10:30:00,24.03724032,range,0.6195248642111809
2021-06-02 10:45:00,23.98159856,trend_down,0.5725779383988192
2021-06-02 11:00:00,24.04419554,trend_down,0.5725779383988192
2021-06-02 11:15:00,24.02332988,trend_down,0.5659424405180494
2021-06-02 11:30:00,23.95377768,trend_down,0.5964619998421714
2021-06-02 13:15:00,23.9259568,trend_down,0.5925093016481692
2021-06-02 13:30:00,23.87031504,trend_down,0.7128994785324759
2021-06-02 13:45:00,23.57124058,trend_down,0.9285794203562051
2021-06-02 14:00:00,23.53646448,trend_down,0.8809636631528646
2021-06-02 14:15:00,23.59906146,trend_down,0.6372585403282437
2021-06-02 14:30:00,23.74512108,trend_down,0.9741497011086431
2021-06-02 14:45:00,23.8911807,trend_down,0.9716442844366692
2021-06-02 15:00:00,23.93986724,trend_up,0.8123414493055849
2021-06-03 09:45:00,23.8564046,trend_up,0.8156601237330515
2021-06-03 10:00:00,23.7868524,trend_down,0.8976590831882497
2021-06-03 10:15:00,23.93986724,trend_up,0.934401781259849
2021-06-03 10:30:00,23.73816586,trend_up,0.8156601237330515
2021-06-03 10:45:00,23.5781958,trend_down,0.9096603708933312
2021-06-03 11:00:00,23.64079278,trend_up,0.790893365222354
2021-06-03 11:15:00,23.69643454,trend_up,0.6491959135829651
2021-06-03 11:30:00,23.80771806,trend_up,0.6910003035373161
2021-06-03 13:15:00,23.77294196,trend_up,0.6910003035373161
2021-06-03 13:30:00,23.8216285,trend_up,0.6910003035373161
2021-06-03 13:45:00,23.7520763,trend_down,0.5182498481931086
2021-06-03 14:00:00,23.88422548,range,0.8072668076257075
2021-06-03 14:15:00,23.84249416,range,0.8072668076257075
2021-06-03 14:30:00,23.91204636,range,0.8072668076257075
2021-06-03 14:45:00,23.995509,range,0.7705357985483827
2021-06-03 15:00:00,23.9259568,range,0.5582723723353322
2021-06-04 09:45:00,23.77294196,range,0.7839144015868764
2021-06-04 10:00:00,24.1693895,range,0.6295138045014792
2021-06-04 10:15:00,24.46150874,trend_up,0.4284422482649069
2021-06-04 10:30:00,24.71885188,breakout_up,0.4156023629397865
2021-06-04 10:45:00,24.89273238,trend_up,0.4804823684292747
2021-06-04 11:00:00,24.8301354,trend_up,0.5293985367695945
2021-06-04 11:15:00,24.9344637,trend_up,0.9204558658492991
2021-06-04 11:30:00,24.91359804,trend_up,0.5237648574248052
2021-06-04 13:15:00,24.9692398,trend_up,0.7893644296862882
2021-06-04 13:30:00,24.91359804,trend_up,0.5245845125643309
2021-06-04 13:45:00,24.90664282,trend_up,0.7693713625113313
2021-06-04 14:00:00,24.90664282,trend_up,0.8958711337427966
2021-06-04 14:15:00,24.8996876,trend_up,0.8958711337427966
2021-06-04 14:30:00,24.91359804,trend_up,0.8958711337427966
2021-06-04 14:45:00,24.9344637,trend_up,0.9230955164120815
2021-06-04 15:00:00,25.02488156,trend_up,0.9230955164120815
2021-06-07 09:45:00,24.87882194,trend_up,0.6288732761096041
2021-06-07 10:00:00,24.64234446,trend_down,0.8993481562721959
2021-06-07 10:15:00,24.59365792,trend_down,0.5894533561033574
2021-06-07 10:30:00,24.50324006,trend_down,0.7939991758485883
2021-06-07 10:45:00,24.3780461,trend_down,0.790893365222354
2021-06-07 11:00:00,24.28067302,trend_down,0.9423709533776204
2021-06-07 11:15:00,23.84249416,trend_down,0.591818845315269
2021-06-07 11:30:00,23.87031504,trend_down,0.9498237469722951
2021-06-07 13:15:00,23.93291202,trend_down,0.9487246146283509
2021-06-07 13:30:00,23.95377768,trend_down,0.9487246146283509
2021-06-07 13:45:00,23.9259568,trend_down,0.8722053219439818
2021-06-07 14:00:00,23.93291202,trend_down,0.8980202892131044
2021-06-07 14:15:00,23.93986724,trend_down,0.9156880955987667
2021-06-07 14:30:00,23.9259568,trend_down,0.9156880955987667
2021-06-07 14:45:00,23.93986724,trend_down,0.9156880955987667
2021-06-07 15:00:00,23.95377768,trend_down,0.9156880955987667
2021-06-08 09:45:00,23.84249416,trend_down,0.9738222142033667
2021-06-08 10:00:00,23.68947932,trend_down,0.9742323281814625
2021-06-08 10:15:00,23.70338976,trend_down,0.9156880955987667
2021-06-08 10:30:00,23.67556888,trend_down,0.8859120759409637
2021-06-08 10:45:00,23.67556888,trend_down,0.88625147446568
2021-06-08 11:00:00,23.66861366,trend_down,0.88625147446568
2021-06-08 11:15:00,23.67556888,trend_down,0.88625147446568
2021-06-08 11:30:00,23.65470322,trend_down,0.9156880955987667
2021-06-08 13:15:00,23.63383756,trend_down,0.9156880955987667
2021-06-08 13:30:00,23.64079278,trend_down,0.850362471531487
2021-06-08 13:45:00,23.61992712,trend_down,0.88625147446568
2021-06-08 14:00:00,23.62688234,trend_down,0.9217199428302185
2021-06-08 14:15:00,23.647748,trend_down,0.8835923464260621
2021-06-08 14:30:00,23.79380762,trend_down,0.9544574003068366
2021-06-08 14:45:00,24.22503126,trend_up,0.5619772174978305
2021-06-08 15:00:00,24.25980736,trend_up,0.9423709533776204
2021-06-09 09:45:00,24.05810598,trend_up,0.9096603708933312
2021-06-09 10:00:00,24.05115076,trend_up,0.9096603708933312
2021-06-09 10:15:00,24.26676258,trend_up,0.9321427773149108
2021-06-09 10:30:00,24.36413566,trend_up,0.9498237469722951
2021-06-09 10:45:00,24.3780461,trend_up,0.8747281281567539
2021-06-09 11:00:00,24.50324006,trend_up,0.9563981051889822
2021-06-09 11:15:00,24.57974748,trend_up,0.9569087689327896
2021-06-09 11:30:00,24.88577716,trend_up,0.6341686678836979
2021-06-09 13:15:00,24.8996876,trend_up,0.9244569324478901
2021-06-09 13:30:00,24.88577716,trend_up,0.9679511336517824
2021-06-09 13:45:00,24.88577716,trend_up,0.9742323281814625
2021-06-09 14:00:00,24.8996876,trend_up,0.9742323281814625
2021-06-09 14:15:00,24.8996876,trend_up,0.8927407182097999
2021-06-09 14:30:00,24.89273238,trend_up,0.8927407182097999
2021-06-09 14:45:00,24.8996876,trend_up,0.9679511336517824
2021-06-09 15:00:00,24.8996876,trend_up,0.8927407182097999
2021-06-10 09:45:00,24.74667276,trend_up,0.9234743454801646
2021-06-10 10:00:00,24.5867027,trend_down,0.8976590831882497
2021-06-10 10:15:00,24.25980736,trend_down,0.8204744981771703
2021-06-10 10:30:00,24.0998373,trend_down,0.8491236163364417
2021-06-10 10:45:00,24.22503126,trend_down,0.9526892231117793
2021-06-10 11:00:00,24.19025516,trend_down,0.8747281281567539
2021-06-10 11:15:00,24.31544912,trend_down,0.9487246146283509
2021-06-10 11:30:00,24.44064308,trend_down,0.8959112403874824
2021-06-10 13:15:00,24.49628484,trend_down,0.6073029387372603
2021-06-10 13:30:00,24.73276232,trend_up,0.9423709533776204
2021-06-10 13:45:00,24.74667276,trend_up,0.9526892231117793
2021-06-10 14:00:00,24.77449364,trend_up,0.9423709533776204
2021-06-10 14:15:00,24.75362798,trend_up,0.9025533180197977
2021-06-10 14:30:00,24.74667276,trend_up,0.9136500667948829
2021-06-10 14:45:00,24.73276232,trend_up,0.9136500667948829
2021-06-10 15:00:00,24.74667276,trend_up,0.9136500667948829
2021-06-11 09:45:00,24.46846396,trend_down,0.45134527247218387
2021-06-11 10:00:00,24.43368786,range,0.5076080356158018
2021-06-11 10:15:00,24.38500132,trend_down,0.6428670560630614
2021-06-11 10:30:00,24.50324006,trend_down,0.45134527247218387
2021-06-11 10:45:00,24.8301354,trend_up,0.5736738136438655
2021-06-11 11:00:00,25.05965766,trend_up,0.7552616481042308
2021-06-11 11:15:00,24.88577716,trend_up,0.8319053203177611
2021-06-11 11:30:00,24.85100106,trend_up,0.8375576247161503
2021-06-11 13:15:00,24.89273238,trend_up,0.9735686106763175
2021-06-11 13:30:00,24.87882194,trend_up,0.9661863672976857
2021-06-11 13:45:00,24.8996876,trend_up,0.9182273385573261
2021-06-11 14:00:00,24.8649115,trend_up,0.9182273385573261
2021-06-11 14:15:00,24.81622496,trend_up,0.9162450753751263
2021-06-11 14:30:00,24.88577716,trend_up,0.9182273385573261
2021-06-11 14:45:00,24.8301354,trend_up,0.8920597894315797
2021-06-11 15:00:00,24.87186672,trend_up,0.757483659280673
2021-06-15 09:45:00,24.5867027,reversal,0.4869824204616581
2021-06-15 10:00:00,24.48932962,trend_down,0.808111438353901
2021-06-15 10:15:00,24.36413566,trend_down,0.697616390348935
2021-06-15 10:30:00,24.45455352,trend_down,0.9096603708933312
2021-06-15 10:45:00,24.40586698,trend_down,0.8672707799644854
2021-06-15 11:00:00,24.36413566,trend_down,0.8672707799644854
2021-06-15 11:15:00,24.32240434,trend_down,0.8414240059105436
2021-06-15 11:30:00,24.32240434,trend_down,0.8754655967026245
2021-06-15 13:15:00,24.32935956,trend_down,0.8754655967026245
2021-06-15 13:30:00,24.32935956,trend_down,0.8754655967026245
2021-06-15 13:45:00,24.34327,trend_down,0.9162450753751263
2021-06-15 14:00:00,24.29458346,trend_down,0.9162450753751263
2021-06-15 14:15:00,24.14156862,trend_down,0.9310376619313472
2021-06-15 14:30:00,24.04419554,trend_down,0.6341686678836979
2021-06-15 14:45:00,23.97464334,trend_down,0.48351442822878427
2021-06-15 15:00:00,23.90509114,trend_down,0.938106489634533
2021-06-16 09:45:00,23.43213618,breakout_down,0.48512049459319745
2021-06-16 10:00:00,23.18174826,trend_down,0.5293985367695945
2021-06-16 10:15:00,23.28607656,trend_down,0.9742323281814625
2021-06-16 10:30:00,23.20956914,trend_down,0.5407135016471885
2021-06-16 10:45:00,23.14697216,trend_down,0.9230955164120815
2021-06-16 11:00:00,23.00786776,trend_down,0.5407135016471885
2021-06-16 11:15:00,23.04264386,trend_down,0.8927407182097999
2021-06-16 11:30:00,22.99395732,trend_down,0.9679511336517824
2021-06-16 13:15:00,22.952226,trend_down,0.8219355018305541
2021-06-16 13:30:00,22.9870021,trend_down,0.9679511336517824
2021-06-16 13:45:00,23.20261392,trend_down,0.9679511336517824
2021-06-16 14:00:00,23.29303178,trend_down,0.9569493631443057
2021-06-16 14:15:00,23.6129719,trend_down,0.7939991758485883
2021-06-16 14:30:00,23.3695392,trend_down,0.8156601237330515
2021-06-16 14:45:00,23.0913304,trend_down,0.9423709533776204
2021-06-16 15:00:00,23.00091254,trend_down,0.9567949741861582
2021-06-17 09:45:00,23.1261065,trend_down,0.9526892231117793
2021-06-17 10:00:00,23.15392738,trend_down,0.9049463233551722
2021-06-17 10:15:00,23.2304348,trend_down,0.8920597894315797
2021-06-17 10:30:00,23.1956587,trend_down,0.7026083875862044
2021-06-17 10:45:00,23.20261392,trend_down,0.6409101477555205
2021-06-17 11:00:00,23.24434524,trend_down,0.5114733383376779
2021-06-17 11:15:00,23.2652109,trend_down,0.5114733383376779
2021-06-17 11:30:00,23.36258398,range,0.7638272540456548
2021-06-17 13:15:00,23.4738675,range,0.7638272540456548
2021-06-17 13:30:00,23.3695392,range,0.8780163445070504
2021-06-17 13:45:00,23.41127052,range,0.8780163445070504
2021-06-17 14:00:00,23.4390914,range,0.6170851789055269
2021-06-17 14:15:00,23.45995706,range,0.6487499418822851
2021-06-17 14:30:00,23.3347631,range,0.8966901890453052
2021-06-17 14:45:00,23.41127052,range,0.9018499567326957
2021-06-17 15:00:00,23.58515102,range,0.6988894492332515
2021-06-18 09:45:00,23.5781958,range,0.6988894492332515
2021-06-18 10:00:00,23.66165844,trend_up,0.5824918233590364
2021-06-18 10:15:00,23.7520763,trend_up,0.837145802717449
2021-06-18 10:30:00,23.7173002,trend_up,0.8310331160655298
2021-06-18 10:45:00,23.6825241,trend_up,0.8452061671728198
2021-06-18 11:00:00,23.68947932,range,0.4963827801658542
2021-06-18 11:15:00,23.74512108,trend_up,0.7707603053954855
2021-06-18 11:30:00,23.7868524,trend_up,0.7757646083214381
2021-06-18 13:15:00,23.9259568,trend_up,0.5725603432066629
2021-06-18 13:30:00,24.07201642,breakout_up,0.5673157256181778
2021-06-18 13:45:00,24.0302851,trend_up,0.900980090619673
2021-06-18 14:00:00,23.97464334,trend_up,0.7757646083214381
2021-06-18 14:15:00,24.01637466,trend_up,0.8896309311825997
2021-06-18 14:30:00,24.04419554,trend_up,0.9251993854483096
2021-06-18 14:45:00,24.18329994,trend_up,0.5283018173322191
2021-06-18 15:00:00,24.22503126,trend_up,0.4843540248625746
2021-06-21 09:45:00,24.1346134,trend_up,0.9379154030189935
2021-06-21 10:00:00,24.07897164,trend_up,0.9741497011086431
2021-06-21 10:15:00,24.39195654,trend_up,0.9308263606472233
2021-06-21 10:30:00,24.5519266,trend_up,0.6372585403282437
2021-06-21 10:45:00,24.90664282,trend_up,0.4636947344470649
2021-06-21 11:00:00,24.87882194,trend_up,0.8247182187259079
2021-06-21 11:15:00,24.8649115,trend_up,0.8948754596526936
2021-06-21 11:30:00,25.01097112,trend_up,0.8003153026697971
2021-06-21 13:15:00,25.05965766,trend_up,0.5245845125643309
2021-06-21 13:30:00,25.1083442,trend_up,0.5139278581062884
2021-06-21 13:45:00,25.18485162,trend_up,0.5407135016471885
2021-06-21 14:00:00,25.03183678,trend_up,0.9742323281814625
2021-06-21 14:15:00,25.10138898,trend_up,0.8927407182097999
2021-06-21 14:30:00,25.05270244,trend_up,0.8927407182097999
2021-06-21 14:45:00,24.9692398,trend_up,0.9742323281814625
2021-06-21 15:00:00,24.9692398,trend_up,0.9187684356464907
2021-06-22 09:45:00,25.33786646,trend_up,0.6312008606191041
2021-06-22 10:00:00,25.32395602,trend_up,0.49293555487789936
2021-06-22 10:15:00,25.49783652,trend_up,0.5384873087544113
2021-06-22 10:30:00,25.4213291,trend_up,0.5407135016471885
2021-06-22 10:45:00,25.48392608,trend_up,0.88625147446568
2021-06-22 11:00:00,25.5952096,trend_up,0.88625147446568
2021-06-22 11:15:00,25.734314,trend_up,0.923583436893831
2021-06-22 11:30:00,25.99165714,trend_up,0.49175954600186506
2021-06-22 13:15:00,26.3602838,breakout_up,0.48512049459319745
2021-06-22 13:30:00,26.70108958,trend_up,0.5293985367695945
2021-06-22 13:45:00,26.71500002,trend_up,0.5407135016471885
2021-06-22 14:00:00,26.65240304,trend_up,0.9742323281814625
2021-06-22 14:15:00,26.6037165,trend_up,0.9742323281814625
2021-06-22 14:30:00,26.93061184,trend_up,0.8264601616968841
2021-06-22 14:45:00,27.0210297,trend_up,0.4850766622556711
2021-06-22 15:00:00,26.92365662,trend_up,0.9742323281814625
2021-06-23 09:45:00,26.62458216,trend_up,0.9679556215260039
2021-06-23 10:00:00,26.5689404,trend_up,0.9735686106763175
2021-06-23 10:15:00,26.94452228,trend_up,0.9661863672976857
2021-06-23 10:30:00,27.27141762,trend_up,0.9244569324478901
2021-06-23 10:45:00,27.28532806,trend_up,0.9252994599362988
2021-06-23 11:00:00,27.1601341,trend_up,0.9679511336517824
2021-06-23 11:15:00,27.4035668,trend_up,0.9679511336517824
2021-06-23 11:30:00,27.1949102,trend_up,0.9671310851438669
2021-06-23 13:15:00,27.0210297,trend_up,0.9653094962875512
2021-06-23 13:30:00,27.125358,trend_up,0.9187684356464907
2021-06-23 13:45:00,26.9862536,trend_up,0.8952284811874971
2021-06-23 14:00:00,27.25750718,trend_up,0.9735686106763175
2021-06-23 14:15:00,27.38965636,trend_up,0.9742323281814625
2021-06-23 14:30:00,27.48007422,trend_up,0.9742323281814625
2021-06-23 14:45:00,27.52876076,trend_up,0.9742323281814625
2021-06-23 15:00:00,27.42443246,trend_up,0.9016137202431637
2021-06-24 09:45:00,27.37574592,trend_up,0.6117980711799689
2021-06-24 10:00:00,27.41747724,trend_up,0.9281660121740467
2021-06-24 10:15:00,27.42443246,trend_up,0.7773152170942038
2021-06-24 10:30:00,27.45225334,trend_up,0.7773152170942038
2021-06-24 10:45:00,27.7165517,trend_up,0.9121500511754664
2021-06-24 11:00:00,27.75828302,trend_up,0.9303470205870887
2021-06-24 11:15:00,27.6817756,trend_up,0.697703506496689
2021-06-24 11:30:00,27.6122234,trend_up,0.6928674113429307
2021-06-24 13:15:00,27.44529812,trend_up,0.8386262993150325
2021-06-24 13:30:00,27.43138768,trend_up,0.6249441118347101
2021-06-24 13:45:00,27.3340146,range,0.5996123652525419
2021-06-24 14:00:00,27.36183548,range,0.5996123652525419
2021-06-24 14:15:00,27.2992385,range,0.5996123652525419
2021-06-24 14:30:00,27.34096982,range,0.5996123652525419
2021-06-24 14:45:00,27.25055196,trend_down,0.7915484161749239
2021-06-24 15:00:00,27.13926844,trend_down,0.6604349221970804
2021-06-25 09:45:00,26.93061184,trend_down,0.7126561650733206
2021-06-25 10:00:00,26.6037165,trend_down,0.9496190104618145
2021-06-25 10:15:00,26.31159726,trend_down,0.8405112352464333
2021-06-25 10:30:00,26.24204506,trend_down,0.9131755176070061
2021-06-25 10:45:00,26.30464204,trend_down,0.9558414499823895
2021-06-25 11:00:00,26.17944808,trend_down,0.7986186947821061
2021-06-25 11:15:00,26.23508984,trend_down,0.9526892231117793
2021-06-25 11:30:00,26.20031374,trend_down,0.9487784068619115
2021-06-25 13:15:00,26.26291072,trend_down,0.8737144869452158
2021-06-25 13:30:00,26.19335852,trend_down,0.8705313301600581
2021-06-25 13:45:00,26.13771676,trend_down,0.8964466843873214
2021-06-25 14:00:00,26.13076154,trend_down,0.8964466843873214
2021-06-25 14:15:00,26.1864033,trend_down,0.8964466843873214
2021-06-25 14:30:00,26.17944808,trend_down,0.8964466843873214
2021-06-25 14:45:00,26.13771676,trend_down,0.8964466843873214
2021-06-25 15:00:00,26.13771676,trend_down,0.8964466843873214
2021-06-28 09:45:00,26.1516272,trend_down,0.5267191651833903
2021-06-28 10:00:00,25.8734184,trend_down,0.967849029882141
2021-06-28 10:15:00,25.84559752,trend_down,0.8892108789204528
2021-06-28 10:30:00,25.84559752,trend_down,0.8892108789204528
2021-06-28 10:45:00,25.78995576,trend_down,0.6659364707332064
2021-06-28 11:00:00,25.78300054,trend_down,0.7177877360565809
2021-06-28 11:15:00,25.7690901,trend_down,0.7220376403109018
2021-06-28 11:30:00,25.75517966,trend_down,0.7226967175805254
2021-06-28 13:15:00,25.76213488,trend_down,0.7220376403109018
2021-06-28 13:30:00,25.81082142,trend_down,0.7025582472978368
2021-06-28 13:45:00,25.6647618,trend_down,0.9321427773149108
2021-06-28 14:00:00,25.64389614,trend_down,0.9187684356464907
2021-06-28 14:15:00,25.58129916,trend_down,0.8560264209364717
2021-06-28 14:30:00,25.63694092,trend_down,0.8863309620124101
2021-06-28 14:45:00,25.58129916,trend_down,0.8863309620124101
2021-06-28 15:00:00,25.6647618,trend_down,0.8533438781488546
2021-06-29 09:45:00,25.44219476,trend_down,0.612235819776447
2021-06-29 10:00:00,26.07511978,trend_up,0.44634502277909194
2021-06-29 10:15:00,25.7690901,trend_up,0.8525171527028197
2021-06-29 10:30:00,25.65085136,trend_down,0.7806749976032626
2021-06-29 10:45:00,25.47001564,trend_down,0.8872809668603805
2021-06-29 11:00:00,25.41437388,trend_down,0.8872809668603805
2021-06-29 11:15:00,25.2822247,trend_down,0.7416165915750038
2021-06-29 11:30:00,25.17094118,trend_down,0.8243646580288405
2021-06-29 13:15:00,25.24049338,trend_down,0.6230511191486751
2021-06-29 13:30:00,25.26831426,trend_down,0.9298877270666909
2021-06-29 13:45:00,25.29613514,trend_down,0.9467259730715338
2021-06-29 14:00:00,25.1778964,trend_down,0.9468914776435289
2021-06-29 14:15:00,25.15703074,trend_down,0.8281636651260168
2021-06-29 14:30:00,25.10138898,trend_down,0.6413002573518598
2021-06-29 14:45:00,25.05965766,trend_down,0.8281636651260168
2021-06-29 15:00:00,25.23353816,trend_down,0.933055443055217
2021-06-30 09:45:00,25.32395602,trend_up,0.7163136562021385
2021-06-30 10:00:00,25.27526948,trend_up,0.8643692320187244
2021-06-30 10:15:00,25.12225464,trend_down,0.9592704627017886
2021-06-30 10:30:00,25.15703074,trend_down,0.8674730476995611
2021-06-30 10:45:00,25.1431203,trend_down,0.8452061671728198
2021-06-30 11:00:00,25.15007552,range,0.5399098038701242
2021-06-30 11:15:00,25.22658294,range,0.7375920861666266
2021-06-30 11:30:00,25.22658294,range,0.7992461104283038
2021-06-30 13:15:00,25.40741866,range,0.685759807008504
2021-06-30 13:30:00,25.33786646,range,0.8072668076257075
2021-06-30 13:45:00,25.3517769,range,0.6635394563209284
2021-06-30 14:00:00,25.33091124,range,0.8072668076257075
2021-06-30 14:15:00,25.46306042,range,0.49996170184669964
2021-06-30 14:30:00,25.43523954,range,0.5537895366448894
2021-06-30 14:45:00,25.34482168,range,0.5216441438981175
2021-06-30 15:00:00,25.3517769,range,0.5235404403835084
2021-07-01 09:45:00,24.70494144,range,0.3545015253626042
2021-07-01 10:00:00,24.64929968,trend_down,0.8137932071244097
2021-07-01 10:15:00,24.59365792,trend_down,0.631450881599455
2021-07-01 10:30:00,24.62843402,trend_down,0.9253481059270222
2021-07-01 10:45:00,24.55888182,trend_down,0.9206961464705191
2021-07-01 11:00:00,24.5519266,trend_down,0.7693713625113313
2021-07-01 11:15:00,24.34327,trend_down,0.5278023342409506
2021-07-01 11:30:00,24.4823744,trend_down,0.968840342841616
2021-07-01 13:15:00,24.8649115,trend_down,0.9112393647271799
2021-07-01 13:30:00,24.8301354,trend_down,0.9581306173140381
2021-07-01 13:45:00,24.691031,trend_down,0.9581306173140381
2021-07-01 14:00:00,24.78840408,trend_down,0.8156601237330515
2021-07-01 14:15:00,24.8996876,trend_up,0.6073029387372603
2021-07-01 14:30:00,24.69798622,trend_down,0.8156601237330515
2021-07-01 14:45:00,24.47541918,trend_down,0.9423709533776204
2021-07-01 15:00:00,24.46150874,trend_down,0.9096603708933312
2021-07-02 09:45:00,24.4128222,breakout_down,0.44376591156495215
2021-07-02 10:00:00,24.3084939,trend_down,0.8540433404472647
2021-07-02 10:15:00,24.46846396,trend_down,0.9671310851438669
2021-07-02 10:30:00,24.53801616,trend_down,0.8596638413505254
2021-07-02 10:45:00,24.57974748,range,0.5939970107050291
2021-07-02 11:00:00,24.46846396,range,0.5073260790094631
2021-07-02 11:15:00,24.34327,trend_down,0.8920597894315797
2021-07-02 11:30:00,24.35022522,trend_down,0.743964654572322
2021-07-02 13:15:00,24.28067302,trend_down,0.797651098358285
2021-07-02 13:30:00,24.11374774,trend_down,0.6337574937668937
2021-07-02 13:45:00,24.0302851,trend_down,0.6500417381001691
2021-07-02 14:00:00,23.98159856,trend_down,0.6128980751887717
2021-07-02 14:15:00,24.08592686,trend_down,0.966073424863376
2021-07-02 14:30:00,24.02332988,trend_down,0.88625147446568
2021-07-02 14:45:00,24.02332988,trend_down,0.88625147446568
2021-07-02 15:00:00,24.0650612,trend_down,0.9156880955987667
2021-07-05 09:45:00,24.21807604,breakout_down,0.5639209690234237
2021-07-05 10:00:00,24.36413566,trend_down,0.790893365222354
2021-07-05 10:15:00,24.2737178,trend_down,0.790893365222354
2021-07-05 10:30:00,24.46846396,trend_down,0.790893365222354
2021-07-05 10:45:00,24.3780461,trend_down,0.790893365222354
2021-07-05 11:00:00,24.39891176,range,0.5731823569743637
2021-07-05 11:15:00,24.29458346,trend_down,0.8992337021191241
2021-07-05 11:30:00,24.2737178,trend_down,0.797651098358285
2021-07-05 13:15:00,24.15547906,trend_down,0.6901246879786478
2021-07-05 13:30:00,24.23198648,trend_down,0.6901246879786478
2021-07-05 13:45:00,24.19721038,trend_down,0.7467088075887622
2021-07-05 14:00:00,24.35022522,range,0.5731823569743637
2021-07-05 14:15:00,24.35022522,range,0.7521371808182002
2021-07-05 14:30:00,24.4128222,range,0.7521371808182002
2021-07-05 14:45:00,24.42673264,range,0.7521371808182002
2021-07-05 15:00:00,24.47541918,range,0.5011696763574541
2021-07-06 09:45:00,24.16243428,range,0.5337937449726453
2021-07-06 10:00:00,24.19721038,trend_down,0.6224064363490178
2021-07-06 10:15:00,24.31544912,range,0.5731823569743637
2021-07-06 10:30:00,24.3780461,range,0.4701744239248355
2021-07-06 10:45:00,24.12070296,trend_down,0.6901246879786478
2021-07-06 11:00:00,23.93986724,trend_down,0.6911184978445482
2021-07-06 11:15:00,23.81467328,trend_down,0.9234418740496119
2021-07-06 11:30:00,23.81467328,trend_down,0.797651098358285
2021-07-06 13:15:00,23.84944938,trend_down,0.8101823525557476
2021-07-06 13:30:00,23.93986724,trend_down,0.9399253461109718
2021-07-06 13:45:00,23.77989718,trend_down,0.9182273385573261
2021-07-06 14:00:00,23.7173002,trend_down,0.9675462898052438
2021-07-06 14:15:00,23.6825241,trend_down,0.8923963322178328
2021-07-06 14:30:00,23.80076284,trend_down,0.9578115151458179
2021-07-06 14:45:00,23.97464334,trend_down,0.9735686106763175
2021-07-06 15:00:00,23.98159856,trend_down,0.8827596709537892
2021-07-07 09:45:00,24.10679252,reversal,0.5752766530325432
2021-07-07 10:00:00,24.57974748,reversal,0.5752766530325432
2021-07-07 10:15:00,24.84404584,reversal,0.36759423115419176
2021-07-07 10:30:00,24.78840408,trend_up,0.9096603708933312
2021-07-07 10:45:00,24.91359804,trend_up,0.9567949741861582
2021-07-07 11:00:00,25.05270244,trend_up,0.7431059212739862
2021-07-07 11:15:00,25.17094118,trend_up,0.5345238370200474
2021-07-07 11:30:00,25.1083442,trend_up,0.9742323281814625
2021-07-07 13:15:00,25.02488156,trend_up,0.9742323281814625
2021-07-07 13:30:00,25.038792,trend_up,0.8895342149017359
2021-07-07 13:45:00,25.0735681,trend_up,0.8895342149017359
2021-07-07 14:00:00,25.1431203,trend_up,0.9182273385573261
2021-07-07 14:15:00,25.30309036,trend_up,0.5293985367695945
2021-07-07 14:30:00,25.31004558,trend_up,0.9182273385573261
2021-07-07 14:45:00,25.43523954,trend_up,0.9742323281814625
2021-07-07 15:00:00,25.386553,trend_up,0.8562554580153356
2021-07-08 09:45:00,25.24049338,trend_up,0.5293985367695945
2021-07-08 10:00:00,25.1083442,trend_up,0.9652070575927774
2021-07-08 10:15:00,25.16398596,trend_up,0.8515062925947642
2021-07-08 10:30:00,25.05270244,trend_up,0.8515062925947642
2021-07-08 10:45:00,24.87186672,trend_down,0.5399094434744496
2021-07-08 11:00:00,24.9344637,trend_up,0.7876930355509575
2021-07-08 11:15:00,25.1431203,trend_up,0.932025720133591
2021-07-08 11:30:00,24.96228458,trend_up,0.5754827443311201
2021-07-08 13:15:00,24.92750848,range,0.6412288529727601
2021-07-08 13:30:00,24.99010546,trend_up,0.7018222888918412
2021-07-08 13:45:00,25.038792,trend_up,0.7389997268581178
2021-07-08 14:00:00,25.12225464,trend_up,0.8968908735351956
2021-07-08 14:15:00,25.06661288,trend_up,0.7389997268581178
2021-07-08 14:30:00,25.05965766,trend_up,0.574510135140178
2021-07-08 14:45:00,25.12225464,trend_up,0.7524824829551136
2021-07-08 15:00:00,25.08747854,trend_up,0.5808672690341824
2021-07-09 09:45:00,24.80926974,trend_up,0.7071502087268331
2021-07-09 10:00:00,24.99706068,trend_up,0.6491959135829651
2021-07-09 10:15:00,24.67016534,trend_down,0.7650615968107726
2021-07-09 10:30:00,25.04574722,range,0.7995050735526689
2021-07-09 10:45:00,25.11529942,trend_up,0.6956124261749731
2021-07-09 11:00:00,25.2126725,trend_up,0.7428243732053118
2021-07-09 11:15:00,25.42828432,trend_up,0.8367572995224137
2021-07-09 11:30:00,25.44914998,trend_up,0.9072718521831746
2021-07-09 13:15:00,25.51870218,trend_up,0.9255028683958013
2021-07-09 13:30:00,25.4213291,trend_up,0.7723910181007572
2021-07-09 13:45:00,25.40046344,trend_up,0.7723910181007572
2021-07-09 14:00:00,25.44914998,trend_up,0.7723910181007572
2021-07-09 14:15:00,25.46306042,trend_up,0.8199282075881936
2021-07-09 14:30:00,25.4561052,trend_up,0.8237515454134446
2021-07-09 14:45:00,25.47697086,trend_up,0.9251993854483096
2021-07-09 15:00:00,25.49783652,trend_up,0.8677037656299145
2021-07-12 09:45:00,25.92210494,trend_up,0.5280567246047543
2021-07-12 10:00:00,25.65085136,trend_up,0.9742323281814625
2021-07-12 10:15:00,25.734314,trend_up,0.9742323281814625
2021-07-12 10:30:00,25.5952096,trend_up,0.9742323281814625
2021-07-12 10:45:00,25.4213291,trend_down,0.8156601237330515
2021-07-12 11:00:00,25.4213291,trend_down,0.7999342837378464
2021-07-12 11:15:00,25.31004558,trend_down,0.6032138335566802
2021-07-12 11:30:00,25.4213291,trend_down,0.5963623155074708
2021-07-12 13:15:00,25.15703074,trend_down,0.582891918217398
2021-07-12 13:30:00,25.038792,trend_down,0.5407761121033194
2021-07-12 13:45:00,24.92055326,trend_down,0.8985773299577956
2021-07-12 14:00:00,25.038792,trend_down,0.7924065202442016
2021-07-12 14:15:00,25.0735681,trend_down,0.7478098839523799
2021-07-12 14:30:00,25.24049338,trend_down,0.8164731192348211
2021-07-12 14:45:00,25.23353816,reversal,0.4879203831176032
2021-07-12 15:00:00,25.2126725,trend_down,0.8164731192348211
2021-07-13 09:45:00,25.05270244,trend_down,0.8183169538160069
2021-07-13 10:00:00,24.68407578,trend_down,0.6850724938580024
2021-07-13 10:15:00,24.6214788,trend_down,0.9029345392406012
2021-07-13 10:30:00,24.61452358,trend_down,0.9532068788311022
2021-07-13 10:45:00,24.60061314,trend_down,0.9117246531901516
2021-07-13 11:00:00,24.6214788,trend_down,0.8989257226588602
2021-07-13 11:15:00,24.6562549,trend_down,0.9254264981159408
2021-07-13 11:30:00,24.52410572,trend_down,0.9254264981159408
2021-07-13 13:15:00,24.51019528,trend_down,0.9234054526668741
2021-07-13 13:30:00,24.51019528,trend_down,0.5253364874270217
2021-07-13 13:45:00,24.5171505,trend_down,0.9254264981159408
2021-07-13 14:00:00,24.57279226,trend_down,0.9254264981159408
2021-07-13 14:15:00,24.51019528,trend_down,0.9230955164120815
2021-07-13 14:30:00,24.49628484,trend_down,0.9230955164120815
2021-07-13 14:45:00,24.60061314,trend_down,0.9653094962875512
2021-07-13 15:00:00,24.59365792,trend_down,0.8596638413505254
2021-07-14 09:45:00,24.691031,trend_down,0.7418055503232259
2021-07-14 10:00:00,24.691031,trend_down,0.9569493631443057
2021-07-14 10:15:00,24.49628484,trend_down,0.9558414499823895
2021-07-14 10:30:00,24.35718044,trend_down,0.8403711591520251
2021-07-14 10:45:00,24.42673264,trend_down,0.8400112954921015
2021-07-14 11:00:00,24.48932962,trend_down,0.6981159566911366
2021-07-14 11:15:00,24.4823744,trend_down,0.7075252337545701
2021-07-14 11:30:00,24.41977742,trend_down,0.7026083875862044
2021-07-14 13:15:00,24.4823744,trend_down,0.5808672690341824
2021-07-14 13:30:00,24.54497138,trend_down,0.6966642153027174
2021-07-14 13:45:00,24.56583704,trend_down,0.5114733383376779
2021-07-14 14:00:00,24.7258071,range,0.57742413630391
2021-07-14 14:15:00,24.4475983,trend_down,0.6901246879786478
2021-07-14 14:30:00,24.55888182,range,0.5731823569743637
2021-07-14 14:45:00,24.4823744,range,0.5882663822619455
2021-07-14 15:00:00,24.60756836,range,0.8034067673847938
2021-07-15 09:45:00,24.39195654,range,0.535507961565993
2021-07-15 10:00:00,24.03724032,trend_down,0.8116956932381959
2021-07-15 10:15:00,24.03724032,trend_down,0.8263576867739746
2021-07-15 10:30:00,23.7868524,trend_down,0.4635269514824589
2021-07-15 10:45:00,23.79380762,trend_down,0.5876309642350666
2021-07-15 11:00:00,23.995509,trend_down,0.9417516507203924
2021-07-15 11:15:00,24.01637466,trend_down,0.9417516507203924
2021-07-15 11:30:00,23.9259568,trend_down,0.9417516507203924
2021-07-15 13:15:00,23.9259568,trend_down,0.7671682660063865
2021-07-15 13:30:00,23.90509114,trend_down,0.9206961464705191
2021-07-15 13:45:00,23.995509,trend_down,0.9206961464705191
2021-07-15 14:00:00,23.98159856,trend_down,0.9206961464705191
2021-07-15 14:15:00,24.00246422,trend_down,0.9187684356464907
2021-07-15 14:30:00,23.995509,trend_down,0.9187684356464907
2021-07-15 14:45:00,23.91900158,trend_down,0.9187684356464907
2021-07-15 15:00:00,23.8911807,trend_down,0.9322810957908073
2021-07-16 09:45:00,23.49473316,breakout_down,0.48512049459319745
2021-07-16 10:00:00,23.7520763,trend_down,0.9742323281814625
2021-07-16 10:15:00,23.6825241,trend_down,0.9742323281814625
2021-07-16 10:30:00,23.66165844,trend_down,0.9742323281814625
2021-07-16 10:45:00,23.647748,trend_down,0.8927407182097999
2021-07-16 11:00:00,23.61992712,trend_down,0.9206961464705191
2021-07-16 11:15:00,23.64079278,trend_down,0.9206961464705191
2021-07-16 11:30:00,23.647748,trend_down,0.9204558658492991
2021-07-16 13:15:00,23.63383756,trend_down,0.9187684356464907
2021-07-16 13:30:00,23.58515102,trend_down,0.9162450753751263
2021-07-16 13:45:00,23.39040486,trend_down,0.9314258120147536
2021-07-16 14:00:00,23.299987,trend_down,0.6372585403282438
2021-07-16 14:15:00,23.299987,trend_down,0.9182273385573261
2021-07-16 14:30:00,23.25130046,trend_down,0.9206961464705191
2021-07-16 14:45:00,23.2304348,trend_down,0.8523087659372239
2021-07-16 15:00:00,23.22347958,trend_down,0.9206961464705191
2021-07-19 09:45:00,22.9870021,breakout_down,0.48512049459319745
2021-07-19 10:00:00,23.0217782,trend_down,0.9742323281814625
2021-07-19 10:15:00,23.00786776,trend_down,0.9742323281814625
2021-07-19 10:30:00,22.66706198,trend_down,0.4850766622556711
2021-07-19 10:45:00,22.4305845,breakout_down,0.48512049459319745
2021-07-19 11:00:00,22.38885318,trend_down,0.9742323281814625
2021-07-19 11:15:00,22.76443506,trend_down,0.9679556215260039
2021-07-19 11:30:00,23.08437518,trend_down,0.9671356839524399
2021-07-19 13:15:00,22.96613644,trend_down,0.956955323110568
2021-07-19 13:30:00,23.01482298,trend_down,0.863612138995893
2021-07-19 13:45:00,22.93831556,trend_down,0.863612138995893
2021-07-19 14:00:00,22.9870021,trend_down,0.9423709533776204
2021-07-19 14:15:00,22.99395732,trend_down,0.8983132835346506
2021-07-19 14:30:00,22.97309166,trend_down,0.8983132835346506
2021-07-19 14:45:00,22.97309166,trend_down,0.8983132835346506
2021-07-19 15:00:00,22.97309166,trend_down,0.8983132835346506
2021-07-20 09:45:00,22.85485292,trend_down,0.9421127839593577
2021-07-20 10:00:00,23.06350952,trend_down,0.7123691467602389
2021-07-20 10:15:00,22.952226,trend_down,0.9015062663814333
2021-07-20 10:30:00,23.04264386,trend_up,0.6073029387372603
2021-07-20 10:45:00,22.952226,trend_down,0.8156601237330515
2021-07-20 11:00:00,23.01482298,trend_up,0.6073029387372603
2021-07-20 11:15:00,23.0217782,range,0.455445798709778
2021-07-20 11:30:00,23.03568864,range,0.455445798709778
2021-07-20 13:15:00,22.952226,trend_down,0.5824918233590364
2021-07-20 13:30:00,22.95918122,range,0.6356567985997432
2021-07-20 13:45:00,22.97309166,range,0.7874824008533569
2021-07-20 14:00:00,23.00786776,range,0.8966901890453052
2021-07-20 14:15:00,22.97309166,range,0.7874824008533569
2021-07-20 14:30:00,23.00786776,range,0.907698005859044
2021-07-20 14:45:00,22.9870021,range,0.8076301088394207
2021-07-20 15:00:00,23.06350952,range,0.8196254322347024
2021-07-21 09:45:00,23.39736008,breakout_up,0.41632291287449613
2021-07-21 10:00:00,23.43213618,trend_up,0.31046563598008525
2021-07-21 10:15:00,23.4390914,trend_up,0.6491959135829651
2021-07-21 10:30:00,23.3695392,trend_up,0.9096603708933312
2021-07-21 10:45:00,23.39040486,trend_up,0.8123414493055849
2021-07-21 11:00:00,23.52950926,trend_up,0.737823825568231
2021-07-21 11:15:00,23.66861366,trend_up,0.4794525638545215
2021-07-21 11:30:00,23.66861366,trend_up,0.9029645626213624
2021-07-21 13:15:00,23.6825241,trend_up,0.5288401072291053
2021-07-21 13:30:00,23.7173002,trend_up,0.8989569418665566
2021-07-21 13:45:00,23.68947932,trend_up,0.8705313301600581
2021-07-21 14:00:00,23.70338976,trend_up,0.8955641684077396
2021-07-21 14:15:00,23.77989718,trend_up,0.9329005272206974
2021-07-21 14:30:00,23.82858372,trend_up,0.8955641684077396
2021-07-21 14:45:00,23.7868524,trend_up,0.8958711337427966
2021-07-21 15:00:00,23.80076284,trend_up,0.9379154030189935
2021-07-22 09:45:00,23.57124058,trend_up,0.9321427773149108
2021-07-22 10:00:00,23.58515102,trend_up,0.9448570951446239
2021-07-22 10:15:00,23.57124058,trend_up,0.9448570951446239
2021-07-22 10:30:00,23.52950926,trend_down,0.8123414493055849
2021-07-22 10:45:00,23.55037492,trend_down,0.7656634859672273
2021-07-22 11:00:00,23.52255404,range,0.5016324948275044
2021-07-22 11:15:00,23.5086436,range,0.6813037943603433
2021-07-22 11:30:00,23.56428536,range,0.6356567985997432
2021-07-22 13:15:00,23.44604662,trend_down,0.5824918233590364
2021-07-22 13:30:00,23.55733014,range,0.7722451375612671
2021-07-22 13:45:00,23.52950926,range,0.7722451375612671
2021-07-22 14:00:00,23.42518096,trend_down,0.5824918233590364
2021-07-22 14:15:00,23.36258398,trend_down,0.4903943954818263
2021-07-22 14:30:00,23.36258398,range,0.5067820346763223
2021-07-22 14:45:00,23.37649442,trend_down,0.635333649758702
2021-07-22 15:00:00,23.35562876,trend_down,0.635333649758702
2021-07-23 09:45:00,23.04264386,trend_down,0.9226129546285158
2021-07-23 10:00:00,22.91049468,trend_down,0.9639613855702905
2021-07-23 10:15:00,22.92440512,trend_down,0.9499801362641012
2021-07-23 10:30:00,22.9174499,trend_down,0.9028419690136968
2021-07-23 10:45:00,22.9174499,trend_down,0.9206961464705191
2021-07-23 11:00:00,22.83398726,trend_down,0.767061440741372
2021-07-23 11:15:00,22.88962902,trend_down,0.5387730654631989
2021-07-23 11:30:00,22.83398726,trend_down,0.8927407182097999
2021-07-23 13:15:00,22.68097242,trend_down,0.5022525769741042
2021-07-23 13:30:00,22.68097242,trend_down,0.9230955164120815
2021-07-23 13:45:00,22.66706198,trend_down,0.9230955164120815
2021-07-23 14:00:00,22.6740172,trend_down,0.9230955164120815
2021-07-23 14:15:00,22.58359934,trend_down,0.5407135016471885
2021-07-23 14:30:00,22.49318148,breakout_down,0.4837854520180985
2021-07-23 14:45:00,22.62533066,trend_down,0.968840342841616
2021-07-23 15:00:00,22.59055456,trend_down,0.968840342841616
2021-07-26 09:45:00,22.15933092,breakout_down,0.47683102472388567
2021-07-26 10:00:00,22.26365922,trend_down,0.9074700472430703
2021-07-26 10:15:00,22.18019658,trend_down,0.9679556215260039
2021-07-26 10:30:00,22.15933092,trend_down,0.9230955164120815
2021-07-26 10:45:00,22.17324136,trend_down,0.9230955164120815
2021-07-26 11:00:00,22.02022652,trend_down,0.968840342841616
2021-07-26 11:15:00,21.70724162,breakout_down,0.4837854520180985
2021-07-26 11:30:00,21.51945068,breakout_down,0.47683102472388567
2021-07-26 13:15:00,21.3177493,trend_down,0.9679556215260039
2021-07-26 13:30:00,21.2481971,trend_down,0.9679556215260039
2021-07-26 13:45:00,21.54031634,trend_down,0.9679556215260039
2021-07-26 14:00:00,21.4916298,trend_down,0.9679556215260039
2021-07-26 14:15:00,21.48467458,trend_down,0.9742323281814625
2021-07-26 14:30:00,21.24124188,trend_down,0.9742323281814625
2021-07-26 14:45:00,21.36643584,trend_down,0.9742323281814625
2021-07-26 15:00:00,21.25515232,trend_down,0.938106489634533
2021-07-27 09:45:00,21.50554024,trend_down,0.9569493631443057
2021-07-27 10:00:00,21.28992842,trend_down,0.9671310851438669
2021-07-27 10:15:00,21.26210754,trend_down,0.9671310851438669
2021-07-27 10:30:00,20.97694352,trend_down,0.9252994599362988
2021-07-27 10:45:00,21.30383886,trend_down,0.9735686106763175
2021-07-27 11:00:00,21.22733144,trend_down,0.9162450753751263
2021-07-27 11:15:00,21.16473446,trend_down,0.9162450753751263
2021-07-27 11:30:00,21.3525254,trend_down,0.9653094962875512
2021-07-27 13:15:00,21.2481971,trend_down,0.9162450753751263
2021-07-27 13:30:00,21.1786449,trend_down,0.9162450753751263
2021-07-27 13:45:00,21.03258528,trend_down,0.9742323281814625
2021-07-27 14:00:00,20.99085396,trend_down,0.8605563331909072
2021-07-27 14:15:00,21.5264059,trend_down,0.5529036999713479
2021-07-27 14:30:00,21.561182,range,0.38288212065079036
2021-07-27 14:45:00,21.57509244,range,0.49209851201904514
2021-07-27 15:00:00,21.63768942,trend_up,0.7547601062651265
2021-07-28 09:45:00,20.67091384,trend_down,0.791011945543973
2021-07-28 10:00:00,20.95607786,trend_down,0.9058461351597149
2021-07-28 10:15:00,21.0743166,trend_down,0.7065708320159619
2021-07-28 10:30:00,21.18560012,trend_down,0.8812855876076623
2021-07-28 10:45:00,21.15777924,trend_down,0.9236042312450827
2021-07-28 11:00:00,21.11604792,trend_down,0.9438657732455722
2021-07-28 11:15:00,21.1438688,trend_down,0.9438657732455722
2021-07-28 11:30:00,21.10213748,trend_down,0.8199282075881936
2021-07-28 13:15:00,21.10213748,trend_down,0.8199282075881936
2021-07-28 13:30:00,21.0395405,trend_down,0.8232739158956033
2021-07-28 13:45:00,20.94216742,trend_down,0.8199282075881936
2021-07-28 14:00:00,20.97694352,trend_down,0.8232739158956033
2021-07-28 14:15:00,21.08127182,trend_down,0.7747671801672509
2021-07-28 14:30:00,21.08127182,trend_down,0.7747671801672509
2021-07-28 14:45:00,21.34557018,trend_down,0.8156601237330515
2021-07-28 15:00:00,21.4220776,trend_up,0.8204744981771703
2021-07-29 09:45:00,21.561182,trend_up,0.7305156927865036
2021-07-29 10:00:00,21.53336112,trend_up,0.8164731192348211
2021-07-29 10:15:00,21.54727156,trend_up,0.8989569418665566
2021-07-29 10:30:00,21.5959581,trend_up,0.8964466843873214
2021-07-29 10:45:00,21.60986854,trend_up,0.8672707799644854
2021-07-29 11:00:00,21.5959581,trend_up,0.8722053219439818
2021-07-29 11:15:00,21.64464464,trend_up,0.9005271499839334
2021-07-29 11:30:00,21.58900288,trend_up,0.9005271499839334
2021-07-29 13:15:00,21.61682376,trend_up,0.8938647944710887
2021-07-29 13:30:00,21.81156992,trend_up,0.8491236163364417
2021-07-29 13:45:00,21.6655103,trend_up,0.9526892231117793
2021-07-29 14:00:00,21.6655103,trend_up,0.8639326827781951
2021-07-29 14:15:00,21.65159986,trend_up,0.8639326827781951
2021-07-29 14:30:00,21.63768942,trend_up,0.8639326827781951
2021-07-29 14:45:00,21.56813722,trend_up,0.8938647944710887
2021-07-29 15:00:00,21.58204766,trend_up,0.7604757499852173
2021-07-30 09:45:00,21.33165974,trend_down,0.7096770612318958
2021-07-30 10:00:00,21.2481971,trend_down,0.8036700552552861
2021-07-30 10:15:00,21.3525254,trend_down,0.6002792785301752
2021-07-30 10:30:00,21.38034628,trend_down,0.8081841437984747
2021-07-30 10:45:00,21.42903282,trend_down,0.6692163404760045
2021-07-30 11:00:00,21.53336112,range,0.5592954350852848
2021-07-30 11:15:00,21.51249546,range,0.7472219107038316
2021-07-30 11:30:00,21.43598804,trend_down,0.5142803300338894
2021-07-30 13:15:00,21.32470452,trend_down,0.7563838706517836
2021-07-30 13:30:00,21.28992842,trend_down,0.5070397444258704
2021-07-30 13:45:00,21.2829732,trend_down,0.7428243732053118
2021-07-30 14:00:00,21.29688364,trend_down,0.6527380403151671
2021-07-30 14:15:00,21.79765948,range,0.5744299068230354
2021-07-30 14:30:00,22.0132713,range,0.44832049090626924
2021-07-30 14:45:00,21.9784952,trend_up,0.8156601237330515
2021-07-30 15:00:00,21.9784952,trend_up,0.4775185035089532
2021-08-02 09:45:00,21.79765948,trend_up,0.9321427773149108
2021-08-02 10:00:00,21.68637596,trend_up,0.872919724035682
2021-08-02 10:15:00,21.74201772,trend_up,0.9716442844366692
2021-08-02 10:30:00,21.84634602,trend_up,0.9716442844366692
2021-08-02 10:45:00,21.9784952,trend_up,0.9358326833673498
2021-08-02 11:00:00,22.14542048,trend_up,0.8591497667672403
2021-08-02 11:15:00,22.29843532,trend_up,0.4636947344470649
2021-08-02 11:30:00,22.45145016,trend_up,0.5407135016471885
2021-08-02 13:15:00,22.5001367,trend_up,0.5407135016471885
2021-08-02 13:30:00,22.61142022,trend_up,0.9742323281814625
2021-08-02 13:45:00,22.50709192,trend_up,0.967029182099857
2021-08-02 14:00:00,22.3958084,trend_up,0.9669242414729065
2021-08-02 14:15:00,22.5349128,trend_up,0.9742323281814625
2021-08-02 14:30:00,22.6392411,trend_up,0.5272643557394641
2021-08-02 14:45:00,22.49318148,trend_up,0.967029182099857
2021-08-02 15:00:00,22.5349128,trend_up,0.8895342149017359
2021-08-03 09:45:00,22.66706198,trend_up,0.8212706281870592
2021-08-03 10:00:00,22.82703204,trend_up,0.8264601616968841
2021-08-03 10:15:00,22.68792764,trend_up,0.9679511336517824
2021-08-03 10:30:00,22.7087933,trend_up,0.8927407182097999
2021-08-03 10:45:00,22.68097242,trend_up,0.8927407182097999
2021-08-03 11:00:00,22.80616638,trend_up,0.8927407182097999
2021-08-03 11:15:00,22.78530072,trend_up,0.9187684356464907
2021-08-03 11:30:00,22.7783455,trend_up,0.9187684356464907
2021-08-03 13:15:00,22.7435694,trend_up,0.7075252337545701
2021-08-03 13:30:00,22.58359934,trend_up,0.855628419547505
2021-08-03 13:45:00,22.45145016,trend_up,0.5824918233590364
2021-08-03 14:00:00,22.47231582,trend_down,0.5824918233590364
2021-08-03 14:15:00,22.5696889,range,0.7521371808182002
2021-08-03 14:30:00,22.4653606,range,0.5731823569743637
2021-08-03 14:45:00,22.3958084,range,0.7521371808182002
2021-08-03 15:00:00,22.4653606,range,0.8766633165993692
2021-08-04 09:45:00,22.52100236,range,0.7535994836059334
2021-08-04 10:00:00,22.4305845,range,0.6299592696573502
2021-08-04 10:15:00,22.52100236,range,0.6299592696573502
2021-08-04 10:30:00,22.45840538,range,0.7995050735526689
2021-08-04 10:45:00,22.47927104,range,0.8872046872473589
2021-08-04 11:00:00,22.38885318,range,0.6356567985997432
2021-08-04 11:15:00,22.3958084,range,0.7521371808182002
2021-08-04 11:30:00,22.44449494,range,0.6635394563209284
2021-08-04 13:15:00,22.45840538,range,0.6635394563209284
2021-08-04 13:30:00,22.4653606,range,0.6635394563209284
2021-08-04 13:45:00,22.3958084,range,0.5537895366448894
2021-08-04 14:00:00,22.38885318,range,0.5537895366448894
2021-08-04 14:15:00,22.40276362,range,0.5537895366448894
2021-08-04 14:30:00,22.34016664,range,0.5586815927789716
2021-08-04 14:45:00,22.38189796,range,0.5582723723353322
2021-08-04 15:00:00,22.35407708,range,0.5226962559952045
2021-08-05 09:45:00,21.7698386,trend_down,0.49393255959955096
2021-08-05 10:00:00,21.67942074,trend_down,0.8609048307728409
2021-08-05 10:15:00,21.6307342,trend_down,0.9072718521831746
2021-08-05 10:30:00,21.61682376,trend_down,0.9075479579203247
2021-08-05 10:45:00,21.63768942,trend_down,0.9742323281814625
2021-08-05 11:00:00,21.64464464,trend_down,0.9742323281814625
2021-08-05 11:15:00,21.67246552,trend_down,0.9679511336517824
2021-08-05 11:30:00,21.7002864,trend_down,0.9206961464705191
2021-08-05 13:15:00,21.65159986,trend_down,0.9206961464705191
2021-08-05 13:30:00,21.57509244,trend_down,0.9742323281814625
2021-08-05 13:45:00,21.48467458,trend_down,0.5275383222724065
2021-08-05 14:00:00,21.3525254,trend_down,0.4850766622556711
2021-08-05 14:15:00,21.30383886,trend_down,0.5293985367695945
2021-08-05 14:30:00,21.35948062,trend_down,0.5293985367695945
2021-08-05 14:45:00,21.2829732,trend_down,0.9742323281814625
2021-08-05 15:00:00,21.30383886,trend_down,0.9206961464705191
2021-08-06 09:45:00,21.15082402,trend_down,0.8264601616968841
2021-08-06 10:00:00,21.40121194,trend_down,0.9735686106763175
2021-08-06 10:15:00,21.32470452,trend_down,0.9661863672976857
2021-08-06 10:30:00,21.38034628,trend_down,0.8835923464260621
2021-08-06 10:45:00,21.1438688,trend_down,0.9661863672976857
2021-08-06 11:00:00,21.08822704,trend_down,0.9179802441287964
2021-08-06 11:15:00,21.11604792,trend_down,0.9179802441287964
2021-08-06 11:30:00,21.04649572,trend_down,0.9310376619313472
2021-08-06 13:15:00,21.05345094,trend_down,0.9741497011086431
2021-08-06 13:30:00,21.05345094,trend_down,0.9187684356464907
2021-08-06 13:45:00,21.04649572,trend_down,0.9187684356464907
2021-08-06 14:00:00,21.06040616,trend_down,0.9187684356464907
2021-08-06 14:15:00,21.02563006,trend_down,0.9187684356464907
2021-08-06 14:30:00,21.06736138,trend_down,0.9735686106763175
2021-08-06 14:45:00,21.18560012,trend_down,0.9653094962875512
2021-08-06 15:00:00,21.08822704,trend_down,0.7624714097997891
2021-08-09 09:45:00,21.2829732,breakout_down,0.6039656387822327
2021-08-09 10:00:00,21.29688364,range,0.45611619011967564
2021-08-09 10:15:00,21.60291332,trend_up,0.6411707203218204
2021-08-09 10:30:00,21.4220776,trend_up,0.872919724035682
2021-08-09 10:45:00,21.7002864,trend_up,0.9321427773149108
2021-08-09 11:00:00,21.63768942,trend_up,0.9558414499823895
2021-08-09 11:15:00,21.64464464,trend_up,0.9096603708933312
2021-08-09 11:30:00,21.68637596,trend_up,0.9096603708933312
2021-08-09 13:15:00,21.63768942,trend_up,0.8205066479738508
2021-08-09 13:30:00,21.68637596,trend_up,0.8812855876076623
2021-08-09 13:45:00,21.7002864,trend_up,0.8161076076236619
2021-08-09 14:00:00,21.71419684,trend_up,0.8452061671728198
2021-08-09 14:15:00,21.71419684,trend_up,0.8452061671728198
2021-08-09 14:30:00,21.70724162,trend_up,0.8452061671728198
2021-08-09 14:45:00,21.67942074,trend_up,0.7707603053954855
2021-08-09 15:00:00,21.69333118,trend_up,0.6465933116478583
2021-08-10 09:45:00,21.63768942,trend_up,0.7566857752191221
2021-08-10 10:00:00,21.60291332,trend_up,0.7159611718510721
2021-08-10 10:15:00,21.33861496,trend_down,0.4023418816377386
2021-08-10 10:30:00,21.5959581,trend_down,0.5255368726491012
2021-08-10 10:45:00,21.55422678,range,0.72067736070684
2021-08-10 11:00:00,21.54031634,range,0.7952570075835796
2021-08-10 11:15:00,21.51249546,range,0.7952570075835796
2021-08-10 11:30:00,21.49858502,range,0.7863367821971079
2021-08-10 13:15:00,21.54727156,range,0.685759807008504
2021-08-10 13:30:00,21.55422678,range,0.7863367821971079
2021-08-10 13:45:00,21.58900288,range,0.7874824008533569
2021-08-10 14:00:00,21.5959581,range,0.7874824008533569
2021-08-10 14:15:00,21.54727156,range,0.8076301088394207
2021-08-10 14:30:00,21.41512238,trend_down,0.515228720835063
2021-08-10 14:45:00,21.47076414,range,0.5590753329608682
2021-08-10 15:00:00,21.48467458,range,0.47968364054156465
2021-08-11 09:45:00,21.58204766,range,0.6911450798395897
2021-08-11 10:00:00,21.37339106,range,0.5011696763574541
2021-08-11 10:15:00,21.37339106,range,0.46341649071607266
2021-08-11 10:30:00,21.36643584,trend_down,0.5270372224988633
2021-08-11 10:45:00,21.29688364,trend_down,0.5270372224988633
2021-08-11 11:00:00,21.28992842,trend_down,0.5118722996805154
2021-08-11 11:15:00,21.32470452,trend_down,0.5618073999884746
2021-08-11 11:30:00,21.3177493,trend_down,0.5618073999884746
2021-08-11 13:15:00,21.25515232,trend_down,0.8579993070247722
2021-08-11 13:30:00,21.1438688,trend_down,0.8214889321553238
2021-08-11 13:45:00,21.23428666,trend_down,0.861881937676793
2021-08-11 14:00:00,21.17168968,trend_down,0.861881937676793
2021-08-11 14:15:00,21.18560012,trend_down,0.6738534638853216
2021-08-11 14:30:00,21.213421,trend_down,0.6738534638853216
2021-08-11 14:45:00,21.18560012,trend_down,0.7224166514371863
2021-08-11 15:00:00,21.213421,trend_down,0.6559201527243191
2021-08-12 09:45:00,21.04649572,breakout_down,0.4619362514979542
2021-08-12 10:00:00,21.05345094,trend_down,0.8965282913525047
2021-08-12 10:15:00,21.0743166,trend_down,0.9236042312450827
2021-08-12 10:30:00,20.9699883,trend_down,0.9742323281814625
2021-08-12 10:45:00,20.95607786,trend_down,0.9254264981159408
2021-08-12 11:00:00,20.9352122,trend_down,0.8989257226588602
2021-08-12 11:15:00,20.96303308,trend_down,0.968840342841616
2021-08-12 11:30:00,20.98389874,trend_down,0.8927407182097999
2021-08-12 13:15:00,21.62377898,trend_up,0.6847368957428975
2021-08-12 13:30:00,21.68637596,trend_up,0.545701362005284
2021-08-12 13:45:00,21.70724162,trend_up,0.8491236163364417
2021-08-12 14:00:00,21.58900288,trend_up,0.6847368957428975
2021-08-12 14:15:00,21.60291332,trend_up,0.8491236163364417
2021-08-12 14:30:00,21.70724162,trend_up,0.8581487862286942
2021-08-12 14:45:00,21.61682376,trend_up,0.9526892231117793
2021-08-12 15:00:00,22.11064438,trend_up,0.8698784144132509
2021-08-13 09:45:00,21.908943,trend_up,0.9074700472430703
2021-08-13 10:00:00,22.44449494,trend_up,0.5195010918436814
2021-08-13 10:15:00,22.28452488,trend_up,0.938106489634533
2021-08-13 10:30:00,22.2219279,trend_up,0.9679556215260039
2021-08-13 10:45:00,22.22888312,trend_up,0.9019048519618212
2021-08-13 11:00:00,22.4305845,trend_up,0.9705246689210671
2021-08-13 11:15:00,22.65315154,trend_up,0.5283018173322191
2021-08-13 11:30:00,22.65315154,trend_up,0.5395694509594747
2021-08-13 13:15:00,22.7435694,trend_up,0.5395694509594747
2021-08-13 13:30:00,22.87571858,trend_up,0.9705246689210671
2021-08-13 13:45:00,22.82007682,trend_up,0.9705246689210671
2021-08-13 14:00:00,22.7435694,trend_up,0.927690188616068
2021-08-13 14:15:00,22.82703204,trend_up,0.927690188616068
2021-08-13 14:30:00,22.82703204,trend_up,0.927690188616068
2021-08-13 14:45:00,22.86180814,trend_up,0.927690188616068
2021-08-13 15:00:00,22.77139028,trend_up,0.9254264981159408
2021-08-16 09:45:00,22.4653606,trend_up,0.9177303842893451
2021-08-16 10:00:00,22.44449494,trend_up,0.9581306173140381
2021-08-16 10:15:00,22.4653606,trend_up,0.9581306173140381
2021-08-16 10:30:00,22.42362928,trend_down,0.5963623155074708
2021-08-16 10:45:00,22.50709192,trend_down,0.5894533561033574
2021-08-16 11:00:00,22.45840538,trend_up,0.6554353925269597
2021-08-16 11:15:00,22.4653606,trend_up,0.6491959135829651
2021-08-16 11:30:00,22.47927104,trend_up,0.6491959135829651
2021-08-16 13:15:00,22.47231582,trend_up,0.8920597894315797
2021-08-16 13:30:00,22.3262562,trend_up,0.8156601237330515
2021-08-16 13:45:00,22.31234576,trend_up,0.8156601237330515
2021-08-16 14:00:00,22.34712186,trend_up,0.6554353925269597
2021-08-16 14:15:00,22.26365922,trend_down,0.6491959135829651
2021-08-16 14:30:00,22.18019658,trend_down,0.8375576247161503
2021-08-16 14:45:00,22.16628614,trend_down,0.8375576247161503
2021-08-16 15:00:00,22.07586828,trend_down,0.7271389531433591
2021-08-17 09:45:00,22.09673394,trend_down,0.9053624902036228
2021-08-17 10:00:00,22.22888312,trend_down,0.8993481562721959
2021-08-17 10:15:00,21.88807734,trend_down,0.9423709533776204
2021-08-17 10:30:00,21.95067432,trend_down,0.9013965819316143
2021-08-17 10:45:00,22.02718174,trend_down,0.9366146637350224
2021-08-17 11:00:00,22.15933092,trend_down,0.7217937969344603
2021-08-17 11:15:00,22.24279356,range,0.6049488934198607
2021-08-17 11:30:00,22.24279356,range,0.7913419492900049
2021-08-17 13:15:00,21.908943,trend_down,0.532727735048976
2021-08-17 13:30:00,22.03413696,trend_down,0.532727735048976
2021-08-17 13:45:00,22.06195784,trend_down,0.532727735048976
2021-08-17 14:00:00,21.9784952,range,0.6181897121652762
2021-08-17 14:15:00,21.92285344,trend_down,0.8081841437984747
2021-08-17 14:30:00,21.88112212,trend_down,0.53795574256754
2021-08-17 14:45:00,21.89503256,trend_down,0.6255694764883102
2021-08-17 15:00:00,21.63768942,trend_down,0.7032546479276355
2021-08-18 09:45:00,21.3177493,trend_down,0.6313818520968785
2021-08-18 10:00:00,21.35948062,trend_down,0.9251993854483096
2021-08-18 10:15:00,21.33165974,trend_down,0.8841751765460708
2021-08-18 10:30:00,21.47771936,trend_down,0.9696978493388541
2021-08-18 10:45:00,21.41512238,trend_down,0.968840342841616
2021-08-18 11:00:00,21.3525254,trend_down,0.9230955164120815
2021-08-18 11:15:00,21.3525254,trend_down,0.9230955164120815
2021-08-18 11:30:00,21.22037622,trend_down,0.5131832823233247
2021-08-18 13:15:00,21.24124188,trend_down,0.7876092458734775
2021-08-18 13:30:00,21.5264059,trend_down,0.9671310851438669
2021-08-18 13:45:00,21.7698386,trend_up,0.8976590831882497
2021-08-18 14:00:00,21.7002864,trend_up,0.934401781259849
2021-08-18 14:15:00,21.85330124,trend_up,0.8144270115893723
2021-08-18 14:30:00,21.71419684,trend_up,0.7939991758485883
2021-08-18 14:45:00,21.60986854,trend_down,0.7939991758485883
2021-08-18 15:00:00,21.64464464,range,0.5367232051589758
2021-08-19 09:45:00,21.7698386,trend_up,0.5739474073462888
2021-08-19 10:00:00,21.61682376,trend_down,0.5428647267691095
2021-08-19 10:15:00,21.6307342,range,0.5731823569743637
2021-08-19 10:30:00,21.48467458,trend_down,0.6359685894540297
2021-08-19 10:45:00,21.55422678,range,0.7722451375612671
2021-08-19 11:00:00,21.4568537,trend_down,0.533227573154796
2021-08-19 11:15:00,21.4916298,trend_down,0.5079855202092495
2021-08-19 11:30:00,21.47076414,trend_down,0.5114733383376779
2021-08-19 13:15:00,21.54031634,trend_down,0.5114733383376779
2021-08-19 13:30:00,21.49858502,trend_down,0.5114733383376779
2021-08-19 13:45:00,21.67246552,range,0.7638272540456548
2021-08-19 14:00:00,21.57509244,range,0.7638272540456548
2021-08-19 14:15:00,21.64464464,range,0.907698005859044
2021-08-19 14:30:00,21.61682376,range,0.907698005859044
2021-08-19 14:45:00,21.54727156,range,0.7738946113840957
2021-08-19 15:00:00,21.50554024,range,0.664060939026449
2021-08-20 09:45:00,21.3177493,range,0.48488322218971236
2021-08-20 10:00:00,21.33861496,range,0.5035202058056177
2021-08-20 10:15:00,21.36643584,trend_down,0.4995633456479134
2021-08-20 10:30:00,21.30383886,trend_down,0.4772010015376969
2021-08-20 10:45:00,21.03258528,trend_down,0.9041490256054113
2021-08-20 11:00:00,21.1438688,trend_down,0.9365051591176241
2021-08-20 11:15:00,21.22733144,trend_down,0.8055572556698548
2021-08-20 11:30:00,21.08127182,trend_down,0.938040344052919
2021-08-20 13:15:00,21.08822704,trend_down,0.88625147446568
2021-08-20 13:30:00,21.08822704,trend_down,0.9156880955987667
2021-08-20 13:45:00,21.12300314,trend_down,0.9156880955987667
2021-08-20 14:00:00,21.08127182,trend_down,0.9156880955987667
2021-08-20 14:15:00,21.20646578,trend_down,0.9735686106763175
2021-08-20 14:30:00,21.22037622,trend_down,0.8888063780690166
2021-08-20 14:45:00,21.20646578,trend_down,0.9653094962875512
2021-08-20 15:00:00,21.22037622,trend_down,0.8515062925947642
2021-08-23 09:45:00,19.822377,trend_down,0.48210764873326295
2021-08-23 10:00:00,19.80846656,trend_down,0.7991902473970328
2021-08-23 10:15:00,19.73891436,trend_down,0.7593635813164638
2021-08-23 10:30:00,19.72500392,trend_down,0.8152190334999341
2021-08-23 10:45:00,19.73195914,trend_down,0.8860670408144169
2021-08-23 11:00:00,19.74586958,trend_down,0.9182273385573261
2021-08-23 11:15:00,19.74586958,trend_down,0.9182273385573261
2021-08-23 11:30:00,19.7528248,trend_down,0.8895342149017359
2021-08-23 13:15:00,19.74586958,trend_down,0.8895342149017359
2021-08-23 13:30:00,19.74586958,trend_down,0.8895342149017359
2021-08-23 13:45:00,19.73195914,trend_down,0.8895342149017359
2021-08-23 14:00:00,19.75978002,trend_down,0.8895342149017359
2021-08-23 14:15:00,19.80151134,trend_down,0.886942038506704
2021-08-23 14:30:00,19.98930228,trend_down,0.9557253993927181
2021-08-23 14:45:00,19.77369046,trend_down,0.9297390133172877
2021-08-23 15:00:00,19.86410832,trend_down,0.9162450753751263
2021-08-24 09:45:00,19.55112342,trend_down,0.9365728327825781
2021-08-24 10:00:00,19.70413826,trend_down,0.895572857015637
2021-08-24 10:15:00,19.66936216,trend_down,0.9735686106763175
2021-08-24 10:30:00,19.7180487,trend_down,0.6601022639809804
2021-08-24 10:45:00,19.74586958,trend_down,0.6601022639809804
2021-08-24 11:00:00,19.93366052,trend_down,0.39385542801168005
2021-08-24 11:15:00,19.85019788,range,0.6299592696573502
2021-08-24 11:30:00,19.8571531,range,0.7497206378675046
2021-08-24 13:15:00,19.91279486,range,0.7521371808182002
2021-08-24 13:30:00,19.91279486,range,0.7521371808182002
2021-08-24 13:45:00,19.83628744,trend_down,0.5774656010470498
2021-08-24 14:00:00,19.86410832,trend_down,0.5079855202092495
2021-08-24 14:15:00,19.8919292,trend_down,0.5079855202092495
2021-08-24 14:30:00,19.8919292,trend_down,0.5079855202092495
2021-08-24 14:45:00,19.8919292,range,0.655257203448431
2021-08-24 15:00:00,19.87106354,range,0.655257203448431
2021-08-25 09:45:00,19.62067562,trend_down,0.8753697464663618
2021-08-25 10:00:00,19.55112342,trend_down,0.7639122475391971
2021-08-25 10:15:00,19.66936216,trend_down,0.8442011952587081
2021-08-25 10:30:00,19.60676518,trend_down,0.878459223905384
2021-08-25 10:45:00,19.53025776,trend_down,0.9742323281814625
2021-08-25 11:00:00,19.5789443,trend_down,0.8989257226588602
2021-08-25 11:15:00,19.56503386,trend_down,0.9254264981159408
2021-08-25 11:30:00,19.57198908,trend_down,0.9254264981159408
2021-08-25 13:15:00,19.53721298,trend_down,0.9236042312450827
2021-08-25 13:30:00,19.52330254,trend_down,0.9236042312450827
2021-08-25 13:45:00,19.53721298,trend_down,0.9212211388208612
2021-08-25 14:00:00,19.59285474,trend_down,0.9112393647271799
2021-08-25 14:15:00,19.62763084,trend_down,0.9112393647271799
2021-08-25 14:30:00,19.73195914,trend_down,0.5529036999713479
2021-08-25 14:45:00,19.6484965,trend_down,0.8156601237330515
2021-08-25 15:00:00,19.6137204,trend_down,0.8204744981771703
2021-08-26 09:45:00,19.66240694,trend_down,0.43566593085297306
2021-08-26 10:00:00,19.822377,trend_down,0.6032138335566802
2021-08-26 10:15:00,19.83628744,trend_down,0.6100032138997542
2021-08-26 10:30:00,19.91975008,trend_down,0.6100032138997542
2021-08-26 10:45:00,19.9267053,trend_up,0.6032138335566802
2021-08-26 11:00:00,19.95452618,trend_up,0.9366146637350224
2021-08-26 11:15:00,19.95452618,trend_up,0.7757646083214381
2021-08-26 11:30:00,19.95452618,trend_up,0.8205066479738508
2021-08-26 13:15:00,20.170138,breakout_up,0.44815811935106603
2021-08-26 13:30:00,19.9614814,trend_up,0.900980090619673
2021-08-26 13:45:00,19.9614814,trend_up,0.7757646083214381
2021-08-26 14:00:00,19.95452618,trend_up,0.8737144869452158
2021-08-26 14:15:00,19.95452618,trend_up,0.9479066030766391
2021-08-26 14:30:00,19.94061574,trend_up,0.9526892231117793
2021-08-26 14:45:00,19.87106354,trend_up,0.8205066479738508
2021-08-26 15:00:00,19.8919292,trend_down,0.8205066479738508
2021-08-27 09:45:00,19.95452618,trend_down,0.545632599966392
2021-08-27 10:00:00,19.86410832,trend_down,0.7999342837378464
2021-08-27 10:15:00,19.88497398,trend_down,0.6032138335566802
2021-08-27 10:30:00,19.89888442,trend_down,0.532727735048976
2021-08-27 10:45:00,20.170138,trend_up,0.7707603053954855
2021-08-27 11:00:00,20.1005858,trend_up,0.7217937969344603
2021-08-27 11:15:00,20.07276492,trend_up,0.8384083056319496
2021-08-27 11:30:00,20.1353619,trend_up,0.7478098839523797
2021-08-27 13:15:00,19.98930228,trend_up,0.7478098839523797
2021-08-27 13:30:00,20.0310336,trend_up,0.7478098839523797
2021-08-27 13:45:00,20.0310336,trend_up,0.5659424405180494
2021-08-27 14:00:00,19.98930228,range,0.5819078489731289
2021-08-27 14:15:00,19.87801876,range,0.5231965102933448
2021-08-27 14:30:00,19.87801876,range,0.5231965102933448
2021-08-27 14:45:00,19.88497398,range,0.7687647182774826
2021-08-27 15:00:00,19.82933222,trend_down,0.5659424405180492
2021-08-30 09:45:00,19.94757096,range,0.4489901317272557
2021-08-30 10:00:00,20.1353619,trend_down,0.7273657092766985
2021-08-30 10:15:00,20.10754102,trend_up,0.8614997794086688
2021-08-30 10:30:00,20.1005858,trend_up,0.717477468649036
2021-08-30 10:45:00,20.0310336,trend_up,0.7577093091748505
2021-08-30 11:00:00,20.0310336,trend_up,0.7577093091748505
2021-08-30 11:15:00,19.9614814,range,0.5376925074681689
2021-08-30 11:30:00,20.02407838,range,0.5376925074681689
2021-08-30 13:15:00,20.02407838,range,0.5376925074681689
2021-08-30 13:30:00,19.9267053,range,0.6121192117337858
2021-08-30 13:45:00,19.8571531,trend_down,0.7126098734898108
2021-08-30 14:00:00,19.93366052,range,0.49367613118705433
2021-08-30 14:15:00,19.87801876,range,0.49367613118705433
2021-08-30 14:30:00,19.81542178,trend_down,0.7065612564831827
2021-08-30 14:45:00,19.7876009,trend_down,0.7773152170942038
2021-08-30 15:00:00,19.82933222,trend_down,0.8872809668603804
2021-08-31 09:45:00,19.7528248,trend_down,0.8730805974657889
2021-08-31 10:00:00,19.59980996,trend_down,0.8319554797454806
2021-08-31 10:15:00,19.5789443,trend_down,0.8107238665594269
2021-08-31 10:30:00,19.56503386,trend_down,0.8895438527229793
2021-08-31 10:45:00,19.5441682,trend_down,0.8995701894473405
2021-08-31 11:00:00,19.52330254,trend_down,0.7319172005549417
2021-08-31 11:15:00,19.49548166,trend_down,0.6078763234787635
2021-08-31 11:30:00,19.5093921,trend_down,0.9259188089160423
2021-08-31 13:15:00,19.48157122,trend_down,0.92746942966708
2021-08-31 13:30:00,19.474616,trend_down,0.9259188089160423
2021-08-31 13:45:00,19.45375034,trend_down,0.9259188089160423
2021-08-31 14:00:00,19.474616,trend_down,0.9259188089160423
2021-08-31 14:15:00,19.48852644,trend_down,0.9735686106763175
2021-08-31 14:30:00,19.5441682,trend_down,0.9653094962875512
2021-08-31 14:45:00,19.52330254,trend_down,0.9042349703146398
2021-08-31 15:00:00,19.474616,trend_down,0.9042349703146398
2021-09-01 09:45:00,18.95992972,breakout_down,0.46298278782617086
2021-09-01 10:00:00,18.9529745,trend_down,0.504032890722713
2021-09-01 10:15:00,18.93210884,trend_down,0.9098009843105702
2021-09-01 10:30:00,18.8138701,trend_down,0.47171885530460717
2021-09-01 10:45:00,18.78604922,trend_down,0.9742323281814625
2021-09-01 11:00:00,18.97384016,trend_down,0.9742323281814625
2021-09-01 11:15:00,19.05034758,trend_down,0.968840342841616
2021-09-01 11:30:00,19.16858632,trend_down,0.9680422957267861
2021-09-01 13:15:00,19.53025776,trend_up,0.6381484549493097
2021-09-01 13:30:00,19.38419814,trend_up,0.9423709533776204
2021-09-01 13:45:00,19.36333248,trend_up,0.9096603708933312
2021-09-01 14:00:00,19.39810858,trend_up,0.808111438353901
2021-09-01 14:15:00,19.58589952,trend_up,0.9096603708933312
2021-09-01 14:30:00,19.7876009,trend_up,0.9418612547060601
2021-09-01 14:45:00,19.74586958,trend_up,0.8753697464663618
2021-09-01 15:00:00,19.73195914,trend_up,0.8753697464663618
2021-09-02 09:45:00,19.474616,trend_up,0.8976590831882497
2021-09-02 10:00:00,19.60676518,trend_up,0.8976590831882497
2021-09-02 10:15:00,19.74586958,trend_up,0.8976590831882497
2021-09-02 10:30:00,19.83628744,trend_up,0.9338892471495683
2021-09-02 10:45:00,19.77369046,trend_up,0.8414240059105436
2021-09-02 11:00:00,19.80846656,trend_up,0.5906161733765932
2021-09-02 11:15:00,19.91279486,trend_up,0.5651529061018096
2021-09-02 11:30:00,20.05885448,trend_up,0.9576785201927404
2021-09-02 13:15:00,20.19100366,trend_up,0.49304344049652854
2021-09-02 13:30:00,20.18404844,trend_up,0.9204558658492991
2021-09-02 13:45:00,20.3787946,trend_up,0.49304344049652854
2021-09-02 14:00:00,20.4135707,trend_up,0.6372585403282437
2021-09-02 14:15:00,20.29533196,trend_up,0.8880393983702881
2021-09-02 14:30:00,20.3092424,trend_up,0.9741497011086431
2021-09-02 14:45:00,20.24664542,trend_up,0.9204558658492991
2021-09-02 15:00:00,20.19100366,trend_up,0.9204558658492991
2021-09-03 09:45:00,20.33010806,trend_up,0.9320733264379628
2021-09-03 10:00:00,20.25360064,trend_up,0.8892108789204528
2021-09-03 10:15:00,20.3440185,trend_up,0.9669242414729065
2021-09-03 10:30:00,20.4831229,trend_up,0.9242271087521248
2021-09-03 10:45:00,20.53180944,trend_up,0.6338026287295889
2021-09-03 11:00:00,20.5874512,trend_up,0.8623113655566726
2021-09-03 11:15:00,20.5874512,trend_up,0.8927407182097999
2021-09-03 11:30:00,20.75437648,trend_up,0.9308263606472233
2021-09-03 13:15:00,20.6222273,trend_up,0.967849029882141
2021-09-03 13:30:00,20.5874512,trend_up,0.8924256327184921
2021-09-03 13:45:00,20.6222273,trend_up,0.8924256327184921
2021-09-03 14:00:00,20.65004818,trend_up,0.913210072468972
2021-09-03 14:15:00,20.60136164,trend_up,0.9716442844366692
2021-09-03 14:30:00,20.6570034,trend_up,0.9105308622735405
2021-09-03 14:45:00,20.70568994,trend_up,0.9105308622735405
2021-09-03 15:00:00,20.59440642,trend_up,0.9448570951446239
2021-09-06 09:45:00,20.28837674,trend_down,0.790893365222354
2021-09-06 10:00:00,20.2049141,trend_down,0.9450935403116844
2021-09-06 10:15:00,20.08667536,trend_down,0.9450935403116844
2021-09-06 10:30:00,20.1005858,trend_down,0.9460652390401708
2021-09-06 10:45:00,20.0658097,trend_down,0.9507160989322379
2021-09-06 11:00:00,19.97539184,trend_down,0.9496354774399214
2021-09-06 11:15:00,20.0658097,trend_down,0.9496354774399214
2021-09-06 11:30:00,20.14231712,trend_down,0.8753697464663618
2021-09-06 13:15:00,20.33706328,trend_down,0.790893365222354
2021-09-06 13:30:00,20.33706328,trend_down,0.6491959135829651
2021-09-06 13:45:00,20.30228718,trend_down,0.6491959135829651
2021-09-06 14:00:00,20.33706328,trend_down,0.6491959135829651
2021-09-06 14:15:00,20.170138,trend_down,0.8156601237330515
2021-09-06 14:30:00,20.19100366,trend_down,0.8156601237330515
2021-09-06 14:45:00,20.2396902,range,0.6356567985997432
2021-09-06 15:00:00,20.29533196,range,0.6356567985997432
2021-09-07 09:45:00,20.44139158,range,0.7587811733891006
2021-09-07 10:00:00,20.42748114,trend_up,0.5783064637189992
2021-09-07 10:15:00,20.39966026,range,0.6148610574654111
2021-09-07 10:30:00,20.78219736,trend_up,0.7831800449742947
2021-09-07 10:45:00,20.85174956,trend_up,0.4636947344470649
2021-09-07 11:00:00,21.04649572,trend_up,0.9569306208080132
2021-09-07 11:15:00,21.44294326,breakout_up,0.4452658905757582
2021-09-07 11:30:00,21.2481971,trend_up,0.9679556215260039
2021-09-07 13:15:00,21.19951056,trend_up,0.9156880955987667
2021-09-07 13:30:00,21.2481971,trend_up,0.9156880955987667
2021-09-07 13:45:00,21.22733144,trend_up,0.9156880955987667
2021-09-07 14:00:00,21.1438688,trend_up,0.9742323281814625
2021-09-07 14:15:00,21.15777924,trend_up,0.9156880955987667
2021-09-07 14:30:00,21.19255534,trend_up,0.9156880955987667
2021-09-07 14:45:00,21.2829732,trend_up,0.966073424863376
2021-09-07 15:00:00,21.19255534,trend_up,0.88625147446568
2021-09-08 09:45:00,21.10213748,trend_up,0.9177303842893451
2021-09-08 10:00:00,21.06040616,trend_up,0.9653094962875512
2021-09-08 10:15:00,20.85870478,trend_up,0.5529036999713479
2021-09-08 10:30:00,20.70568994,trend_down,0.8156601237330515
2021-09-08 10:45:00,20.78915258,trend_down,0.8156601237330515
2021-09-08 11:00:00,20.6917795,trend_down,0.8336073750509411
2021-09-08 11:15:00,20.70568994,trend_down,0.932025720133591
2021-09-08 11:30:00,20.74046604,trend_down,0.8037830379511186
2021-09-08 13:15:00,20.75437648,trend_down,0.8037830379511186
2021-09-08 13:30:00,20.71264516,trend_down,0.8037830379511186
2021-09-08 13:45:00,20.71264516,trend_down,0.8037830379511186
2021-09-08 14:00:00,20.82392868,trend_down,0.9096603708933312
2021-09-08 14:15:00,20.81697346,trend_down,0.5126015124029761
2021-09-08 14:30:00,20.74742126,trend_down,0.5126015124029761
2021-09-08 14:45:00,20.84479434,range,0.8071915136673933
2021-09-08 15:00:00,20.85870478,range,0.8071915136673933
2021-09-09 09:45:00,20.52485422,range,0.5188114870107531
2021-09-09 10:00:00,20.56658554,range,0.5455324485346053
2021-09-09 10:15:00,20.3092424,trend_down,0.28896919927274123
2021-09-09 10:30:00,20.29533196,trend_down,0.7040978686100972
2021-09-09 10:45:00,20.4135707,trend_down,0.5906161733765932
2021-09-09 11:00:00,20.39966026,trend_down,0.5906161733765932
2021-09-09 11:15:00,20.38574982,trend_down,0.5906161733765932
2021-09-09 11:30:00,20.44139158,trend_down,0.6412619597296555
2021-09-09 13:15:00,20.50398856,trend_down,0.5239737120696346
2021-09-09 13:30:00,20.4135707,trend_down,0.7124680888866436
2021-09-09 13:45:00,20.35792894,trend_down,0.9365728327825781
2021-09-09 14:00:00,20.32315284,trend_down,0.9187684356464907
2021-09-09 14:15:00,20.33706328,trend_down,0.9187684356464907
2021-09-09 14:30:00,20.30228718,trend_down,0.9671310851438669
2021-09-09 14:45:00,20.33010806,trend_down,0.8902144987503774
2021-09-09 15:00:00,20.35097372,trend_down,0.6704269787693933
2021-09-10 09:45:00,20.3787946,trend_down,0.4915163983521811
2021-09-10 10:00:00,20.22577976,trend_down,0.8814060465467783
2021-09-10 10:15:00,20.23273498,trend_down,0.6655469954415363
2021-09-10 10:30:00,20.2049141,trend_down,0.6697004484743548
2021-09-10 10:45:00,20.22577976,trend_down,0.8529021789908493
2021-09-10 11:00:00,20.10754102,trend_down,0.7115364629215969
2021-09-10 11:15:00,20.14927234,trend_down,0.5236131050653243
2021-09-10 11:30:00,20.23273498,trend_down,0.5236131050653243
2021-09-10 13:15:00,20.28837674,range,0.7407985591665425
2021-09-10 13:30:00,20.25360064,range,0.8096292105549289
2021-09-10 13:45:00,20.18404844,range,0.5277859471530039
2021-09-10 14:00:00,20.23273498,range,0.5277859471530039
2021-09-10 14:15:00,20.26055586,range,0.8003767725410894
2021-09-10 14:30:00,20.2744663,range,0.8003767725410894
2021-09-10 14:45:00,20.4135707,range,0.7361594540449836
2021-09-10 15:00:00,20.62918252,range,0.5828800920419148
2021-09-13 09:45:00,19.8571531,range,0.5215869046809382
2021-09-13 10:00:00,19.34246682,breakout_down,0.4301461692365051
2021-09-13 10:15:00,19.05034758,breakout_down,0.4482922937390147
2021-09-13 10:30:00,18.9181984,trend_down,0.7986623257322079
2021-09-13 10:45:00,18.8834223,trend_down,0.47675406878691773
2021-09-13 11:00:00,19.474616,trend_down,0.9679556215260039
2021-09-13 11:15:00,19.46070556,trend_down,0.9679556215260039
2021-09-13 11:30:00,19.43288468,trend_down,0.9174585307035468
2021-09-13 13:15:00,19.3702877,trend_down,0.9679556215260039
2021-09-13 13:30:00,19.37724292,trend_down,0.9230955164120815
2021-09-13 13:45:00,19.15467588,trend_down,0.9742323281814625
2021-09-13 14:00:00,19.25204896,trend_down,0.9742323281814625
2021-09-13 14:15:00,19.32855638,trend_down,0.9206961464705191
2021-09-13 14:30:00,19.17554154,trend_down,0.9206961464705191
2021-09-13 14:45:00,19.16858632,trend_down,0.9206961464705191
2021-09-13 15:00:00,19.11989978,trend_down,0.9206961464705191
2021-09-14 09:45:00,18.76518356,trend_down,0.9742323281814625
2021-09-14 10:00:00,18.91124318,trend_down,0.9742323281814625
2021-09-14 10:15:00,19.06425802,trend_down,0.9206961464705191
2021-09-14 10:30:00,19.0573028,trend_down,0.9187684356464907
2021-09-14 10:45:00,19.06425802,trend_down,0.9162450753751263
2021-09-14 11:00:00,19.05034758,trend_down,0.9162450753751263
2021-09-14 11:15:00,19.01557148,trend_down,0.9162450753751263
2021-09-14 11:30:00,19.0920789,trend_down,0.7585322054351483
2021-09-14 13:15:00,19.03643714,trend_down,0.7348974144123156
2021-09-14 13:30:00,19.01557148,trend_down,0.7567094917635194
2021-09-14 13:45:00,19.0573028,trend_down,0.6831340232796929
2021-09-14 14:00:00,19.11989978,range,0.5096759806726077
2021-09-14 14:15:00,19.01557148,trend_down,0.5547125544476372
2021-09-14 14:30:00,19.07121324,range,0.5096759806726077
2021-09-14 14:45:00,19.11294456,trend_down,0.5898751691437624
2021-09-14 15:00:00,19.05034758,trend_down,0.7026083875862044
2021-09-15 09:45:00,18.9877506,trend_down,0.886942038506704
2021-09-15 10:00:00,18.79300444,trend_down,0.8364706572086146
2021-09-15 10:15:00,18.6747657,trend_down,0.7590550088336488
2021-09-15 10:30:00,18.57739262,trend_down,0.8477299191896347
2021-09-15 10:45:00,18.59130306,trend_down,0.9028419690136968
2021-09-15 11:00:00,18.75822834,trend_down,0.938106489634533
2021-09-15 11:15:00,18.77213878,trend_down,0.9206961464705191
2021-09-15 11:30:00,18.8138701,trend_down,0.8596638413505254
2021-09-15 13:15:00,18.779094,trend_down,0.9671310851438669
2021-09-15 13:30:00,18.79995966,trend_down,0.9735686106763175
2021-09-15 13:45:00,18.779094,trend_down,0.9187684356464907
2021-09-15 14:00:00,18.779094,trend_down,0.9187684356464907
2021-09-15 14:15:00,18.73040746,trend_down,0.9187684356464907
2021-09-15 14:30:00,18.9877506,trend_down,0.8156601237330515
2021-09-15 14:45:00,18.9877506,trend_down,0.8156601237330515
2021-09-15 15:00:00,18.9181984,trend_down,0.6554353925269597
2021-09-16 09:45:00,19.07816846,trend_up,0.6073029387372603
2021-09-16 10:00:00,18.9877506,trend_up,0.8754655967026245
2021-09-16 10:15:00,18.93210884,trend_up,0.7656634859672273
2021-09-16 10:30:00,18.9529745,trend_up,0.5239737120696346
2021-09-16 10:45:00,18.89037752,range,0.5455324485346053
2021-09-16 11:00:00,18.86951186,trend_down,0.5182498481931086
2021-09-16 11:15:00,18.87646708,range,0.685759807008504
2021-09-16 11:30:00,18.85560142,range,0.7863367821971079
2021-09-16 13:15:00,18.84169098,trend_down,0.6601022639809804
2021-09-16 13:30:00,18.87646708,range,0.5294883595780457
2021-09-16 13:45:00,18.82082532,trend_down,0.5898751691437624
2021-09-16 14:00:00,18.75822834,trend_down,0.49838071592887745
2021-09-16 14:15:00,18.70258658,trend_down,0.47096101431211806
2021-09-16 14:30:00,18.7095418,trend_down,0.5010189048170285
2021-09-16 14:45:00,18.73040746,trend_down,0.5280631273793275
2021-09-16 15:00:00,18.69563136,trend_down,0.531155748746094
2021-09-17 09:45:00,18.68867614,trend_down,0.973148224235075
2021-09-17 10:00:00,18.58434784,trend_down,0.9667162385784595
2021-09-17 10:15:00,18.58434784,trend_down,0.8927407182097999
2021-09-17 10:30:00,18.54957174,trend_down,0.9675462898052438
2021-09-17 10:45:00,18.59825828,trend_down,0.8927407182097999
2021-09-17 11:00:00,18.56348218,trend_down,0.8927407182097999
2021-09-17 11:15:00,18.59130306,trend_down,0.9742323281814625
2021-09-17 11:30:00,18.5704374,trend_down,0.9206961464705191
2021-09-17 13:15:00,18.57739262,trend_down,0.9206961464705191
2021-09-17 13:30:00,18.66781048,trend_down,0.9653094962875512
2021-09-17 13:45:00,18.85560142,trend_up,0.9096603708933312
2021-09-17 14:00:00,19.16858632,breakout_up,0.5700585041839403
2021-09-17 14:15:00,19.03643714,trend_up,0.9096603708933312
2021-09-17 14:30:00,19.126855,trend_up,0.9096603708933312
2021-09-17 14:45:00,19.0573028,trend_up,0.8964466843873214
2021-09-17 15:00:00,19.11294456,trend_up,0.8491236163364417
2021-09-22 09:45:00,18.77213878,trend_up,0.6433232816460183
2021-09-22 10:00:00,18.79300444,trend_up,0.9096603708933312
2021-09-22 10:15:00,18.779094,trend_up,0.737823825568231
2021-09-22 10:30:00,18.78604922,range,0.4463221082749991
2021-09-22 10:45:00,18.7443179,trend_down,0.9105308622735405
2021-09-22 11:00:00,18.78604922,trend_down,0.855628419547505
2021-09-22 11:15:00,18.779094,trend_down,0.855628419547505
2021-09-22 11:30:00,18.779094,trend_down,0.9162450753751263
2021-09-22 13:15:00,18.77213878,trend_down,0.9162450753751263
2021-09-22 13:30:00,18.7443179,trend_down,0.7075252337545701
2021-09-22 13:45:00,18.90428796,trend_down,0.39385542801168005
2021-09-22 14:00:00,18.79995966,trend_down,0.79441816231226
2021-09-22 14:15:00,18.80691488,trend_down,0.5858872534115398
2021-09-22 14:30:00,19.0573028,range,0.4301539920195922
2021-09-22 14:45:00,18.92515362,range,0.6289200282351567
2021-09-22 15:00:00,18.99470582,trend_up,0.5693234864679636
2021-09-23 09:45:00,18.95992972,trend_up,0.5693234864679636
2021-09-23 10:00:00,19.01557148,trend_up,0.7604757499852173
2021-09-23 10:15:00,19.01557148,trend_up,0.8375576247161503
2021-09-23 10:30:00,18.96688494,range,0.6170851789055269
2021-09-23 10:45:00,18.9529745,range,0.6170851789055269
2021-09-23 11:00:00,18.93210884,range,0.6683038589322503
2021-09-23 11:15:00,18.84169098,range,0.7738946113840957
2021-09-23 11:30:00,18.93210884,range,0.7738946113840957
2021-09-23 13:15:00,18.9181984,range,0.8076301088394207
2021-09-23 13:30:00,18.89733274,range,0.8076301088394207
2021-09-23 13:45:00,18.92515362,range,0.8076301088394207
2021-09-23 14:00:00,18.92515362,range,0.8076301088394207
2021-09-23 14:15:00,18.89733274,range,0.8076301088394207
2021-09-23 14:30:00,18.89733274,range,0.664060939026449
2021-09-23 14:45:00,18.89037752,range,0.8076301088394207
2021-09-23 15:00:00,18.8834223,range,0.7738946113840957
2021-09-24 09:45:00,18.76518356,trend_down,0.5692849961697465
2021-09-24 10:00:00,18.63303438,trend_down,0.6095484159859227
2021-09-24 10:15:00,18.66085526,trend_down,0.6475430874033102
2021-09-24 10:30:00,18.68172092,trend_down,0.871543152426647
2021-09-24 10:45:00,18.69563136,trend_down,0.9136500667948829
2021-09-24 11:00:00,18.7095418,trend_down,0.8835923464260621
2021-09-24 11:15:00,18.7095418,trend_down,0.8835923464260621
2021-09-24 11:30:00,18.7443179,trend_down,0.9735686106763175
2021-09-24 13:15:00,18.71649702,trend_down,0.9735686106763175
2021-09-24 13:30:00,18.71649702,trend_down,0.8835923464260621
2021-09-24 13:45:00,18.69563136,trend_down,0.8859197621083211
2021-09-24 14:00:00,18.69563136,trend_down,0.6615021956795386
2021-09-24 14:15:00,18.70258658,trend_down,0.521171372013667
2021-09-24 14:30:00,18.65390004,trend_down,0.521171372013667
2021-09-24 14:45:00,18.61912394,trend_down,0.5169023169842472
2021-09-24 15:00:00,18.6399896,trend_down,0.6145411507159195
2021-09-27 09:45:00,18.64694482,trend_down,0.6386418743605952
2021-09-27 10:00:00,18.64694482,trend_down,0.650840295581445
2021-09-27 10:15:00,18.73736268,range,0.8391249478557303
2021-09-27 10:30:00,18.70258658,range,0.9018499567326957
2021-09-27 10:45:00,18.73040746,range,0.8966901890453052
2021-09-27 11:00:00,18.75127312,range,0.7968608643409986
2021-09-27 11:15:00,18.82082532,range,0.4128854973257421
2021-09-27 11:30:00,18.75127312,range,0.7209913309476933
2021-09-27 13:15:00,18.76518356,trend_up,0.7254363494265411
2021-09-27 13:30:00,18.62607916,trend_down,0.6317425557088073
2021-09-27 13:45:00,18.59825828,trend_down,0.524978561871328
2021-09-27 14:00:00,18.59130306,trend_down,0.5889860166877823
2021-09-27 14:15:00,18.5704374,trend_down,0.5340572237348082
2021-09-27 14:30:00,18.55652696,trend_down,0.6022225859118586
2021-09-27 14:45:00,18.56348218,trend_down,0.5724831428293697
2021-09-27 15:00:00,18.73040746,range,0.6121192117337858
2021-09-28 09:45:00,18.68172092,trend_up,0.5415660544584266
2021-09-28 10:00:00,18.75822834,trend_up,0.5415660544584266
2021-09-28 10:15:00,19.0920789,trend_up,0.5797425306679072
2021-09-28 10:30:00,19.22422808,trend_up,0.8236009728483051
2021-09-28 10:45:00,19.51634732,breakout_up,0.4452658905757582
2021-09-28 11:00:00,20.19100366,breakout_up,0.4452658905757582
2021-09-28 11:15:00,20.1005858,trend_up,0.9074700472430703
2021-09-28 11:30:00,20.1005858,trend_up,0.921997120537377
2021-09-28 13:15:00,20.2049141,trend_up,0.9074700472430703
2021-09-28 13:30:00,20.21186932,trend_up,0.8948754596526936
2021-09-28 13:45:00,20.21186932,trend_up,0.8948754596526936
2021-09-28 14:00:00,20.18404844,trend_up,0.8003153026697971
2021-09-28 14:15:00,20.19795888,trend_up,0.9230955164120815
2021-09-28 14:30:00,20.0310336,trend_up,0.9742323281814625
2021-09-28 14:45:00,20.1005858,trend_up,0.968840342841616
2021-09-28 15:00:00,20.03798882,trend_up,0.8927407182097999
2021-09-29 09:45:00,20.8308839,trend_up,0.47675406878691773
2021-09-29 10:00:00,20.71264516,trend_up,0.9074700472430703
2021-09-29 10:15:00,20.85870478,trend_up,0.9679556215260039
2021-09-29 10:30:00,20.71960038,trend_up,0.9569306208080132
2021-09-29 10:45:00,20.4831229,trend_up,0.9742323281814625
2021-09-29 11:00:00,20.37183938,trend_up,0.9544574003068366
2021-09-29 11:15:00,20.4135707,trend_up,0.8888063780690166
2021-09-29 11:30:00,20.30228718,trend_up,0.9653094962875512
2021-09-29 13:15:00,20.50398856,trend_up,0.9735686106763175
2021-09-29 13:30:00,20.56658554,trend_up,0.9735686106763175
2021-09-29 13:45:00,20.70568994,trend_up,0.9735686106763175
2021-09-29 14:00:00,20.59440642,trend_up,0.9003869920514468
2021-09-29 14:15:00,20.39270504,trend_up,0.9176443744606801
2021-09-29 14:30:00,20.3440185,trend_up,0.7530322317007375
2021-09-29 14:45:00,20.26055586,trend_up,0.7018222888918412
2021-09-29 15:00:00,20.3092424,range,0.5076080356158018
2021-09-30 09:45:00,20.3092424,trend_up,0.7018222888918412
2021-09-30 10:00:00,20.11449624,trend_up,0.7018222888918412
2021-09-30 10:15:00,20.44139158,trend_up,0.8968908735351956
2021-09-30 10:30:00,20.31619762,trend_up,0.7018222888918412
2021-09-30 10:45:00,20.33010806,range,0.5799617300945734
2021-09-30 11:00:00,20.3440185,range,0.5076080356158018
2021-09-30 11:15:00,20.3092424,range,0.5076080356158018
2021-09-30 11:30:00,20.24664542,range,0.5076080356158018
2021-09-30 13:15:00,20.25360064,range,0.5076080356158018
2021-09-30 13:30:00,20.36488416,trend_up,0.8968908735351956
2021-09-30 13:45:00,20.38574982,trend_up,0.7389997268581178
2021-09-30 14:00:00,20.3440185,trend_up,0.7389997268581178
2021-09-30 14:15:00,20.35097372,trend_up,0.7389997268581178
2021-09-30 14:30:00,20.3787946,trend_up,0.7524824829551136
2021-09-30 14:45:00,20.28837674,range,0.5799617300945734
2021-09-30 15:00:00,20.15622756,range,0.535507961565993
2021-10-08 09:45:00,20.55963032,trend_up,0.7855921764967476
2021-10-08 10:00:00,20.70568994,trend_up,0.8307335650981353
2021-10-08 10:15:00,20.7961078,trend_up,0.8263576867739746
2021-10-08 10:30:00,20.70568994,trend_up,0.9235790161001761
2021-10-08 10:45:00,20.64309296,trend_up,0.9399253461109718
2021-10-08 11:00:00,20.46921246,trend_up,0.9384338008120603
2021-10-08 11:15:00,20.5526751,trend_up,0.9182273385573261
2021-10-08 11:30:00,20.60136164,trend_up,0.9028419690136968
2021-10-08 13:15:00,20.53180944,trend_up,0.74429590927734
2021-10-08 13:30:00,20.3787946,trend_up,0.6491959135829651
2021-10-08 13:45:00,20.21186932,trend_down,0.808111438353901
2021-10-08 14:00:00,20.08667536,trend_down,0.6545042276127951
2021-10-08 14:15:00,20.1005858,range,0.49209851201904514
2021-10-08 14:30:00,20.0310336,trend_down,0.8670970230354
2021-10-08 14:45:00,19.91279486,trend_down,0.9227006380114263
2021-10-08 15:00:00,20.1005858,breakout_down,0.4485226029007164
2021-10-11 09:45:00,20.33010806,reversal,0.6191690191516286
2021-10-11 10:00:00,20.81697346,reversal,0.5051127051775359
2021-10-11 10:15:00,20.95607786,trend_up,0.8491236163364417
2021-10-11 10:30:00,20.95607786,trend_up,0.47945256385452145
2021-10-11 10:45:00,20.87957044,trend_up,0.9567949741861582
2021-10-11 11:00:00,20.9004361,trend_up,0.9741497011086431
2021-10-11 11:15:00,20.96303308,trend_up,0.9281660121740467
2021-10-11 11:30:00,21.0395405,trend_up,0.904808988462874
2021-10-11 13:15:00,21.06736138,trend_up,0.9298877270666909
2021-10-11 13:30:00,21.0047644,trend_up,0.9298877270666909
2021-10-11 13:45:00,20.92825698,trend_up,0.9298877270666909
2021-10-11 14:00:00,20.94216742,trend_up,0.9298877270666909
2021-10-11 14:15:00,21.02563006,trend_up,0.9298877270666909
2021-10-11 14:30:00,21.04649572,trend_up,0.9298877270666909
2021-10-11 14:45:00,21.04649572,trend_up,0.9298877270666909
2021-10-11 15:00:00,20.9699883,trend_up,0.9735686106763175
2021-10-12 09:45:00,21.0395405,trend_up,0.5228881972134845
2021-10-12 10:00:00,20.57354076,trend_down,0.9096603708933312
2021-10-12 10:15:00,20.6222273,trend_down,0.9096603708933312
2021-10-12 10:30:00,20.69873472,trend_down,0.9096603708933312
2021-10-12 10:45:00,20.6917795,trend_down,0.9096603708933312
2021-10-12 11:00:00,20.58049598,trend_down,0.9526892231117793
2021-10-12 11:15:00,20.61527208,trend_down,0.9526892231117793
2021-10-12 11:30:00,20.62918252,trend_down,0.9526892231117793
2021-10-12 13:15:00,20.8308839,trend_down,0.6073029387372603
2021-10-12 13:30:00,20.92825698,trend_up,0.9423709533776204
2021-10-12 13:45:00,21.2481971,trend_up,0.8506477329798154
2021-10-12 14:00:00,21.16473446,trend_up,0.934401781259849
2021-10-12 14:15:00,21.1438688,trend_up,0.8753697464663618
2021-10-12 14:30:00,21.04649572,trend_up,0.8902144987503774
2021-10-12 14:45:00,21.17168968,trend_up,0.8902144987503774
2021-10-12 15:00:00,21.35948062,trend_up,0.9735686106763175
2021-10-13 09:45:00,21.2481971,trend_up,0.9735686106763175
2021-10-13 10:00:00,21.8046147,trend_up,0.5925146604594679
2021-10-13 10:15:00,22.03413696,trend_up,0.6512932984250939
2021-10-13 10:30:00,21.81156992,trend_up,0.6516806989816127
2021-10-13 10:45:00,21.60291332,trend_up,0.9569306208080132
2021-10-13 11:00:00,21.5959581,trend_up,0.9254264981159408
2021-10-13 11:15:00,21.85330124,trend_up,0.9689210597843152
2021-10-13 11:30:00,21.8741669,trend_up,0.9254264981159408
2021-10-13 13:15:00,22.6740172,breakout_up,0.48399826794247963
2021-10-13 13:30:00,22.69488286,trend_up,0.8229286847696428
2021-10-13 13:45:00,22.69488286,trend_up,0.9230955164120815
2021-10-13 14:00:00,22.66010676,trend_up,0.9230955164120815
2021-10-13 14:15:00,22.4653606,trend_up,0.9742323281814625
2021-10-13 14:30:00,22.54186802,trend_up,0.8958711337427966
2021-10-13 14:45:00,22.52100236,trend_up,0.8958711337427966
2021-10-13 15:00:00,22.29843532,trend_up,0.9671310851438669
2021-10-14 09:45:00,22.05500262,trend_up,0.9569493631443057
2021-10-14 10:00:00,22.45840538,trend_up,0.9496354774399214
2021-10-14 10:15:00,22.4653606,trend_up,0.8778388329315164
2021-10-14 10:30:00,22.18019658,trend_up,0.7939991758485883
2021-10-14 10:45:00,22.27061444,trend_up,0.790893365222354
2021-10-14 11:00:00,22.256704,trend_up,0.6910003035373161
2021-10-14 11:15:00,22.09673394,range,0.455445798709778
2021-10-14 11:30:00,22.05500262,range,0.4645701428517306
2021-10-14 13:15:00,22.06195784,range,0.7638272540456548
2021-10-14 13:30:00,22.05500262,range,0.8780163445070504
2021-10-14 13:45:00,22.05500262,range,0.5913082628701426
2021-10-14 14:00:00,22.23583834,range,0.5799617300945734
2021-10-14 14:15:00,22.18019658,range,0.5913082628701426
2021-10-14 14:30:00,22.256704,range,0.5799617300945734
2021-10-14 14:45:00,22.3610323,range,0.7738946113840957
2021-10-14 15:00:00,22.45840538,range,0.47968364054156465
2021-10-15 09:45:00,22.03413696,range,0.7965110756279783
2021-10-15 10:00:00,22.28452488,range,0.7722451375612671
2021-10-15 10:15:00,22.41667406,range,0.7722451375612671
2021-10-15 10:30:00,22.47231582,trend_up,0.5355572095786205
2021-10-15 10:45:00,22.4653606,range,0.7705357985483827
2021-10-15 11:00:00,22.5696889,trend_up,0.5206849434502421
2021-10-15 11:15:00,22.91049468,trend_up,0.8652316665699846
2021-10-15 11:30:00,23.00786776,trend_up,0.8571208867360738
2021-10-15 13:15:00,23.28607656,trend_up,0.7925450076466012
2021-10-15 13:30:00,23.18870348,trend_up,0.6027710931343129
2021-10-15 13:45:00,23.27912134,trend_up,0.7220376403109018
2021-10-15 14:00:00,23.30694222,trend_up,0.7997895977746737
2021-10-15 14:15:00,23.24434524,trend_up,0.9236042312450827
2021-10-15 14:30:00,23.16783782,trend_up,0.9236042312450827
2021-10-15 14:45:00,23.1608826,trend_up,0.8965282913525047
2021-10-15 15:00:00,23.00091254,trend_up,0.9592704627017886
2021-10-18 09:45:00,22.92440512,breakout_up,0.6551120582269909
2021-10-18 10:00:00,22.6392411,trend_down,0.8156601237330515
2021-10-18 10:15:00,22.63228588,trend_down,0.8027671989238353
2021-10-18 10:30:00,22.3958084,trend_down,0.8027671989238353
2021-10-18 10:45:00,22.59055456,trend_down,0.7999342837378464
2021-10-18 11:00:00,22.7435694,trend_down,0.9096603708933312
2021-10-18 11:15:00,22.76443506,trend_up,0.8205066479738508
2021-10-18 11:30:00,22.69488286,range,0.795484194260536
2021-10-18 13:15:00,22.41667406,range,0.5278516112988646
2021-10-18 13:30:00,22.47927104,range,0.5367232051589758
2021-10-18 13:45:00,22.36798752,range,0.6299592696573502
2021-10-18 14:00:00,22.20801746,trend_down,0.8429167736405846
2021-10-18 14:15:00,22.06195784,trend_down,0.5874106158414689
2021-10-18 14:30:00,22.16628614,trend_down,0.5297699603102178
2021-10-18 14:45:00,22.1871518,range,0.4963827801658542
2021-10-18 15:00:00,22.26365922,trend_down,0.7100613190755783
2021-10-19 09:45:00,21.9784952,trend_down,0.7100613190755783
2021-10-19 10:00:00,22.03413696,trend_down,0.7656634859672273
2021-10-19 10:15:00,22.1523757,trend_down,0.8976590831882497
2021-10-19 10:30:00,22.31234576,trend_down,0.8976590831882497
2021-10-19 10:45:00,22.28452488,trend_down,0.7604757499852173
2021-10-19 11:00:00,22.2219279,trend_down,0.7604757499852173
2021-10-19 11:15:00,22.20801746,trend_down,0.5182498481931086
2021-10-19 11:30:00,22.30539054,range,0.7521371808182002
2021-10-19 13:15:00,22.34712186,range,0.7521371808182002
2021-10-19 13:30:00,22.5696889,range,0.7722451375612671
2021-10-19 13:45:00,22.48622626,range,0.6635394563209284
2021-10-19 14:00:00,22.45145016,range,0.8072668076257075
2021-10-19 14:15:00,22.4305845,trend_up,0.5001314029086936
2021-10-19 14:30:00,22.4653606,trend_up,0.5369144893070597
2021-10-19 14:45:00,22.5349128,trend_up,0.5369144893070597
2021-10-19 15:00:00,22.58359934,trend_up,0.5276839773216552
2021-10-20 09:45:00,22.20801746,range,0.6379345134897959
2021-10-20 10:00:00,22.30539054,range,0.5953865301198059
2021-10-20 10:15:00,22.604465,trend_up,0.5324406281685591
2021-10-20 10:30:00,22.7087933,trend_up,0.6066387543398667
2021-10-20 10:45:00,22.952226,trend_up,0.5597684796710953
2021-10-20 11:00:00,23.0565543,trend_up,0.6236417457982187
2021-10-20 11:15:00,23.08437518,trend_up,0.8478879574518877
2021-10-20 11:30:00,23.0565543,trend_up,0.7073558847945542
2021-10-20 13:15:00,23.10524084,trend_up,0.8226829336580879
2021-10-20 13:30:00,23.16783782,trend_up,0.8219355018305541
2021-10-20 13:45:00,23.0913304,trend_up,0.8927407182097999
2021-10-20 14:00:00,22.952226,trend_up,0.9742323281814625
2021-10-20 14:15:00,22.99395732,trend_up,0.9206961464705191
2021-10-20 14:30:00,22.89658424,trend_up,0.8952284811874971
2021-10-20 14:45:00,22.952226,trend_up,0.9187684356464907
2021-10-20 15:00:00,22.96613644,trend_up,0.8952284811874971
2021-10-21 09:45:00,22.8131216,trend_down,0.6073029387372603
2021-10-21 10:00:00,23.08437518,trend_up,0.8156601237330515
2021-10-21 10:15:00,23.34867354,trend_up,0.5231143172792492
2021-10-21 10:30:00,23.10524084,trend_up,0.6423680262598035
2021-10-21 10:45:00,23.32085266,trend_up,0.8204744981771703
2021-10-21 11:00:00,23.23739002,trend_up,0.544319689291165
2021-10-21 11:15:00,23.20956914,trend_up,0.5236131050653243
2021-10-21 11:30:00,23.299987,trend_up,0.5236131050653243
2021-10-21 13:15:00,23.13306172,range,0.7375920861666266
2021-10-21 13:30:00,23.10524084,range,0.8198878479752015
2021-10-21 13:45:00,23.03568864,range,0.9072981748131455
2021-10-21 14:00:00,23.11915128,range,0.8872046872473589
2021-10-21 14:15:00,23.0217782,range,0.9075020440909478
2021-10-21 14:30:00,23.11219606,range,0.8076301088394207
2021-10-21 14:45:00,23.1261065,range,0.8076301088394207
2021-10-21 15:00:00,23.09828562,range,0.907698005859044
2021-10-22 09:45:00,22.86180814,range,0.7965110756279783
2021-10-22 10:00:00,22.5001367,reversal,0.4862656168830315
2021-10-22 10:15:00,22.52100236,trend_down,0.9423709533776204
2021-10-22 10:30:00,22.36798752,trend_down,0.929356564652179
2021-10-22 10:45:00,22.5001367,trend_down,0.9526892231117793
2021-10-22 11:00:00,22.52100236,trend_down,0.8753697464663618
2021-10-22 11:15:00,22.52100236,trend_down,0.8672707799644854
2021-10-22 11:30:00,22.63228588,trend_down,0.8976590831882497
2021-10-22 13:15:00,22.604465,trend_down,0.8123414493055849
2021-10-22 13:30:00,22.48622626,trend_down,0.8123414493055849
2021-10-22 13:45:00,22.43753972,trend_down,0.9206961464705191
2021-10-22 14:00:00,22.41667406,trend_down,0.8820241035008868
2021-10-22 14:15:00,22.31234576,trend_down,0.8226829336580879
2021-10-22 14:30:00,22.38885318,breakout_down,0.5163449890457472
2021-10-22 14:45:00,22.3262562,trend_down,0.9204558658492991
2021-10-22 15:00:00,22.17324136,trend_down,0.967849029882141
2021-10-25 09:45:00,21.99240564,trend_down,0.5267191651833903
2021-10-25 10:00:00,21.8393908,trend_down,0.5379563267041679
2021-10-25 10:15:00,21.81156992,trend_down,0.5387730654631989
2021-10-25 10:30:00,21.8393908,trend_down,0.9230955164120815
2021-10-25 10:45:00,21.82548036,trend_down,0.9206961464705191
2021-10-25 11:00:00,22.09673394,trend_down,0.9647550446694093
2021-10-25 11:15:00,22.52795758,trend_up,0.8204744981771703
2021-10-25 11:30:00,23.06350952,trend_up,0.8204744981771703
2021-10-25 13:15:00,23.52255404,trend_up,0.6286266675237857
2021-10-25 13:30:00,23.51559882,trend_up,0.7520021900993366
2021-10-25 13:45:00,23.4390914,trend_up,0.9569306208080132
2021-10-25 14:00:00,23.48777794,trend_up,0.9182273385573261
2021-10-25 14:15:00,23.60601668,trend_up,0.9182273385573261
2021-10-25 14:30:00,23.6129719,trend_up,0.8895342149017359
2021-10-25 14:45:00,23.57124058,trend_up,0.8895342149017359
2021-10-25 15:00:00,23.59906146,trend_up,0.8895342149017359
2021-10-26 09:45:00,23.5086436,trend_up,0.938106489634533
2021-10-26 10:00:00,23.94682246,trend_up,0.6372585403282438
2021-10-26 10:15:00,23.87031504,trend_up,0.6372585403282437
2021-10-26 10:30:00,23.62688234,trend_up,0.9742323281814625
2021-10-26 10:45:00,23.4043153,trend_up,0.9735686106763175
2021-10-26 11:00:00,23.39736008,trend_up,0.9162450753751263
2021-10-26 11:15:00,23.2652109,trend_down,0.790893365222354
2021-10-26 11:30:00,23.1956587,trend_down,0.6428670560630614
2021-10-26 13:15:00,23.49473316,trend_up,0.8156601237330515
2021-10-26 13:30:00,23.45300184,trend_up,0.9423709533776204
2021-10-26 13:45:00,23.647748,trend_up,0.8156601237330515
2021-10-26 14:00:00,23.52950926,trend_up,0.5126015124029761
2021-10-26 14:15:00,23.4738675,trend_up,0.6080942679989582
2021-10-26 14:30:00,23.5086436,trend_up,0.5114733383376779
2021-10-26 14:45:00,23.2304348,range,0.7587811733891006
2021-10-26 15:00:00,23.04959908,trend_down,0.5950244194958547
2021-10-27 09:45:00,22.45145016,breakout_down,0.7449957086965335
2021-10-27 10:00:00,22.604465,trend_down,0.5693234864679636
2021-10-27 10:15:00,22.69488286,trend_down,0.8976590831882497
2021-10-27 10:30:00,22.63228588,trend_down,0.8672707799644854
2021-10-27 10:45:00,22.59055456,trend_down,0.8672707799644854
2021-10-27 11:00:00,22.43753972,trend_down,0.9470025662049734
2021-10-27 11:15:00,22.59750978,trend_down,0.9687409804976631
2021-10-27 11:30:00,22.61142022,trend_down,0.8955641684077396
2021-10-27 13:15:00,22.38189796,trend_down,0.9683341415728722
2021-10-27 13:30:00,22.3610323,trend_down,0.9329005272206974
2021-10-27 13:45:00,22.4653606,trend_down,0.9687409804976631
2021-10-27 14:00:00,22.45840538,trend_down,0.9687409804976631
2021-10-27 14:15:00,22.21497268,trend_down,0.9358326833673498
2021-10-27 14:30:00,22.20801746,trend_down,0.8958711337427966
2021-10-27 14:45:00,22.37494274,trend_down,0.9687409804976631
2021-10-27 15:00:00,22.36798752,trend_down,0.9687409804976631
2021-10-28 09:45:00,21.9437191,trend_down,0.8227158238709427
2021-10-28 10:00:00,21.68637596,trend_down,0.4839498821261851
2021-10-28 10:15:00,21.5959581,trend_down,0.8958711337427966
2021-10-28 10:30:00,21.4916298,trend_down,0.6435150591680905
2021-10-28 10:45:00,21.2829732,trend_down,0.9261119987479053
2021-10-28 11:00:00,21.6655103,trend_down,0.9696978493388541
2021-10-28 11:15:00,21.54727156,trend_down,0.9230955164120815
2021-10-28 11:30:00,21.6655103,trend_down,0.9230955164120815
2021-10-28 13:15:00,22.0480474,trend_down,0.9448570951446239
2021-10-28 13:30:00,22.31930098,trend_up,0.9526892231117793
2021-10-28 13:45:00,22.8478977,trend_up,0.9327239608453954
2021-10-28 14:00:00,23.32780788,trend_up,0.7744296558678051
2021-10-28 14:15:00,23.50168838,trend_up,0.724539706139011
2021-10-28 14:30:00,23.18870348,trend_up,0.9149683773633934
2021-10-28 14:45:00,23.0217782,trend_up,0.9558414499823895
2021-10-28 15:00:00,22.94527078,trend_up,0.8073184292404629
2021-10-29 09:45:00,22.3610323,trend_up,0.5084507448281362
2021-10-29 10:00:00,22.14542048,trend_down,0.6676344334317177
2021-10-29 10:15:00,22.15933092,trend_up,0.6676344334317177
2021-10-29 10:30:00,21.89503256,trend_down,0.907635003707718
2021-10-29 10:45:00,21.77679382,trend_down,0.7611633949823834
2021-10-29 11:00:00,21.62377898,trend_down,0.772069769738
2021-10-29 11:15:00,21.41512238,trend_down,0.8543645354188791
2021-10-29 11:30:00,21.56813722,trend_down,0.9212211388208612
2021-10-29 13:15:00,21.90198778,trend_down,0.9158152268647679
2021-10-29 13:30:00,22.02718174,trend_down,0.7904472738941067
2021-10-29 13:45:00,22.13151004,range,0.5367232051589758
2021-10-29 14:00:00,21.93676388,trend_down,0.934401781259849
2021-10-29 14:15:00,21.8046147,trend_down,0.934401781259849
2021-10-29 14:30:00,21.79070426,trend_down,0.9029645626213623
2021-10-29 14:45:00,21.88112212,trend_down,0.6826739095759736
2021-10-29 15:00:00,21.908943,trend_down,0.5946728142793603
2021-11-01 09:45:00,23.24434524,trend_up,0.3981116224126416
2021-11-01 10:00:00,23.03568864,trend_up,0.737823825568231
2021-11-01 10:15:00,23.1608826,trend_up,0.7373049382652888
2021-11-01 10:30:00,23.02873342,trend_up,0.8156601237330515
2021-11-01 10:45:00,22.65315154,trend_up,0.8204744981771703
2021-11-01 11:00:00,22.76443506,trend_up,0.9735686106763175
2021-11-01 11:15:00,22.5349128,trend_up,0.9653094962875512
2021-11-01 11:30:00,22.4653606,trend_up,0.8674730476995611
2021-11-01 13:15:00,23.14697216,trend_up,0.9513612180331552
2021-11-01 13:30:00,23.10524084,trend_up,0.8013839006672713
2021-11-01 13:45:00,23.34171832,trend_up,0.850879287182741
2021-11-01 14:00:00,23.4043153,trend_up,0.6703766190715587
2021-11-01 14:15:00,23.42518096,trend_up,0.8986267431189191
2021-11-01 14:30:00,23.41822574,trend_up,0.8965282913525047
2021-11-01 14:45:00,23.31389744,trend_up,0.9236042312450827
2021-11-01 15:00:00,23.14001694,trend_up,0.9013151139342803
2021-11-02 09:45:00,23.6129719,trend_up,0.9630431473640584
2021-11-02 10:00:00,24.87882194,trend_up,0.47065321000974364
2021-11-02 10:15:00,24.77449364,trend_up,0.7437327736490063
2021-11-02 10:30:00,24.691031,trend_up,0.9569306208080132
2021-11-02 10:45:00,24.44064308,trend_up,0.9230955164120815
2021-11-02 11:00:00,24.69798622,trend_up,0.9742323281814625
2021-11-02 11:15:00,24.16243428,trend_up,0.967029182099857
2021-11-02 11:30:00,24.39891176,trend_up,0.9742323281814625
2021-11-02 13:15:00,24.32240434,trend_up,0.9156880955987667
2021-11-02 13:30:00,24.0302851,trend_up,0.9653094962875512
2021-11-02 13:45:00,24.5519266,trend_up,0.9735686106763175
2021-11-02 14:00:00,24.21807604,trend_up,0.9653094962875512
2021-11-02 14:15:00,24.12765818,trend_up,0.8888063780690166
2021-11-02 14:30:00,24.23198648,trend_up,0.9136500667948829
2021-11-02 14:45:00,24.34327,trend_up,0.9136500667948829
2021-11-02 15:00:00,24.46846396,trend_up,0.938040344052919
2021-11-03 09:45:00,24.4128222,trend_up,0.9176443744606801
2021-11-03 10:00:00,24.44064308,trend_up,0.7896851392921523
2021-11-03 10:15:00,24.5867027,trend_up,0.9136500667948829
2021-11-03 10:30:00,24.9692398,trend_up,0.6831340232796929
2021-11-03 10:45:00,25.40741866,trend_up,0.8227087576316556
2021-11-03 11:00:00,25.05270244,trend_up,0.8895342149017359
2021-11-03 11:15:00,25.038792,trend_up,0.7128994785324759
2021-11-03 11:30:00,24.96228458,trend_up,0.7128994785324759
2021-11-03 13:15:00,24.84404584,trend_up,0.7075252337545701
2021-11-03 13:30:00,24.6562549,trend_up,0.8106573326538037
2021-11-03 13:45:00,24.52410572,range,0.685759807008504
2021-11-03 14:00:00,24.46846396,range,0.6356567985997432
2021-11-03 14:15:00,24.61452358,range,0.6356567985997432
2021-11-03 14:30:00,24.70494144,trend_up,0.6359685894540297
2021-11-03 14:45:00,24.60756836,range,0.8766633165993692
2021-11-03 15:00:00,24.47541918,range,0.8766633165993692
2021-11-04 09:45:00,24.59365792,range,0.7198798475350519
2021-11-04 10:00:00,24.7258071,range,0.6356567985997432
2021-11-04 10:15:00,24.39891176,range,0.6289200282351567
2021-11-04 10:30:00,24.53801616,range,0.685759807008504
2021-11-04 10:45:00,24.61452358,range,0.685759807008504
2021-11-04 11:00:00,24.53106094,range,0.8034067673847938
2021-11-04 11:15:00,24.60756836,range,0.6356567985997432
2021-11-04 11:30:00,24.53801616,range,0.8034067673847938
2021-11-04 13:15:00,24.4475983,range,0.8960555700076558
2021-11-04 13:30:00,24.6562549,range,0.5953865301198059
2021-11-04 13:45:00,24.8996876,range,0.6341739504397705
2021-11-04 14:00:00,24.94837414,trend_up,0.7938871089810337
2021-11-04 14:15:00,25.18485162,trend_up,0.6855163924727067
2021-11-04 14:30:00,25.3170008,trend_up,0.7875814921640863
2021-11-04 14:45:00,25.4213291,trend_up,0.8513185342072955
2021-11-04 15:00:00,25.42828432,trend_up,0.8860670408144169
2021-11-05 09:45:00,25.09443376,trend_up,0.9742323281814625
2021-11-05 10:00:00,24.80231452,trend_up,0.9423709533776204
2021-11-05 10:15:00,24.84404584,range,0.6356567985997432
2021-11-05 10:30:00,24.7953593,range,0.685759807008504
2021-11-05 10:45:00,24.77449364,range,0.685759807008504
2021-11-05 11:00:00,24.50324006,trend_down,0.7040978686100972
2021-11-05 11:15:00,24.53801616,trend_down,0.6359685894540297
2021-11-05 11:30:00,24.59365792,range,0.5216441438981175
2021-11-05 13:15:00,24.35718044,range,0.6136967127713002
2021-11-05 13:30:00,24.4823744,trend_down,0.5079855202092495
2021-11-05 13:45:00,24.85795628,range,0.8881710623963003
2021-11-05 14:00:00,24.4823744,breakout_down,0.5795046414089123
2021-11-05 14:15:00,24.5171505,range,0.6098241045594555
2021-11-05 14:30:00,24.1346134,trend_down,0.5133765058118164
2021-11-05 14:45:00,24.68407578,trend_down,0.5133765058118164
2021-11-05 15:00:00,24.34327,trend_down,0.5133765058118164
2021-11-08 09:45:00,23.91204636,reversal,0.726257703186067
2021-11-08 10:00:00,24.1693895,trend_down,0.8649233845393696
2021-11-08 10:15:00,24.60756836,trend_down,0.4958233392120837
2021-11-08 10:30:00,24.67712056,range,0.6049488934198607
2021-11-08 10:45:00,24.6562549,trend_up,0.5356352519973492
2021-11-08 11:00:00,24.39891176,trend_up,0.532727735048976
2021-11-08 11:15:00,24.16243428,range,0.6049488934198607
2021-11-08 11:30:00,24.07897164,range,0.7870762248465117
2021-11-08 13:15:00,24.16243428,range,0.8840769116367145
2021-11-08 13:30:00,24.41977742,trend_down,0.6035789887180524
2021-11-08 13:45:00,24.14156862,trend_down,0.6035789887180524
2021-11-08 14:00:00,24.02332988,trend_down,0.5724497672398727
2021-11-08 14:15:00,23.84249416,trend_down,0.5963359415508259
2021-11-08 14:30:00,23.84944938,trend_down,0.9255911984234733
2021-11-08 14:45:00,24.40586698,range,0.6143170563299377
2021-11-08 15:00:00,24.5519266,range,0.5497928569921552
2021-11-09 09:45:00,25.2126725,trend_up,0.7922107956428383
2021-11-09 10:00:00,25.99165714,trend_up,0.5147083663565003
2021-11-09 10:15:00,25.4561052,trend_up,0.8381086013780703
2021-11-09 10:30:00,25.72735878,trend_up,0.8113479002745343
2021-11-09 10:45:00,26.16553764,trend_up,0.9742323281814625
2021-11-09 11:00:00,25.96383626,trend_up,0.9742323281814625
2021-11-09 11:15:00,25.95688104,trend_up,0.8989257226588602
2021-11-09 11:30:00,25.94992582,trend_up,0.9254264981159408
2021-11-09 13:15:00,25.9081945,trend_up,0.9254264981159408
2021-11-09 13:30:00,26.01947802,trend_up,0.9254264981159408
2021-11-09 13:45:00,25.99861236,trend_up,0.9254264981159408
2021-11-09 14:00:00,25.97079148,trend_up,0.9230955164120815
2021-11-09 14:15:00,26.1168511,trend_up,0.9230955164120815
2021-11-09 14:30:00,26.16553764,trend_up,0.7893644296862882
2021-11-09 14:45:00,26.1516272,trend_up,0.9230955164120815
2021-11-09 15:00:00,26.20031374,trend_up,0.7893644296862882
2021-11-10 09:45:00,25.74822444,trend_up,0.9112393647271799
2021-11-10 10:00:00,25.60912004,trend_up,0.7939991758485883
2021-11-10 10:15:00,25.6299857,trend_down,0.5824918233590364
2021-11-10 10:30:00,25.67867224,range,0.685759807008504
2021-11-10 10:45:00,25.6647618,trend_down,0.5111506662096559
2021-11-10 11:00:00,25.50479174,range,0.6356567985997432
2021-11-10 11:15:00,25.5952096,range,0.8034067673847938
2021-11-10 11:30:00,25.82473186,range,0.6356567985997432
2021-11-10 13:15:00,25.53261262,range,0.5455324485346053
2021-11-10 13:30:00,25.53956784,range,0.6412288529727601
2021-11-10 13:45:00,25.62303048,range,0.8071915136673933
2021-11-10 14:00:00,25.42828432,range,0.8391249478557303
2021-11-10 14:15:00,25.19180684,trend_down,0.752234296406778
2021-11-10 14:30:00,25.3170008,trend_down,0.7551989029526169
2021-11-10 14:45:00,25.42828432,trend_down,0.5126015124029761
2021-11-10 15:00:00,25.39350822,trend_down,0.5126015124029761
2021-11-11 09:45:00,24.60756836,breakout_down,0.4128069220793432
2021-11-11 10:00:00,24.94141892,trend_down,0.737823825568231
2021-11-11 10:15:00,24.85100106,trend_down,0.9096603708933312
2021-11-11 10:30:00,24.8996876,trend_down,0.9096603708933312
2021-11-11 10:45:00,24.60756836,trend_down,0.9096603708933312
2021-11-11 11:00:00,25.01792634,trend_down,0.9470025662049734
2021-11-11 11:15:00,24.95532936,trend_down,0.9526892231117793
2021-11-11 11:30:00,25.37264256,trend_down,0.6073029387372603
2021-11-11 13:15:00,25.40046344,trend_up,0.9096603708933312
2021-11-11 13:30:00,25.23353816,trend_up,0.5963623155074708
2021-11-11 13:45:00,25.038792,trend_up,0.6615824891304735
2021-11-11 14:00:00,25.26831426,trend_up,0.6615824891304735
2021-11-11 14:15:00,25.17094118,range,0.4842447860690605
2021-11-11 14:30:00,25.39350822,range,0.5592954350852848
2021-11-11 14:45:00,25.3517769,range,0.5819078489731289
2021-11-11 15:00:00,25.12225464,range,0.7687647182774826
2021-11-12 09:45:00,25.17094118,range,0.7687647182774826
2021-11-12 10:00:00,25.08052332,range,0.7687647182774826
2021-11-12 10:15:00,25.11529942,range,0.7687647182774826
2021-11-12 10:30:00,25.01097112,range,0.6624344890154342
2021-11-12 10:45:00,24.92055326,trend_down,0.4961353082585501
2021-11-12 11:00:00,25.10138898,range,0.6218767809773312
2021-11-12 11:15:00,25.11529942,range,0.6722832730301287
2021-11-12 11:30:00,25.62303048,range,0.4855944358067844
2021-11-12 13:15:00,25.4213291,trend_up,0.5007353838372653
2021-11-12 13:30:00,25.65085136,trend_up,0.533227573154796
2021-11-12 13:45:00,25.61607526,range,0.5030095503666082
2021-11-12 14:00:00,25.5952096,trend_up,0.5055433521750154
2021-11-12 14:15:00,25.82473186,trend_up,0.6922384174948886
2021-11-12 14:30:00,25.74126922,trend_up,0.5647157557127018
2021-11-12 14:45:00,25.72040356,trend_up,0.881434243854255
2021-11-12 15:00:00,25.53261262,trend_up,0.9013151139342803
2021-11-15 09:45:00,26.07511978,trend_up,0.8998693534072603
2021-11-15 10:00:00,25.86646318,trend_up,0.8884925092008911
2021-11-15 10:15:00,25.68562746,trend_up,0.9079162633781166
2021-11-15 10:30:00,25.84559752,trend_up,0.9098701378212136
2021-11-15 10:45:00,25.88732884,trend_up,0.9259188089160423
2021-11-15 11:00:00,25.9429706,trend_up,0.9259188089160423
2021-11-15 11:15:00,25.9081945,trend_up,0.8244156377849533
2021-11-15 11:30:00,25.734314,trend_up,0.9291891929884301
2021-11-15 13:15:00,25.5952096,range,0.7372292887434525
2021-11-15 13:30:00,25.67171702,range,0.8707257407161615
2021-11-15 13:45:00,25.68562746,range,0.7372292887434525
2021-11-15 14:00:00,25.734314,range,0.7419692446177366
2021-11-15 14:15:00,25.78995576,range,0.8060877553041752
2021-11-15 14:30:00,25.81777664,range,0.5519205313203397
2021-11-15 14:45:00,25.8038662,range,0.5023798007968524
2021-11-15 15:00:00,25.70649312,range,0.9070860827310898
2021-11-16 09:45:00,25.03183678,range,0.4447718368235596
2021-11-16 10:00:00,24.7605832,breakout_down,0.8062073227898946
2021-11-16 10:15:00,24.8996876,trend_down,0.9096603708933312
2021-11-16 10:30:00,24.60756836,trend_down,0.9526892231117793
2021-11-16 10:45:00,24.80926974,trend_down,0.9741497011086431
2021-11-16 11:00:00,24.80926974,trend_down,0.9179802441287964
2021-11-16 11:15:00,24.60061314,trend_down,0.9669242414729065
2021-11-16 11:30:00,24.6562549,trend_down,0.8892108789204528
2021-11-16 13:15:00,24.6562549,trend_down,0.8892108789204528
2021-11-16 13:30:00,24.7953593,trend_down,0.9669242414729065
2021-11-16 13:45:00,24.7605832,trend_down,0.8892108789204528
2021-11-16 14:00:00,24.7605832,trend_down,0.9669242414729065
2021-11-16 14:15:00,24.85795628,trend_down,0.9105308622735405
2021-11-16 14:30:00,24.7258071,trend_down,0.9179802441287964
2021-11-16 14:45:00,24.6214788,trend_down,0.9182273385573261
2021-11-16 15:00:00,24.64929968,trend_down,0.8860670408144169
2021-11-17 09:45:00,24.96228458,trend_up,0.790893365222354
2021-11-17 10:00:00,25.3517769,trend_up,0.9332347807542475
2021-11-17 10:15:00,25.19876206,trend_up,0.9332347807542475
2021-11-17 10:30:00,25.23353816,trend_up,0.635333649758702
2021-11-17 10:45:00,25.734314,trend_up,0.8506477329798156
2021-11-17 11:00:00,25.3170008,trend_up,0.9558414499823895
2021-11-17 11:15:00,25.33786646,trend_up,0.8753697464663618
2021-11-17 11:30:00,25.37264256,trend_up,0.8753697464663618
2021-11-17 13:15:00,25.08747854,trend_up,0.790893365222354
2021-11-17 13:30:00,24.8649115,trend_up,0.8156601237330515
2021-11-17 13:45:00,24.87186672,trend_down,0.8724350267186767
2021-11-17 14:00:00,25.0040159,trend_down,0.8959112403874824
2021-11-17 14:15:00,25.15703074,trend_up,0.790893365222354
2021-11-17 14:30:00,25.24049338,trend_up,0.790893365222354
2021-11-17 14:45:00,25.18485162,range,0.6148610574654111
2021-11-17 15:00:00,25.1083442,range,0.7722451375612671
2021-11-18 09:45:00,25.8734184,range,0.5276718154384146
2021-11-18 10:00:00,25.79691098,trend_up,0.8938647944710887
2021-11-18 10:15:00,25.85255274,trend_up,0.9084394619230581
2021-11-18 10:30:00,25.74126922,trend_up,0.9269118661066968
2021-11-18 10:45:00,25.5952096,trend_up,0.8192822453641552
2021-11-18 11:00:00,25.65085136,trend_up,0.772069769738
2021-11-18 11:15:00,25.60912004,trend_up,0.772069769738
2021-11-18 11:30:00,25.5604335,trend_up,0.8192822453641552
2021-11-18 13:15:00,25.5952096,trend_up,0.8192822453641552
2021-11-18 13:30:00,25.26831426,trend_down,0.4639852444248265
2021-11-18 13:45:00,25.29613514,trend_down,0.7123691467602389
2021-11-18 14:00:00,25.26831426,range,0.6941415031866094
2021-11-18 14:15:00,25.1431203,range,0.49209851201904514
2021-11-18 14:30:00,25.41437388,trend_up,0.5034235427905931
2021-11-18 14:45:00,25.57434394,trend_up,0.9015062663814333
2021-11-18 15:00:00,25.4213291,range,0.6299592696573502
2021-11-19 09:45:00,24.81622496,range,0.6210429185113224
2021-11-19 10:00:00,24.8649115,trend_down,0.5709703325455998
2021-11-19 10:15:00,24.64234446,trend_down,0.7970341358977796
2021-11-19 10:30:00,24.691031,trend_down,0.8310331160655298
2021-11-19 10:45:00,24.5171505,trend_down,0.9735686106763175
2021-11-19 11:00:00,24.48932962,trend_down,0.8857496497524557
2021-11-19 11:15:00,24.43368786,trend_down,0.8842140821798837
2021-11-19 11:30:00,24.43368786,trend_down,0.8833641566586169
2021-11-19 13:15:00,24.45455352,trend_down,0.9156880955987667
2021-11-19 13:30:00,25.0040159,trend_down,0.6073029387372603
2021-11-19 13:45:00,24.8649115,trend_down,0.5645989289760663
2021-11-19 14:00:00,24.8301354,trend_up,0.7876930355509575
2021-11-19 14:15:00,24.92055326,trend_up,0.5754827443311201
2021-11-19 14:30:00,24.95532936,trend_up,0.5754827443311201
2021-11-19 14:45:00,25.038792,trend_up,0.7551989029526169
2021-11-19 15:00:00,24.94141892,trend_up,0.5039668211840818
2021-11-22 09:45:00,24.92750848,trend_up,0.7896842717487778
2021-11-22 10:00:00,24.97619502,trend_up,0.7896842717487778
2021-11-22 10:15:00,24.55888182,range,0.4692524128504331
2021-11-22 10:30:00,24.85100106,range,0.7738946113840957
2021-11-22 10:45:00,24.99706068,range,0.7738946113840957
2021-11-22 11:00:00,25.01097112,range,0.7738946113840957
2021-11-22 11:15:00,24.89273238,range,0.6170851789055269
2021-11-22 11:30:00,24.96228458,range,0.6683038589322503
2021-11-22 13:15:00,25.18485162,range,0.7863367821971079
2021-11-22 13:30:00,25.12920986,range,0.810331639320977
2021-11-22 13:45:00,24.87882194,range,0.8960555700076558
2021-11-22 14:00:00,24.95532936,range,0.8881710623963003
2021-11-22 14:15:00,24.99706068,range,0.8960555700076558
2021-11-22 14:30:00,25.038792,range,0.810331639320977
2021-11-22 14:45:00,25.01792634,range,0.810331639320977
2021-11-22 15:00:00,24.81622496,range,0.8960555700076558
2021-11-23 09:45:00,24.73971754,range,0.5198817745810703
2021-11-23 10:00:00,24.68407578,range,0.5180600844809882
2021-11-23 10:15:00,24.78144886,range,0.516177559255072
2021-11-23 10:30:00,24.67712056,trend_down,0.5068154483143258
2021-11-23 10:45:00,24.80231452,trend_down,0.5643116812574618
2021-11-23 11:00:00,24.76753842,trend_down,0.5068154483143258
2021-11-23 11:15:00,24.7953593,trend_down,0.5068154483143258
2021-11-23 11:30:00,24.7953593,trend_down,0.5068154483143258
2021-11-23 13:15:00,24.7953593,trend_down,0.5934129159037295
2021-11-23 13:30:00,24.8301354,range,0.4868998503079843
2021-11-23 13:45:00,24.77449364,trend_down,0.5516803080540309
2021-11-23 14:00:00,24.78840408,trend_down,0.7532975169369055
2021-11-23 14:15:00,24.85100106,range,0.7493736286740548
2021-11-23 14:30:00,24.80926974,trend_down,0.5175517101619567
2021-11-23 14:45:00,24.8301354,range,0.7669299850682175
2021-11-23 15:00:00,24.84404584,range,0.7669299850682175
2021-11-24 09:45:00,24.69798622,trend_down,0.6573542631442072
2021-11-24 10:00:00,24.71189666,trend_down,0.7223446605489423
2021-11-24 10:15:00,24.61452358,trend_down,0.7223446605489423
2021-11-24 10:30:00,24.52410572,trend_down,0.7223446605489423
2021-11-24 10:45:00,24.55888182,trend_down,0.7325615290221538
2021-11-24 11:00:00,24.47541918,trend_down,0.6795662148642935
2021-11-24 11:15:00,24.46846396,trend_down,0.6749711372741554
2021-11-24 11:30:00,24.45455352,trend_down,0.6749711372741554
2021-11-24 13:15:00,24.4823744,trend_down,0.9230955164120815
2021-11-24 13:30:00,24.5867027,trend_down,0.9212211388208612
2021-11-24 13:45:00,24.61452358,trend_down,0.9735686106763175
2021-11-24 14:00:00,24.55888182,trend_down,0.9230955164120815
2021-11-24 14:15:00,24.67016534,trend_down,0.5963623155074708
2021-11-24 14:30:00,24.66321012,range,0.6241366913594073
2021-11-24 14:45:00,24.57279226,trend_down,0.8452061671728198
2021-11-24 15:00:00,24.53801616,trend_down,0.5906161733765932
2021-11-25 09:45:00,23.84249416,trend_down,0.504032890722713
2021-11-25 10:00:00,23.50168838,trend_down,0.4636947344470649
2021-11-25 10:15:00,24.12070296,trend_down,0.7991902473970328
2021-11-25 10:30:00,24.15547906,trend_down,0.938106489634533
2021-11-25 10:45:00,24.29458346,trend_down,0.9735686106763175
2021-11-25 11:00:00,24.33631478,trend_down,0.9735686106763175
2021-11-25 11:15:00,24.29458346,trend_down,0.855628419547505
2021-11-25 11:30:00,24.21112082,trend_down,0.9661863672976857
2021-11-25 13:15:00,24.0650612,trend_down,0.9569306208080132
2021-11-25 13:30:00,24.33631478,trend_down,0.790893365222354
2021-11-25 13:45:00,24.12070296,trend_down,0.9423709533776204
2021-11-25 14:00:00,24.12070296,trend_down,0.74429590927734
2021-11-25 14:15:00,24.1346134,trend_down,0.74429590927734
2021-11-25 14:30:00,24.12070296,trend_down,0.74429590927734
2021-11-25 14:45:00,24.12765818,trend_down,0.9040128937249435
2021-11-25 15:00:00,24.18329994,trend_down,0.9653094962875512
2021-11-26 09:45:00,24.2389417,trend_down,0.9653094962875512
2021-11-26 10:00:00,24.23198648,trend_down,0.9653094962875512
2021-11-26 10:15:00,24.46846396,trend_down,0.790893365222354
2021-11-26 10:30:00,25.01792634,trend_up,0.8038227130337542
2021-11-26 10:45:00,25.41437388,breakout_up,0.5167288493042703
2021-11-26 11:00:00,25.12920986,trend_up,0.8491236163364417
2021-11-26 11:15:00,25.2474486,trend_up,0.9567949741861582
2021-11-26 11:30:00,25.2474486,trend_up,0.9742323281814625
2021-11-26 13:15:00,25.44219476,trend_up,0.938106489634533
2021-11-26 13:30:00,25.2822247,trend_up,0.9182273385573261
2021-11-26 13:45:00,25.35873212,trend_up,0.8895342149017359
2021-11-26 14:00:00,25.21962772,trend_up,0.9742323281814625
2021-11-26 14:15:00,25.1778964,trend_up,0.9742323281814625
2021-11-26 14:30:00,25.19180684,trend_up,0.9742323281814625
2021-11-26 14:45:00,25.32395602,trend_up,0.8593193599846256
2021-11-26 15:00:00,25.37959778,trend_up,0.8593193599846256
2021-11-29 09:45:00,23.98159856,trend_down,0.711183912472177
2021-11-29 10:00:00,24.19025516,trend_down,0.7454886979526159
2021-11-29 10:15:00,24.07897164,trend_down,0.9526892231117793
2021-11-29 10:30:00,23.79380762,trend_down,0.8609048307728409
2021-11-29 10:45:00,23.68947932,trend_down,0.9206961464705191
2021-11-29 11:00:00,24.53106094,trend_down,0.9735686106763175
2021-11-29 11:15:00,24.43368786,trend_down,0.9671310851438669
2021-11-29 11:30:00,24.5867027,trend_down,0.934401781259849
2021-11-29 13:15:00,24.14852384,trend_down,0.9496354774399215
2021-11-29 13:30:00,24.0302851,trend_down,0.9029645626213623
2021-11-29 13:45:00,24.17634472,trend_down,0.9558414499823894
2021-11-29 14:00:00,24.26676258,trend_down,0.8724350267186767
2021-11-29 14:15:00,24.46150874,trend_down,0.8156601237330515
2021-11-29 14:30:00,24.4823744,trend_down,0.6491959135829651
2021-11-29 14:45:00,24.4823744,range,0.4998880512009192
2021-11-29 15:00:00,24.5519266,range,0.700716910698857
2021-11-30 09:45:00,24.12070296,trend_down,0.47103168417235153
2021-11-30 10:00:00,24.2041656,trend_down,0.533227573154796
2021-11-30 10:15:00,24.59365792,range,0.8034067673847938
2021-11-30 10:30:00,24.56583704,range,0.7722451375612671
2021-11-30 10:45:00,24.3780461,range,0.6412288529727601
2021-11-30 11:00:00,24.60756836,range,0.8071915136673933
2021-11-30 11:15:00,24.53106094,range,0.8780163445070504
2021-11-30 11:30:00,24.5519266,range,0.8780163445070504
2021-11-30 13:15:00,24.4823744,range,0.8780163445070504
2021-11-30 13:30:00,24.53801616,range,0.5913082628701426
2021-11-30 13:45:00,24.64929968,range,0.5913082628701426
2021-11-30 14:00:00,24.51019528,range,0.5913082628701426
2021-11-30 14:15:00,24.40586698,range,0.8780163445070504
2021-11-30 14:30:00,24.39195654,range,0.8780163445070504
2021-11-30 14:45:00,24.4128222,range,0.664060939026449
2021-11-30 15:00:00,24.32935956,trend_down,0.5052698549814015
2021-12-01 09:45:00,23.7868524,trend_down,0.7510177609084836
2021-12-01 10:00:00,23.58515102,trend_down,0.6906376382585764
2021-12-01 10:15:00,23.60601668,trend_down,0.871543152426647
2021-12-01 10:30:00,23.7868524,trend_down,0.9567949741861582
2021-12-01 10:45:00,24.07201642,trend_down,0.9177303842893451
2021-12-01 11:00:00,23.87727026,trend_down,0.9735686106763175
2021-12-01 11:15:00,23.647748,trend_down,0.9735686106763175
2021-12-01 11:30:00,23.67556888,trend_down,0.8750877942147032
2021-12-01 13:15:00,23.6825241,trend_down,0.9487246146283509
2021-12-01 13:30:00,23.71034498,trend_down,0.7122263879303621
2021-12-01 13:45:00,23.7868524,trend_down,0.886942038506704
2021-12-01 14:00:00,23.77294196,trend_down,0.7075252337545701
2021-12-01 14:15:00,23.68947932,trend_down,0.7075252337545701
2021-12-01 14:30:00,23.60601668,trend_down,0.7128994785324759
2021-12-01 14:45:00,23.59210624,trend_down,0.6652049846882311
2021-12-01 15:00:00,23.58515102,trend_down,0.6652049846882311
2021-12-02 09:45:00,23.1956587,breakout_down,0.45860737163370335
2021-12-02 10:00:00,23.0217782,trend_down,0.5285797227738098
2021-12-02 10:15:00,23.11219606,trend_down,0.9741497011086431
2021-12-02 10:30:00,23.0913304,trend_down,0.8958711337427966
2021-12-02 10:45:00,23.00091254,trend_down,0.968840342841616
2021-12-02 11:00:00,22.8131216,trend_down,0.8934068558249054
2021-12-02 11:15:00,22.78530072,trend_down,0.8958711337427966
2021-12-02 11:30:00,22.78530072,trend_down,0.8927407182097999
2021-12-02 13:15:00,22.86876336,trend_down,0.6349470762771685
2021-12-02 13:30:00,22.88962902,trend_down,0.8958711337427966
2021-12-02 13:45:00,22.98004688,trend_down,0.968840342841616
2021-12-02 14:00:00,23.00091254,trend_down,0.9680422957267861
2021-12-02 14:15:00,22.98004688,trend_down,0.9680422957267861
2021-12-02 14:30:00,23.01482298,trend_down,0.863612138995893
2021-12-02 14:45:00,23.66861366,trend_up,0.7310250647575071
2021-12-02 15:00:00,23.59210624,trend_up,0.8204744981771703
2021-12-03 09:45:00,24.00941944,trend_up,0.7349938092554127
2021-12-03 10:00:00,23.7173002,trend_up,0.9096603708933312
2021-12-03 10:15:00,23.6129719,trend_up,0.9526892231117793
2021-12-03 10:30:00,23.48082272,trend_up,0.9526892231117793
2021-12-03 10:45:00,23.4738675,trend_up,0.8737144869452158
2021-12-03 11:00:00,23.7173002,trend_up,0.9526892231117793
2021-12-03 11:15:00,23.84249416,trend_up,0.9053335040930582
2021-12-03 11:30:00,23.65470322,trend_up,0.9526892231117793
2021-12-03 13:15:00,23.58515102,trend_up,0.8964466843873214
2021-12-03 13:30:00,23.647748,trend_up,0.9526892231117793
2021-12-03 13:45:00,23.7173002,trend_up,0.8964466843873214
2021-12-03 14:00:00,23.77294196,trend_up,0.8964466843873214
2021-12-03 14:15:00,23.66861366,trend_up,0.8938647944710887
2021-12-03 14:30:00,23.647748,trend_up,0.808111438353901
2021-12-03 14:45:00,23.73121064,trend_up,0.9096603708933312
2021-12-03 15:00:00,23.64079278,trend_up,0.5182498481931086
2021-12-06 09:45:00,24.05810598,trend_up,0.6272031212932416
2021-12-06 10:00:00,23.98855378,trend_up,0.5355572095786205
2021-12-06 10:15:00,24.11374774,trend_up,0.7029277703122272
2021-12-06 10:30:00,24.5519266,trend_up,0.5688346563513944
2021-12-06 10:45:00,25.8734184,trend_up,0.4450736263702546
2021-12-06 11:00:00,25.12225464,trend_up,0.7991902473970328
2021-12-06 11:15:00,25.76213488,trend_up,0.938106489634533
2021-12-06 11:30:00,25.77604532,trend_up,0.9679556215260039
2021-12-06 13:15:00,25.734314,trend_up,0.9150883377066427
2021-12-06 13:30:00,25.68562746,trend_up,0.9206961464705191
2021-12-06 13:45:00,25.35873212,trend_up,0.9679511336517824
2021-12-06 14:00:00,25.4561052,trend_up,0.9679511336517824
2021-12-06 14:15:00,25.6647618,trend_up,0.9679511336517824
2021-12-06 14:30:00,25.53261262,trend_up,0.8927407182097999
2021-12-06 14:45:00,25.58129916,trend_up,0.9742323281814625
2021-12-06 15:00:00,25.51174696,trend_up,0.9206961464705191
2021-12-07 09:45:00,25.3170008,trend_up,0.9177303842893451
2021-12-07 10:00:00,25.3170008,trend_up,0.9653094962875512
2021-12-07 10:15:00,24.99010546,trend_up,0.8156601237330515
2021-12-07 10:30:00,24.95532936,trend_down,0.6554353925269597
2021-12-07 10:45:00,24.9692398,trend_down,0.6491959135829651
2021-12-07 11:00:00,24.67712056,trend_down,0.8156601237330515
2021-12-07 11:15:00,24.67016534,trend_down,0.8724350267186767
2021-12-07 11:30:00,24.6214788,trend_down,0.8724350267186767
2021-12-07 13:15:00,24.73276232,trend_down,0.9096603708933312
2021-12-07 13:30:00,24.69798622,trend_down,0.808111438353901
2021-12-07 13:45:00,24.67712056,trend_down,0.808111438353901
2021-12-07 14:00:00,24.7258071,trend_down,0.808111438353901
2021-12-07 14:15:00,24.64234446,trend_down,0.8037830379511186
2021-12-07 14:30:00,24.78840408,trend_down,0.9096603708933312
2021-12-07 14:45:00,24.62843402,trend_down,0.9096603708933312
2021-12-07 15:00:00,24.5171505,trend_down,0.5812297646283645
2021-12-08 09:45:00,24.92055326,range,0.636678816530835
2021-12-08 10:00:00,25.32395602,reversal,0.4348863490896934
2021-12-08 10:15:00,25.386553,trend_up,0.8672707799644853
2021-12-08 10:30:00,25.30309036,trend_up,0.6876217229161292
2021-12-08 10:45:00,25.386553,trend_up,0.7083516709142998
2021-12-08 11:00:00,25.37264256,trend_up,0.9206961464705191
2021-12-08 11:15:00,25.41437388,trend_up,0.9230955164120815
2021-12-08 11:30:00,25.4908813,trend_up,0.9230955164120815
2021-12-08 13:15:00,25.72735878,trend_up,0.923679665090039
2021-12-08 13:30:00,25.72040356,trend_up,0.8841362055892334
2021-12-08 13:45:00,25.734314,trend_up,0.9254264981159408
2021-12-08 14:00:00,25.88732884,trend_up,0.892424492056888
2021-12-08 14:15:00,25.88037362,trend_up,0.8927688997878027
2021-12-08 14:30:00,25.82473186,trend_up,0.916153962215693
2021-12-08 14:45:00,25.78300054,trend_up,0.9254264981159408
2021-12-08 15:00:00,25.734314,trend_up,0.9254264981159408
2021-12-09 09:45:00,25.36568734,trend_up,0.7999342837378464
2021-12-09 10:00:00,25.36568734,trend_down,0.7999342837378464
2021-12-09 10:15:00,25.49783652,trend_up,0.7999342837378464
2021-12-09 10:30:00,25.48392608,trend_up,0.532727735048976
2021-12-09 10:45:00,25.34482168,trend_down,0.532727735048976
2021-12-09 11:00:00,25.43523954,range,0.830606635488362
2021-12-09 11:15:00,25.67171702,trend_up,0.5894533561033574
2021-12-09 11:30:00,25.74126922,trend_up,0.8414240059105436
2021-12-09 13:15:00,25.72735878,trend_up,0.5894533561033574
2021-12-09 13:30:00,25.65780658,range,0.5662926162526309
2021-12-09 13:45:00,26.082075,trend_up,0.734013416584494
2021-12-09 14:00:00,26.06120934,trend_up,0.5634423903357022
2021-12-09 14:15:00,25.98470192,trend_up,0.5576116017770798
2021-12-09 14:30:00,25.7690901,trend_up,0.6933285753589431
2021-12-09 14:45:00,25.88037362,trend_up,0.5547125544476372
2021-12-09 15:00:00,25.77604532,range,0.788532315932384
2021-12-10 09:45:00,25.61607526,range,0.8071915136673933
2021-12-10 10:00:00,25.67171702,range,0.8071915136673933
2021-12-10 10:15:00,25.5256574,range,0.8071915136673933
2021-12-10 10:30:00,25.49783652,range,0.8780163445070504
2021-12-10 10:45:00,25.37959778,trend_down,0.5720665698542747
2021-12-10 11:00:00,25.31004558,range,0.5543668809139047
2021-12-10 11:15:00,25.09443376,trend_down,0.5717545879149134
2021-12-10 11:30:00,25.12225464,breakout_down,0.47306557689827305
2021-12-10 13:15:00,25.3170008,trend_down,0.8959112403874824
2021-12-10 13:30:00,25.47001564,trend_down,0.8959112403874824
2021-12-10 13:45:00,25.4908813,trend_down,0.8959112403874824
2021-12-10 14:00:00,25.8038662,reversal,0.5993022966227373
2021-12-10 14:15:00,25.84559752,trend_up,0.8639326827781951
2021-12-10 14:30:00,25.60216482,trend_up,0.9332347807542475
2021-12-10 14:45:00,25.60912004,trend_up,0.6359685894540297
2021-12-10 15:00:00,25.56738872,trend_up,0.5503363746233976
2021-12-13 09:45:00,25.72735878,trend_up,0.5696670757851865
2021-12-13 10:00:00,25.9081945,trend_up,0.576056629080232
2021-12-13 10:15:00,25.63694092,range,0.5198817745810703
2021-12-13 10:30:00,25.734314,trend_up,0.4957159495566245
2021-12-13 10:45:00,25.6995379,trend_up,0.5055433521750154
2021-12-13 11:00:00,25.734314,trend_up,0.4957159495566245
2021-12-13 11:15:00,25.63694092,range,0.8068890267785982
2021-12-13 11:30:00,25.65085136,range,0.7497206378675046
2021-12-13 13:15:00,25.42828432,range,0.8872046872473589
2021-12-13 13:30:00,25.6299857,range,0.7705357985483827
2021-12-13 13:45:00,25.75517966,range,0.7705357985483827
2021-12-13 14:00:00,25.70649312,range,0.6635394563209284
2021-12-13 14:15:00,25.71344834,range,0.503616096073202
2021-12-13 14:30:00,25.79691098,trend_up,0.5001314029086936
2021-12-13 14:45:00,25.78300054,trend_up,0.5570089209018335
2021-12-13 15:00:00,25.68562746,range,0.5647446427071999
2021-12-14 09:45:00,25.4908813,range,0.7870760082735134
2021-12-14 10:00:00,25.36568734,range,0.7812531981621958
2021-12-14 10:15:00,25.2474486,range,0.7705357985483827
2021-12-14 10:30:00,25.33786646,range,0.8862011044689261
2021-12-14 10:45:00,25.57434394,range,0.8862011044689261
2021-12-14 11:00:00,25.68562746,range,0.8862011044689261
2021-12-14 11:15:00,25.71344834,range,0.9090151530166732
2021-12-14 11:30:00,25.83168708,trend_up,0.5014225454719323
2021-12-14 13:15:00,25.85950796,trend_up,0.5022441101331451
2021-12-14 13:30:00,25.96383626,trend_up,0.5550133260186751
2021-12-14 13:45:00,25.92210494,trend_up,0.5125199574153741
2021-12-14 14:00:00,25.8038662,trend_up,0.5068154483143258
2021-12-14 14:15:00,25.72040356,range,0.5223252786344998
2021-12-14 14:30:00,25.8734184,trend_up,0.536754946592297
2021-12-14 14:45:00,25.92210494,trend_up,0.5647392265623256
2021-12-14 15:00:00,25.86646318,trend_up,0.7126098734898108
2021-12-15 09:45:00,25.76213488,trend_up,0.6519587470986764
2021-12-15 10:00:00,25.7690901,trend_up,0.6628559907031637
2021-12-15 10:15:00,25.89428406,trend_up,0.7126098734898108
2021-12-15 10:30:00,25.8386423,trend_up,0.7611910281167402
2021-12-15 10:45:00,25.734314,range,0.7482809570184261
2021-12-15 11:00:00,25.88037362,range,0.7687647182774826
2021-12-15 11:15:00,25.85255274,range,0.8064962037434751
2021-12-15 11:30:00,25.85950796,range,0.6629975606461551
2021-12-15 13:15:00,25.82473186,range,0.8872046872473589
2021-12-15 13:30:00,25.91514972,range,0.5049031794764315
2021-12-15 13:45:00,25.88732884,trend_up,0.5112483857076454
2021-12-15 14:00:00,25.92906016,trend_up,0.500721197466656
2021-12-15 14:15:00,25.84559752,range,0.8068890267785982
2021-12-15 14:30:00,25.72040356,range,0.7953641163337866
2021-12-15 14:45:00,25.57434394,range,0.7882570544014608
2021-12-15 15:00:00,25.57434394,range,0.8881710623963003
2021-12-16 09:45:00,25.76213488,range,0.8872046872473589
2021-12-16 10:00:00,25.6299857,range,0.6101895967861346
2021-12-16 10:15:00,25.68562746,range,0.6077386527835211
2021-12-16 10:30:00,25.62303048,range,0.5142326823164493
2021-12-16 10:45:00,25.46306042,range,0.5142326823164493
2021-12-16 11:00:00,25.4908813,range,0.5569458872641455
2021-12-16 11:15:00,25.50479174,range,0.6025973835262449
2021-12-16 11:30:00,25.65085136,range,0.6025973835262449
2021-12-16 13:15:00,25.68562746,range,0.7314945313294168
2021-12-16 13:30:00,25.7690901,range,0.5497928569921552
2021-12-16 13:45:00,25.85950796,range,0.46486386231556603
2021-12-16 14:00:00,25.84559752,range,0.5559729086162389
2021-12-16 14:15:00,25.8734184,trend_up,0.5660855185483251
2021-12-16 14:30:00,25.9777467,trend_up,0.8368070409688202
2021-12-16 14:45:00,26.12380632,trend_up,0.8774032960218447
2021-12-16 15:00:00,26.36723902,trend_up,0.6372585403282437
2021-12-17 09:45:00,26.62458216,trend_up,0.4636947344470649
2021-12-17 10:00:00,26.19335852,trend_up,0.938106489634533
2021-12-17 10:15:00,25.99165714,trend_up,0.9735686106763175
2021-12-17 10:30:00,25.72040356,trend_up,0.8204744981771703
2021-12-17 10:45:00,25.58129916,trend_down,0.8156601237330515
2021-12-17 11:00:00,25.5256574,trend_down,0.8156601237330515
2021-12-17 11:15:00,25.48392608,trend_down,0.7999342837378464
2021-12-17 11:30:00,25.49783652,trend_down,0.9355279931890701
2021-12-17 13:15:00,25.67171702,trend_down,0.9088717738996209
2021-12-17 13:30:00,25.63694092,trend_down,0.8164731192348211
2021-12-17 13:45:00,25.4561052,trend_down,0.8493096640531225
2021-12-17 14:00:00,25.42828432,trend_down,0.8147582894121508
2021-12-17 14:15:00,25.44914998,trend_down,0.8104930937306075
2021-12-17 14:30:00,25.37264256,trend_down,0.9187684356464907
2021-12-17 14:45:00,25.35873212,trend_down,0.7075252337545701
2021-12-17 15:00:00,25.26135904,trend_down,0.5238483992504306
2021-12-20 09:45:00,24.9692398,breakout_down,0.46882355493513733
2021-12-20 10:00:00,24.97619502,trend_down,0.5322778349129721
2021-12-20 10:15:00,25.1778964,trend_down,0.9647550446694093
2021-12-20 10:30:00,25.28917992,trend_down,0.9319157352306672
2021-12-20 10:45:00,25.10138898,trend_down,0.9647550446694093
2021-12-20 11:00:00,25.1778964,trend_down,0.9637445948107466
2021-12-20 11:15:00,25.21962772,trend_down,0.9716442844366692
2021-12-20 11:30:00,25.19876206,trend_down,0.9716442844366692
2021-12-20 13:15:00,25.386553,trend_up,0.5824918233590364
2021-12-20 13:30:00,25.46306042,trend_up,0.5824918233590364
2021-12-20 13:45:00,25.30309036,trend_up,0.5824918233590364
2021-12-20 14:00:00,25.4908813,range,0.5731823569743637
2021-12-20 14:15:00,25.386553,range,0.5731823569743637
2021-12-20 14:30:00,25.386553,range,0.5731823569743637
2021-12-20 14:45:00,25.038792,trend_down,0.5084792978606634
2021-12-20 15:00:00,25.01792634,trend_down,0.5908897730935443
2021-12-21 09:45:00,24.80231452,trend_down,0.7294152808251672
2021-12-21 10:00:00,24.87186672,trend_down,0.5691573685767216
2021-12-21 10:15:00,24.8649115,trend_down,0.7773152170942038
2021-12-21 10:30:00,24.94837414,trend_down,0.7274146089053374
2021-12-21 10:45:00,24.9692398,trend_down,0.5668873503186098
2021-12-21 11:00:00,25.29613514,range,0.5168886633652346
2021-12-21 11:15:00,25.58129916,range,0.6181897121652762
2021-12-21 11:30:00,25.5952096,trend_up,0.4754034860816299
2021-12-21 13:15:00,25.70649312,trend_up,0.5162777178665723
2021-12-21 13:30:00,25.70649312,trend_up,0.800374021807694
2021-12-21 13:45:00,25.72040356,trend_up,0.7650296528715809
2021-12-21 14:00:00,25.72040356,trend_up,0.7650296528715809
2021-12-21 14:15:00,25.55347828,trend_up,0.8840769116367145
2021-12-21 14:30:00,25.55347828,trend_up,0.8840769116367145
2021-12-21 14:45:00,25.61607526,trend_up,0.9423709533776204
2021-12-21 15:00:00,25.70649312,trend_up,0.8995701894473405
2021-12-22 09:45:00,25.44914998,trend_up,0.8027671989238353
2021-12-22 10:00:00,25.72735878,trend_up,0.812621349618431
2021-12-22 10:15:00,25.734314,trend_up,0.7404646660220476
2021-12-22 10:30:00,25.63694092,trend_up,0.8452061671728198
2021-12-22 10:45:00,25.6647618,trend_up,0.8452061671728198
2021-12-22 11:00:00,25.6995379,trend_up,0.6646317013055155
2021-12-22 11:15:00,25.65780658,trend_up,0.6601022639809804
2021-12-22 11:30:00,25.60912004,range,0.655257203448431
2021-12-22 13:15:00,25.64389614,range,0.5277859471530039
2021-12-22 13:30:00,25.70649312,range,0.5277859471530039
2021-12-22 13:45:00,25.6299857,range,0.8003767725410894
2021-12-22 14:00:00,25.62303048,range,0.8014661181731199
2021-12-22 14:15:00,25.58129916,range,0.907698005859044
2021-12-22 14:30:00,25.53261262,range,0.907698005859044
2021-12-22 14:45:00,25.56738872,range,0.907698005859044
2021-12-22 15:00:00,25.51870218,range,0.907698005859044
2021-12-23 09:45:00,25.28917992,range,0.3541053897599713
2021-12-23 10:00:00,25.35873212,range,0.5118302389815961
2021-12-23 10:15:00,25.58129916,range,0.6289200282351567
2021-12-23 10:30:00,25.53261262,range,0.6289200282351567
2021-12-23 10:45:00,25.35873212,range,0.6289200282351567
2021-12-23 11:00:00,25.53261262,reversal,0.4348863490896934
2021-12-23 11:15:00,25.65085136,reversal,0.4348863490896934
2021-12-23 11:30:00,25.4561052,range,0.5455324485346053
2021-12-23 13:15:00,25.3170008,trend_down,0.8639326827781951
2021-12-23 13:30:00,25.30309036,trend_down,0.6412619597296555
2021-12-23 13:45:00,25.24049338,range,0.4987464144289901
2021-12-23 14:00:00,25.21962772,trend_down,0.5804954938016856
2021-12-23 14:15:00,25.20571728,trend_down,0.5964619998421714
2021-12-23 14:30:00,25.40046344,trend_down,0.5170948782053867
2021-12-23 14:45:00,25.43523954,range,0.5744299068230354
2021-12-23 15:00:00,25.40741866,range,0.8862011044689261
2021-12-24 09:45:00,25.05270244,trend_down,0.5890733023961652
2021-12-24 10:00:00,25.11529942,range,0.49367613118705433
2021-12-24 10:15:00,25.2822247,range,0.7913419492900049
2021-12-24 10:30:00,25.25440382,trend_down,0.7478098839523797
2021-12-24 10:45:00,25.18485162,trend_down,0.6865078632065886
2021-12-24 11:00:00,25.19876206,trend_down,0.5464716757996204
2021-12-24 11:15:00,25.26831426,range,0.6195248642111809
2021-12-24 11:30:00,25.25440382,range,0.763057687308506
2021-12-24 13:15:00,25.1778964,trend_down,0.6055421365915741
2021-12-24 13:30:00,25.26135904,range,0.5802914207063435
2021-12-24 13:45:00,25.3517769,range,0.8064962037434751
2021-12-24 14:00:00,25.3170008,range,0.8064962037434751
2021-12-24 14:15:00,25.34482168,range,0.8064962037434751
2021-12-24 14:30:00,25.72735878,range,0.5215566425289972
2021-12-24 14:45:00,25.67171702,trend_up,0.6740503087427373
2021-12-24 15:00:00,25.50479174,trend_up,0.7458250809582583
2021-12-27 09:45:00,25.44914998,trend_up,0.7428785075558364
2021-12-27 10:00:00,25.39350822,trend_up,0.8414240059105436
2021-12-27 10:15:00,25.3517769,trend_up,0.5894533561033574
2021-12-27 10:30:00,25.2474486,range,0.6299592696573502
2021-12-27 10:45:00,25.24049338,range,0.5016324948275044
2021-12-27 11:00:00,25.1083442,trend_down,0.8722053219439819
2021-12-27 11:15:00,25.02488156,trend_down,0.8361265851275418
2021-12-27 11:30:00,24.8649115,trend_down,0.9252994599362988
2021-12-27 13:15:00,24.83709062,trend_down,0.867818640227669
2021-12-27 13:30:00,24.9344637,trend_down,0.8857496497524557
2021-12-27 13:45:00,25.02488156,trend_down,0.9187684356464907
2021-12-27 14:00:00,24.95532936,trend_down,0.9671310851438669
2021-12-27 14:15:00,24.85795628,trend_down,0.8902144987503774
2021-12-27 14:30:00,24.90664282,trend_down,0.9671310851438669
2021-12-27 14:45:00,24.74667276,trend_down,0.9735686106763175
2021-12-27 15:00:00,24.8301354,trend_down,0.9252994599362988
2021-12-28 09:45:00,24.85795628,trend_down,0.9671310851438669
2021-12-28 10:00:00,25.1778964,range,0.6210429185113224
2021-12-28 10:15:00,25.12225464,range,0.6210429185113224
2021-12-28 10:30:00,24.9344637,trend_down,0.5111506662096559
2021-12-28 10:45:00,25.12920986,range,0.5455324485346053
2021-12-28 11:00:00,24.97619502,trend_down,0.5824918233590364
2021-12-28 11:15:00,24.96228458,trend_down,0.5182498481931086
2021-12-28 11:30:00,25.05270244,range,0.836379350546799
2021-12-28 13:15:00,24.8996876,range,0.5067820346763223
2021-12-28 13:30:00,25.15007552,range,0.836379350546799
2021-12-28 13:45:00,24.8996876,range,0.7738946113840957
2021-12-28 14:00:00,24.8996876,range,0.8076301088394207
2021-12-28 14:15:00,24.97619502,range,0.8105769839318411
2021-12-28 14:30:00,25.21962772,range,0.8071915136673933
2021-12-28 14:45:00,25.18485162,range,0.4701744239248353
2021-12-28 15:00:00,25.09443376,range,0.455445798709778
2021-12-29 09:45:00,25.29613514,range,0.455445798709778
2021-12-29 10:00:00,25.10138898,trend_up,0.808111438353901
2021-12-29 10:15:00,24.96228458,range,0.7587811733891004
2021-12-29 10:30:00,24.99706068,range,0.7587811733891004
2021-12-29 10:45:00,25.038792,range,0.9075020440909478
2021-12-29 11:00:00,25.03183678,range,0.6635394563209284
2021-12-29 11:15:00,24.94141892,trend_down,0.5049421497994605
2021-12-29 11:30:00,24.92750848,trend_down,0.5001314029086936
2021-12-29 13:15:00,24.8649115,trend_down,0.7467088075887622
2021-12-29 13:30:00,24.70494144,trend_down,0.639896237159717
2021-12-29 13:45:00,24.74667276,trend_down,0.5593734999415976
2021-12-29 14:00:00,24.691031,trend_down,0.5786924736745066
2021-12-29 14:15:00,24.77449364,trend_down,0.6646317013055155
2021-12-29 14:30:00,24.75362798,trend_down,0.7161858229067646
2021-12-29 14:45:00,24.691031,trend_down,0.6971402059467267
2021-12-29 15:00:00,24.59365792,trend_down,0.9712730414337395
2021-12-30 09:45:00,24.60061314,trend_down,0.9258786518290969
2021-12-30 10:00:00,24.57279226,trend_down,0.9735686106763175
2021-12-30 10:15:00,24.42673264,trend_down,0.7961094014816702
2021-12-30 10:30:00,24.45455352,trend_down,0.4850766622556711
2021-12-30 10:45:00,24.5519266,trend_down,0.938106489634533
2021-12-30 11:00:00,24.44064308,trend_down,0.9742323281814625
2021-12-30 11:15:00,24.49628484,trend_down,0.9742323281814625
2021-12-30 11:30:00,24.41977742,trend_down,0.927690188616068
2021-12-30 13:15:00,24.73276232,trend_down,0.5529036999713479
2021-12-30 13:30:00,24.52410572,trend_down,0.9423709533776204
2021-12-30 13:45:00,24.77449364,trend_up,0.9096603708933312
2021-12-30 14:00:00,24.5867027,trend_down,0.8156601237330515
2021-12-30 14:15:00,24.53801616,trend_down,0.5529036999713479
2021-12-30 14:30:00,24.71189666,trend_up,0.6073029387372603
2021-12-30 14:45:00,24.57974748,trend_down,0.8156601237330515
2021-12-30 15:00:00,24.56583704,trend_down,0.7224773335313012
2021-12-31 09:45:00,24.3780461,trend_down,0.7273657092766985
2021-12-31 10:00:00,24.31544912,trend_down,0.691764800954411
2021-12-31 10:15:00,24.11374774,trend_down,0.7123348286038822
2021-12-31 10:30:00,23.95377768,trend_down,0.40368746327143085
2021-12-31 10:45:00,24.32240434,trend_down,0.7442668988658746
2021-12-31 11:00:00,24.36413566,range,0.5024058566247694
2021-12-31 11:15:00,24.46150874,range,0.7687647182774826
2021-12-31 11:30:00,24.46150874,range,0.7705357985483827
2021-12-31 13:15:00,24.5867027,range,0.5662926162526309
2021-12-31 13:30:00,24.6214788,range,0.7535994836059334
2021-12-31 13:45:00,24.6562549,trend_up,0.5845824471871091
2021-12-31 14:00:00,24.76753842,trend_up,0.5845824471871091
2021-12-31 14:15:00,24.90664282,trend_up,0.5890733023961652
2021-12-31 14:30:00,24.8996876,trend_up,0.6756800759199255
2021-12-31 14:45:00,24.7605832,range,0.5785881912725127
2021-12-31 15:00:00,24.73971754,trend_up,0.5972235963934063
2022-01-04 09:45:00,24.70494144,trend_up,0.6092126561757367
2022-01-04 10:00:00,24.74667276,range,0.4910342603249249
2022-01-04 10:15:00,24.5867027,range,0.6049488934198607
2022-01-04 10:30:00,24.36413566,trend_down,0.532727735048976
2022-01-04 10:45:00,24.3780461,trend_down,0.8471799711672638
2022-01-04 11:00:00,24.46150874,trend_down,0.8452061671728198
2022-01-04 11:15:00,24.35718044,trend_down,0.878459223905384
2022-01-04 11:30:00,24.31544912,trend_down,0.7226967175805254
2022-01-04 13:15:00,24.34327,trend_down,0.8540433404472647
2022-01-04 13:30:00,24.5519266,trend_down,0.525999895898126
2022-01-04 13:45:00,24.5867027,trend_down,0.5894533561033574
2022-01-04 14:00:00,24.60756836,range,0.7535994836059334
2022-01-04 14:15:00,24.7258071,range,0.5294037623753223
2022-01-04 14:30:00,24.84404584,trend_up,0.6268665679451039
2022-01-04 14:45:00,25.02488156,trend_up,0.5082328022481907
2022-01-04 15:00:00,25.12920986,trend_up,0.9010291752486675
2022-01-05 09:45:00,24.82318018,trend_up,0.8493096640531225
2022-01-05 10:00:00,24.62843402,trend_down,0.45769042081438654
2022-01-05 10:15:00,24.7258071,trend_down,0.45769042081438654
2022-01-05 10:30:00,24.61452358,range,0.455445798709778
2022-01-05 10:45:00,24.5867027,trend_down,0.5783064637189993
2022-01-05 11:00:00,24.53801616,range,0.6356567985997432
2022-01-05 11:15:00,24.52410572,range,0.5011696763574541
2022-01-05 11:30:00,24.5171505,trend_down,0.5626338737677908
2022-01-05 13:15:00,24.40586698,trend_down,0.7075252337545701
2022-01-05 13:30:00,24.37109088,trend_down,0.5626338737677908
2022-01-05 13:45:00,24.28762824,trend_down,0.5902189626508053
2022-01-05 14:00:00,24.81622496,range,0.535507961565993
2022-01-05 14:15:00,24.62843402,range,0.6356567985997432
2022-01-05 14:30:00,24.4475983,trend_down,0.6359685894540297
2022-01-05 14:45:00,24.5171505,trend_down,0.551160654911573
2022-01-05 15:00:00,24.64929968,range,0.7722451375612671
2022-01-06 09:45:00,24.42673264,trend_down,0.6901246879786478
2022-01-06 10:00:00,24.61452358,range,0.5731823569743637
2022-01-06 10:15:00,24.5519266,range,0.8766633165993692
2022-01-06 10:30:00,24.40586698,trend_down,0.6901246879786478
2022-01-06 10:45:00,24.1693895,trend_down,0.7357213068673703
2022-01-06 11:00:00,24.28762824,trend_down,0.6975249768020214
2022-01-06 11:15:00,24.32240434,trend_down,0.7467088075887622
2022-01-06 11:30:00,24.21807604,trend_down,0.5570089209018335
2022-01-06 13:15:00,24.23198648,trend_down,0.5511669813713702
2022-01-06 13:30:00,24.2389417,trend_down,0.5570089209018335
2022-01-06 13:45:00,24.18329994,trend_down,0.5626338737677908
2022-01-06 14:00:00,24.23198648,trend_down,0.5838886751055224
2022-01-06 14:15:00,24.2041656,trend_down,0.5838886751055224
2022-01-06 14:30:00,24.14852384,trend_down,0.5570089209018335
2022-01-06 14:45:00,24.18329994,trend_down,0.5626338737677908
2022-01-06 15:00:00,24.0650612,trend_down,0.6312008606191041
2022-01-07 09:45:00,23.9607329,trend_down,0.6477908628571406
2022-01-07 10:00:00,23.75903152,trend_down,0.6372585403282437
2022-01-07 10:15:00,23.5781958,trend_down,0.4636947344470649
2022-01-07 10:30:00,23.48777794,trend_down,0.5293985367695945
2022-01-07 10:45:00,23.36258398,trend_down,0.5293985367695945
2022-01-07 11:00:00,23.3695392,trend_down,0.5293985367695945
2022-01-07 11:15:00,23.13306172,trend_down,0.5293985367695945
2022-01-07 11:30:00,23.07741996,trend_down,0.5293985367695945
2022-01-07 13:15:00,23.10524084,trend_down,0.938106489634533
2022-01-07 13:30:00,23.30694222,trend_down,0.9742323281814625
2022-01-07 13:45:00,23.35562876,trend_down,0.9206961464705191
2022-01-07 14:00:00,23.3695392,trend_down,0.9679511336517824
2022-01-07 14:15:00,23.5781958,trend_down,0.9569493631443057
2022-01-07 14:30:00,23.6129719,trend_down,0.8952284811874971
2022-01-07 14:45:00,23.55733014,trend_down,0.8952284811874971
2022-01-07 15:00:00,23.51559882,trend_down,0.8754655967026245
2022-01-10 09:45:00,22.85485292,trend_down,0.6398944486877598
2022-01-10 10:00:00,23.01482298,trend_down,0.9569306208080132
2022-01-10 10:15:00,23.00786776,trend_down,0.9075479579203247
2022-01-10 10:30:00,22.97309166,trend_down,0.9508698508057122
2022-01-10 10:45:00,22.952226,trend_down,0.8927407182097999
2022-01-10 11:00:00,22.9174499,trend_down,0.9206961464705191
2022-01-10 11:15:00,22.89658424,trend_down,0.9206961464705191
2022-01-10 11:30:00,22.90353946,trend_down,0.9206961464705191
2022-01-10 13:15:00,22.72965896,trend_down,0.9322810957908073
2022-01-10 13:30:00,22.75052462,trend_down,0.9252994599362988
2022-01-10 13:45:00,22.72270374,trend_down,0.9679511336517824
2022-01-10 14:00:00,22.6740172,trend_down,0.8820241035008868
2022-01-10 14:15:00,22.6392411,trend_down,0.9182273385573261
2022-01-10 14:30:00,22.54186802,trend_down,0.8533842709695522
2022-01-10 14:45:00,22.55577846,trend_down,0.8895342149017359
2022-01-10 15:00:00,22.5696889,trend_down,0.6504743209313293
2022-01-11 09:45:00,22.7783455,trend_down,0.9557253993927181
2022-01-11 10:00:00,22.82703204,trend_down,0.9557253993927181
2022-01-11 10:15:00,22.61142022,trend_down,0.9661863672976857
2022-01-11 10:30:00,22.45145016,trend_down,0.9499801362641012
2022-01-11 10:45:00,22.3610323,trend_down,0.9402116274930893
2022-01-11 11:00:00,22.44449494,trend_down,0.871543152426647
2022-01-11 11:15:00,22.45145016,trend_down,0.8859197621083211
2022-01-11 11:30:00,22.52100236,trend_down,0.9652070575927774
2022-01-11 13:15:00,22.42362928,trend_down,0.9548606543547907
2022-01-11 13:30:00,22.27756966,trend_down,0.9559729022298562
2022-01-11 13:45:00,22.17324136,trend_down,0.5269800926302725
2022-01-11 14:00:00,21.99936086,trend_down,0.966073424863376
2022-01-11 14:15:00,22.04109218,trend_down,0.493864875391554
2022-01-11 14:30:00,22.0132713,trend_down,0.9742323281814625
2022-01-11 14:45:00,21.89503256,trend_down,0.897989906797047
2022-01-11 15:00:00,21.83243558,trend_down,0.6372585403282437
2022-01-12 09:45:00,22.29843532,trend_down,0.9177303842893451
2022-01-12 10:00:00,22.20801746,trend_down,0.9653094962875512
2022-01-12 10:15:00,22.31234576,trend_down,0.9653094962875512
2022-01-12 10:30:00,22.3958084,trend_down,0.7876930355509575
2022-01-12 10:45:00,22.40971884,trend_down,0.5754827443311201
2022-01-12 11:00:00,22.37494274,trend_up,0.6428670560630614
2022-01-12 11:15:00,22.34016664,trend_up,0.6073029387372603
2022-01-12 11:30:00,22.3958084,trend_up,0.8037830379511186
2022-01-12 13:15:00,22.14542048,trend_down,0.8156601237330515
2022-01-12 13:30:00,22.35407708,trend_up,0.45134527247218387
2022-01-12 13:45:00,22.43753972,range,0.5076080356158018
2022-01-12 14:00:00,22.4305845,range,0.7544736893571622
2022-01-12 14:15:00,22.33321142,range,0.5799617300945734
2022-01-12 14:30:00,22.3262562,range,0.7544736893571622
2022-01-12 14:45:00,22.22888312,range,0.7544736893571622
2022-01-12 15:00:00,22.22888312,trend_down,0.5567597230667899
2022-01-13 09:45:00,21.47771936,trend_down,0.8469953437336594
2022-01-13 10:00:00,21.65855508,trend_down,0.8532603527991378
2022-01-13 10:15:00,21.77679382,trend_down,0.9569306208080132
2022-01-13 10:30:00,21.79765948,trend_down,0.9569306208080132
2022-01-13 10:45:00,21.67246552,trend_down,0.9742323281814625
2022-01-13 11:00:00,21.75592816,trend_down,0.966073424863376
2022-01-13 11:15:00,21.55422678,trend_down,0.9742323281814625
2022-01-13 11:30:00,21.54727156,trend_down,0.9156880955987667
2022-01-13 13:15:00,21.42903282,trend_down,0.966073424863376
2022-01-13 13:30:00,21.26906276,trend_down,0.5272643557394641
2022-01-13 13:45:00,21.30383886,trend_down,0.967029182099857
2022-01-13 14:00:00,21.1786449,trend_down,0.5293985367695945
2022-01-13 14:15:00,21.33861496,trend_down,0.938106489634533
2022-01-13 14:30:00,21.20646578,trend_down,0.9742323281814625
2022-01-13 14:45:00,21.31079408,trend_down,0.9742323281814625
2022-01-13 15:00:00,21.2829732,trend_down,0.9182273385573261
2022-01-14 09:45:00,21.33861496,trend_down,0.8212706281870592
2022-01-14 10:00:00,21.37339106,trend_down,0.9557253993927181
2022-01-14 10:15:00,21.46380892,trend_down,0.9557253993927181
2022-01-14 10:30:00,21.4220776,trend_down,0.8920597894315797
2022-01-14 10:45:00,21.3873015,trend_down,0.9162450753751263
2022-01-14 11:00:00,21.40121194,trend_down,0.8920597894315797
2022-01-14 11:15:00,21.33861496,trend_down,0.7075252337545701
2022-01-14 11:30:00,21.2829732,trend_down,0.5902189626508053
2022-01-14 13:15:00,21.37339106,trend_down,0.7023470941254666
2022-01-14 13:30:00,21.3525254,trend_down,0.5838886751055224
2022-01-14 13:45:00,21.37339106,trend_down,0.7023470941254666
2022-01-14 14:00:00,21.35948062,trend_down,0.7075252337545701
2022-01-14 14:15:00,21.32470452,trend_down,0.7075252337545701
2022-01-14 14:30:00,21.24124188,trend_down,0.5808672690341824
2022-01-14 14:45:00,21.22733144,trend_down,0.5872110257917574
2022-01-14 15:00:00,21.25515232,trend_down,0.7026083875862044
2022-01-17 09:45:00,21.60291332,trend_up,0.511233934297758
2022-01-17 10:00:00,21.7350625,trend_up,0.511233934297758
2022-01-17 10:15:00,21.65855508,trend_up,0.6307169833089916
2022-01-17 10:30:00,21.7002864,range,0.5035202058056177
2022-01-17 10:45:00,21.77679382,trend_up,0.9477803656139453
2022-01-17 11:00:00,21.62377898,trend_up,0.9450935403116844
2022-01-17 11:15:00,21.64464464,trend_up,0.8938647944710887
2022-01-17 11:30:00,21.67942074,trend_up,0.8938647944710887
2022-01-17 13:15:00,21.69333118,trend_up,0.8938647944710887
2022-01-17 13:30:00,21.72115206,trend_up,0.8938647944710887
2022-01-17 13:45:00,21.79070426,trend_up,0.9526892231117793
2022-01-17 14:00:00,21.908943,trend_up,0.8625583881230799
2022-01-17 14:15:00,21.8741669,trend_up,0.9075095702894851
2022-01-17 14:30:00,21.91589822,trend_up,0.9460652390401708
2022-01-17 14:45:00,21.88807734,trend_up,0.9460652390401708
2022-01-17 15:00:00,21.79070426,trend_up,0.9460652390401708
2022-01-18 09:45:00,21.69333118,breakout_up,0.5704331135992446
2022-01-18 10:00:00,21.84634602,trend_up,0.8993481562721959
2022-01-18 10:15:00,21.7002864,trend_down,0.5255368726491012
2022-01-18 10:30:00,21.4916298,trend_down,0.44258257630733017
2022-01-18 10:45:00,21.3177493,trend_down,0.8808754331114961
2022-01-18 11:00:00,21.47771936,trend_down,0.7487028855071993
2022-01-18 11:15:00,21.79070426,trend_down,0.6032138335566802
2022-01-18 11:30:00,21.78374904,range,0.5521940070910744
2022-01-18 13:15:00,21.62377898,range,0.6181897121652762
2022-01-18 13:30:00,21.60986854,range,0.4962490207082196
2022-01-18 13:45:00,21.63768942,trend_down,0.5142803300338894
2022-01-18 14:00:00,21.58900288,trend_down,0.5659424405180492
2022-01-18 14:15:00,21.561182,trend_down,0.5956707526178575
2022-01-18 14:30:00,21.60291332,trend_down,0.8029122368642263
2022-01-18 14:45:00,21.58900288,trend_down,0.8029122368642263
2022-01-18 15:00:00,21.6307342,trend_down,0.7137135907345468
2022-01-19 09:45:00,21.46380892,trend_down,0.7515552165366696
2022-01-19 10:00:00,21.5959581,range,0.5198817745810703
2022-01-19 10:15:00,21.53336112,trend_down,0.4957159495566245
2022-01-19 10:30:00,21.6307342,range,0.7851479446904522
2022-01-19 10:45:00,21.67246552,range,0.9091523182718814
2022-01-19 11:00:00,21.67942074,range,0.9091523182718814
2022-01-19 11:15:00,21.64464464,range,0.8072668076257075
2022-01-19 11:30:00,21.63768942,range,0.6340762323724056
2022-01-19 13:15:00,21.64464464,range,0.6679497269299622
2022-01-19 13:30:00,21.72115206,trend_up,0.5126015124029761
2022-01-19 13:45:00,21.63768942,trend_up,0.5126015124029761
2022-01-19 14:00:00,21.62377898,range,0.8071915136673933
2022-01-19 14:15:00,21.62377898,range,0.6552838133061639
2022-01-19 14:30:00,21.64464464,range,0.8891015305300419
2022-01-19 14:45:00,21.69333118,range,0.8891015305300419
2022-01-19 15:00:00,21.67246552,range,0.8891015305300419
2022-01-20 09:45:00,21.81156992,reversal,0.4294407346396299
2022-01-20 10:00:00,21.62377898,range,0.5455324485346053
2022-01-20 10:15:00,21.58204766,range,0.685759807008504
2022-01-20 10:30:00,21.58900288,trend_down,0.846839002421509
2022-01-20 10:45:00,21.4568537,trend_down,0.7805992926252457
2022-01-20 11:00:00,21.5264059,trend_down,0.6666206856952807
2022-01-20 11:15:00,21.54727156,trend_down,0.5319171030298384
2022-01-20 11:30:00,21.58900288,trend_down,0.562760449523541
2022-01-20 13:15:00,21.30383886,trend_down,0.796183722986029
2022-01-20 13:30:00,21.26210754,trend_down,0.8003884754585905
2022-01-20 13:45:00,21.25515232,trend_down,0.4455069497924498
2022-01-20 14:00:00,21.16473446,trend_down,0.4822741684816868
2022-01-20 14:15:00,20.9699883,breakout_down,0.48909477186817496
2022-01-20 14:30:00,20.9352122,trend_down,0.4850766622556711
2022-01-20 14:45:00,21.30383886,trend_down,0.9177303842893451
2022-01-20 15:00:00,21.69333118,reversal,0.51737757908519
2022-01-21 09:45:00,21.6655103,trend_up,0.5133765058118164
2022-01-21 10:00:00,21.51249546,trend_up,0.5133765058118164
2022-01-21 10:15:00,21.4568537,trend_up,0.6073029387372603
2022-01-21 10:30:00,21.11604792,trend_down,0.9423709533776204
2022-01-21 10:45:00,21.1438688,trend_down,0.8579988030727093
2022-01-21 11:00:00,21.20646578,trend_down,0.8737144869452158
2022-01-21 11:15:00,21.16473446,trend_down,0.9366146637350224
2022-01-21 11:30:00,21.41512238,range,0.795484194260536
2022-01-21 13:15:00,21.25515232,range,0.6241366913594073
2022-01-21 13:30:00,21.41512238,range,0.8752594922767772
2022-01-21 13:45:00,21.26906276,range,0.7521371808182002
2022-01-21 14:00:00,21.29688364,trend_down,0.5079855202092495
2022-01-21 14:15:00,21.51945068,range,0.8034067673847938
2022-01-21 14:30:00,21.5959581,range,0.7587811733891006
2022-01-21 14:45:00,21.40121194,range,0.8034067673847938
2022-01-21 15:00:00,21.33861496,range,0.8034067673847938
2022-01-24 09:45:00,21.3525254,range,0.8034067673847938
2022-01-24 10:00:00,21.11604792,trend_down,0.6981159566911367
2022-01-24 10:15:00,21.22733144,trend_down,0.6307169833089916
2022-01-24 10:30:00,21.213421,trend_down,0.6933285753589431
2022-01-24 10:45:00,21.26210754,trend_down,0.5489121589774295
2022-01-24 11:00:00,21.26906276,trend_down,0.5547125544476372
2022-01-24 11:15:00,21.26210754,trend_down,0.5547125544476372
2022-01-24 11:30:00,21.26210754,trend_down,0.5808672690341824
2022-01-24 13:15:00,21.31079408,range,0.8780163445070504
2022-01-24 13:30:00,21.20646578,trend_down,0.574510135140178
2022-01-24 13:45:00,21.12995836,trend_down,0.6300146308119627
2022-01-24 14:00:00,21.0047644,trend_down,0.6351411832552039
2022-01-24 14:15:00,21.01171962,trend_down,0.5487080088758999
2022-01-24 14:30:00,21.11604792,trend_down,0.6646317013055155
2022-01-24 14:45:00,20.94912264,trend_down,0.8537198224700129
2022-01-24 15:00:00,20.81697346,trend_down,0.7407263391891986
2022-01-25 09:45:00,21.24124188,trend_down,0.43876594482446585
2022-01-25 10:00:00,21.2829732,range,0.5367232051589758
2022-01-25 10:15:00,21.16473446,range,0.5367232051589758
2022-01-25 10:30:00,21.05345094,trend_down,0.8414240059105436
2022-01-25 10:45:00,21.04649572,trend_down,0.6412619597296555
2022-01-25 11:00:00,21.1090927,range,0.7995050735526689
2022-01-25 11:15:00,21.18560012,range,0.7535994836059334
2022-01-25 11:30:00,21.213421,range,0.8752594922767772
2022-01-25 13:15:00,21.15082402,range,0.8752594922767772
2022-01-25 13:30:00,21.26906276,range,0.7535994836059334
2022-01-25 13:45:00,21.17168968,range,0.8752594922767772
2022-01-25 14:00:00,21.1438688,range,0.5662926162526309
2022-01-25 14:15:00,21.18560012,range,0.8752594922767772
2022-01-25 14:30:00,21.1438688,range,0.7497206378675046
2022-01-25 14:45:00,21.09518226,trend_down,0.5079855202092495
2022-01-25 15:00:00,20.9004361,trend_down,0.7467088075887622
2022-01-26 09:45:00,21.05345094,trend_down,0.6410205242150055
2022-01-26 10:00:00,20.96303308,trend_down,0.6981159566911366
2022-01-26 10:15:00,21.10213748,trend_down,0.7023470941254666
2022-01-26 10:30:00,21.10213748,trend_down,0.5145769405993377
2022-01-26 10:45:00,21.10213748,range,0.7677607354609383
2022-01-26 11:00:00,21.25515232,range,0.7587811733891006
2022-01-26 11:15:00,21.28992842,range,0.7497206378675046
2022-01-26 11:30:00,21.23428666,range,0.7497206378675046
2022-01-26 13:15:00,21.1438688,range,0.7995050735526689
2022-01-26 13:30:00,21.19255534,range,0.8872046872473589
2022-01-26 13:45:00,21.33165974,range,0.4463221082749991
2022-01-26 14:00:00,21.54727156,range,0.5966466677616283
2022-01-26 14:15:00,21.67942074,breakout_up,0.5259154554027798
2022-01-26 14:30:00,21.908943,trend_up,0.504032890722713
2022-01-26 14:45:00,21.908943,trend_up,0.504032890722713
2022-01-26 15:00:00,21.8741669,trend_up,0.8883657240708963
2022-01-27 09:45:00,22.5696889,trend_up,0.493864875391554
2022-01-27 10:00:00,22.40276362,trend_up,0.5293985367695945
2022-01-27 10:15:00,22.3262562,trend_up,0.938106489634533
2022-01-27 10:30:00,22.28452488,trend_up,0.9742323281814625
2022-01-27 10:45:00,22.11064438,trend_up,0.9742323281814625
2022-01-27 11:00:00,22.02022652,trend_up,0.8902144987503774
2022-01-27 11:15:00,22.29843532,trend_up,0.9742323281814625
2022-01-27 11:30:00,22.2219279,trend_up,0.9206961464705191
2022-01-27 13:15:00,22.02718174,trend_up,0.9735686106763175
2022-01-27 13:30:00,22.03413696,trend_up,0.9653094962875512
2022-01-27 13:45:00,22.09673394,trend_up,0.9735686106763175
2022-01-27 14:00:00,21.91589822,trend_up,0.8156601237330515
2022-01-27 14:15:00,21.908943,trend_up,0.5824918233590364
2022-01-27 14:30:00,21.88112212,trend_up,0.790893365222354
2022-01-27 14:45:00,21.908943,trend_down,0.5693234864679636
2022-01-27 15:00:00,22.03413696,trend_up,0.5824918233590364
2022-01-28 09:45:00,21.77679382,trend_down,0.5693234864679636
2022-01-28 10:00:00,21.78374904,trend_down,0.5894533561033574
2022-01-28 10:15:00,21.74201772,trend_down,0.7970122181324113
2022-01-28 10:30:00,21.99936086,trend_up,0.7970122181324113
2022-01-28 10:45:00,22.1523757,trend_up,0.8036700552552861
2022-01-28 11:00:00,22.34016664,trend_up,0.83445980475675
2022-01-28 11:15:00,22.44449494,trend_up,0.6614523778828112
2022-01-28 11:30:00,22.5001367,trend_up,0.8778575576386534
2022-01-28 13:15:00,22.61837544,trend_up,0.9200885647871393
2022-01-28 13:30:00,22.7435694,trend_up,0.9578115151458179
2022-01-28 13:45:00,23.1608826,trend_up,0.493864875391554
2022-01-28 14:00:00,23.20261392,trend_up,0.493864875391554
2022-01-28 14:15:00,23.07046474,trend_up,0.938106489634533
2022-01-28 14:30:00,23.00091254,trend_up,0.9742323281814625
2022-01-28 14:45:00,22.5696889,trend_up,0.9735686106763175
2022-01-28 15:00:00,22.47927104,trend_up,0.9423709533776204
2022-02-07 09:45:00,22.8826738,trend_up,0.9505140032602494
2022-02-07 10:00:00,22.64619632,trend_up,0.7970122181324113
2022-02-07 10:15:00,22.23583834,trend_up,0.7970122181324113
2022-02-07 10:30:00,22.256704,trend_down,0.5963623155074708
2022-02-07 10:45:00,22.31930098,trend_down,0.5963623155074708
2022-02-07 11:00:00,22.79225594,trend_up,0.8156601237330515
2022-02-07 11:15:00,23.11219606,trend_up,0.9332347807542475
2022-02-07 11:30:00,23.02873342,trend_up,0.8747281281567539
2022-02-07 13:15:00,22.97309166,trend_up,0.8639326827781951
2022-02-07 13:30:00,23.07046474,trend_up,0.8892108789204528
2022-02-07 13:45:00,23.02873342,trend_up,0.8101823525557476
2022-02-07 14:00:00,22.97309166,trend_up,0.8101823525557476
2022-02-07 14:15:00,23.01482298,trend_up,0.8061339348240945
2022-02-07 14:30:00,22.97309166,trend_up,0.7585322054351483
2022-02-07 14:45:00,22.6740172,trend_down,0.45769042081438654
2022-02-07 15:00:00,22.604465,range,0.4998880512009192
2022-02-08 09:45:00,22.27756966,reversal,0.4869824204616581
2022-02-08 10:00:00,22.24974878,range,0.5731823569743637
2022-02-08 10:15:00,22.1523757,trend_down,0.8724350267186767
2022-02-08 10:30:00,22.14542048,trend_down,0.5858872534115398
2022-02-08 10:45:00,21.99240564,trend_down,0.5856857082310002
2022-02-08 11:00:00,21.9784952,trend_down,0.8612691837992035
2022-02-08 11:15:00,21.79765948,trend_down,0.929356564652179
2022-02-08 11:30:00,21.8741669,trend_down,0.7926534280397375
2022-02-08 13:15:00,22.06195784,trend_down,0.9096603708933312
2022-02-08 13:30:00,22.23583834,trend_down,0.9096603708933312
2022-02-08 13:45:00,22.26365922,trend_down,0.72875264539322
2022-02-08 14:00:00,22.24974878,trend_down,0.8959112403874824
2022-02-08 14:15:00,22.1871518,trend_down,0.7604757499852173
2022-02-08 14:30:00,22.03413696,trend_down,0.9096603708933312
2022-02-08 14:45:00,21.99936086,trend_down,0.6359685894540297
2022-02-08 15:00:00,22.06195784,trend_down,0.8263453389482319
2022-02-09 09:45:00,22.18019658,trend_up,0.5367166107313713
2022-02-09 10:00:00,22.1175996,trend_down,0.52948686991717
2022-02-09 10:15:00,21.98545042,trend_down,0.7849194707609768
2022-02-09 10:30:00,22.03413696,trend_down,0.5182498481931086
2022-02-09 10:45:00,22.11064438,range,0.6900963490162731
2022-02-09 11:00:00,21.95762954,range,0.6263564293582183
2022-02-09 11:15:00,21.95067432,trend_down,0.5043631180588056
2022-02-09 11:30:00,21.908943,trend_down,0.5576116017770798
2022-02-09 13:15:00,21.908943,trend_down,0.6981159566911366
2022-02-09 13:30:00,21.9784952,trend_down,0.52948686991717
2022-02-09 13:45:00,21.97153998,range,0.6766347856649815
2022-02-09 14:00:00,22.02718174,range,0.8231495188972847
2022-02-09 14:15:00,22.10368916,range,0.6635394563209284
2022-02-09 14:30:00,22.03413696,range,0.8072668076257075
2022-02-09 14:45:00,21.98545042,range,0.8072668076257075
2022-02-09 15:00:00,21.98545042,range,0.6679497269299622
2022-02-10 09:45:00,22.0480474,range,0.7851479446904522
2022-02-10 10:00:00,21.95762954,range,0.6307382521208832
2022-02-10 10:15:00,21.9437191,range,0.6307382521208832
2022-02-10 10:30:00,22.12455482,range,0.7826346264475538
2022-02-10 10:45:00,22.04109218,range,0.8095349036905007
2022-02-10 11:00:00,22.16628614,range,0.6289806507036746
2022-02-10 11:15:00,22.1871518,range,0.628770602114582
2022-02-10 11:30:00,22.17324136,range,0.6663871498291097
2022-02-10 13:15:00,22.256704,range,0.7650296528715808
2022-02-10 13:30:00,22.3958084,trend_up,0.5904012206453156
2022-02-10 13:45:00,22.604465,trend_up,0.6356700735736905
2022-02-10 14:00:00,22.6740172,trend_up,0.4636947344470649
2022-02-10 14:15:00,22.70183808,trend_up,0.9569306208080132
2022-02-10 14:30:00,22.61837544,trend_up,0.9742323281814625
2022-02-10 14:45:00,22.62533066,trend_up,0.927690188616068
2022-02-10 15:00:00,22.6392411,trend_up,0.8948754596526936
2022-02-11 09:45:00,22.62533066,trend_up,0.6360119376126652
2022-02-11 10:00:00,22.93831556,trend_up,0.8698784144132509
2022-02-11 10:15:00,23.0565543,trend_up,0.6372585403282437
2022-02-11 10:30:00,22.82007682,trend_up,0.9742323281814625
2022-02-11 10:45:00,22.84094248,trend_up,0.9019048519618212
2022-02-11 11:00:00,22.65315154,trend_up,0.9592704627017886
2022-02-11 11:15:00,22.6740172,trend_up,0.9013151139342803
2022-02-11 11:30:00,22.63228588,trend_down,0.7050507489841378
2022-02-11 13:15:00,22.58359934,trend_down,0.7050507489841378
2022-02-11 13:30:00,22.50709192,trend_down,0.6073029387372603
2022-02-11 13:45:00,22.43753972,trend_down,0.6073029387372603
2022-02-11 14:00:00,22.77139028,trend_up,0.5894533561033574
2022-02-11 14:15:00,22.75052462,trend_up,0.5894533561033574
2022-02-11 14:30:00,22.61837544,range,0.5367232051589758
2022-02-11 14:45:00,22.61142022,range,0.7535994836059334
2022-02-11 15:00:00,22.69488286,trend_up,0.6518016609119309
2022-02-14 09:45:00,22.0480474,breakout_down,0.5016239296063428
2022-02-14 10:00:00,22.07586828,trend_down,0.6365404650970404
2022-02-14 10:15:00,21.9784952,trend_down,0.9096603708933312
2022-02-14 10:30:00,22.00631608,trend_down,0.808111438353901
2022-02-14 10:45:00,22.02718174,trend_down,0.9000918545670356
2022-02-14 11:00:00,22.02718174,trend_down,0.9742323281814625
2022-02-14 11:15:00,21.97153998,trend_down,0.88625147446568
2022-02-14 11:30:00,21.9437191,trend_down,0.88625147446568
2022-02-14 13:15:00,21.88112212,trend_down,0.8483113206688474
2022-02-14 13:30:00,21.95762954,trend_down,0.966073424863376
2022-02-14 13:45:00,21.92980866,trend_down,0.9638711534921919
2022-02-14 14:00:00,21.91589822,trend_down,0.88625147446568
2022-02-14 14:15:00,21.88807734,trend_down,0.88625147446568
2022-02-14 14:30:00,21.88807734,trend_down,0.9156880955987667
2022-02-14 14:45:00,21.92285344,trend_down,0.5023018507366932
2022-02-14 15:00:00,22.24279356,trend_up,0.7275557528240248
2022-02-15 09:45:00,22.34016664,trend_down,0.5366100519903155
2022-02-15 10:00:00,23.299987,trend_up,0.7373206742879431
2022-02-15 10:15:00,23.49473316,trend_up,0.7922654191810825
2022-02-15 10:30:00,23.93291202,trend_up,0.48210764873326295
2022-02-15 10:45:00,24.0998373,trend_up,0.48210764873326295
2022-02-15 11:00:00,23.995509,trend_up,0.9074700472430703
2022-02-15 11:15:00,23.73816586,trend_up,0.9679556215260039
2022-02-15 11:30:00,23.7520763,trend_up,0.9182273385573261
2022-02-15 13:15:00,23.79380762,trend_up,0.9182273385573261
2022-02-15 13:30:00,23.88422548,trend_up,0.8895342149017359
2022-02-15 13:45:00,23.91900158,trend_up,0.9182273385573261
2022-02-15 14:00:00,23.88422548,trend_up,0.9182273385573261
2022-02-15 14:15:00,23.9259568,trend_up,0.9182273385573261
2022-02-15 14:30:00,23.9259568,trend_up,0.9182273385573261
2022-02-15 14:45:00,23.87727026,trend_up,0.9742323281814625
2022-02-15 15:00:00,23.7520763,trend_up,0.8920597894315797
2022-02-16 09:45:00,23.94682246,trend_up,0.9735686106763175
2022-02-16 10:00:00,23.98159856,trend_up,0.9162450753751263
2022-02-16 10:15:00,23.76598674,trend_up,0.9653094962875512
2022-02-16 10:30:00,23.70338976,trend_up,0.9653094962875512
2022-02-16 10:45:00,23.9259568,trend_up,0.9735686106763175
2022-02-16 11:00:00,23.77989718,trend_up,0.8515062925947642
2022-02-16 11:15:00,23.8911807,trend_up,0.7026083875862044
2022-02-16 11:30:00,23.84944938,trend_up,0.7026083875862044
2022-02-16 13:15:00,23.97464334,trend_up,0.7524824829551136
2022-02-16 13:30:00,23.90509114,trend_up,0.757483659280673
2022-02-16 13:45:00,23.94682246,trend_up,0.5838886751055224
2022-02-16 14:00:00,23.98855378,trend_up,0.5570089209018335
2022-02-16 14:15:00,23.90509114,trend_up,0.5570089209018335
2022-02-16 14:30:00,23.995509,trend_up,0.5446987918153918
2022-02-16 14:45:00,23.995509,trend_up,0.5767630291526711
2022-02-16 15:00:00,23.94682246,trend_up,0.5703761822241
2022-02-17 09:45:00,23.96768812,trend_up,0.7080317345949005
2022-02-17 10:00:00,24.10679252,trend_up,0.7080317345949005
2022-02-17 10:15:00,24.19721038,trend_up,0.9076777059191607
2022-02-17 10:30:00,24.17634472,trend_up,0.913210072468972
2022-02-17 10:45:00,24.08592686,trend_up,0.9653094962875512
2022-02-17 11:00:00,24.0998373,trend_up,0.863612138995893
2022-02-17 11:15:00,24.12070296,trend_up,0.863612138995893
2022-02-17 11:30:00,24.17634472,trend_up,0.8934098402710774
2022-02-17 13:15:00,24.0650612,trend_up,0.5526002598917497
2022-02-17 13:30:00,23.91204636,range,0.8559391462599245
2022-02-17 13:45:00,23.91204636,range,0.7944082812778827
2022-02-17 14:00:00,24.12070296,range,0.6263314328608072
2022-02-17 14:15:00,24.01637466,range,0.8559391462599245
2022-02-17 14:30:00,23.93291202,range,0.9090151530166732
2022-02-17 14:45:00,24.12070296,range,0.7851479446904522
2022-02-17 15:00:00,24.0650612,range,0.5198817745810703
2022-02-18 09:45:00,23.5781958,range,0.5966466677616283
2022-02-18 10:00:00,23.5434197,range,0.7705357985483827
2022-02-18 10:15:00,23.63383756,range,0.5315109158384542
2022-02-18 10:30:00,23.60601668,range,0.7482809570184261
2022-02-18 10:45:00,23.72425542,trend_down,0.5845824471871091
2022-02-18 11:00:00,23.64079278,trend_down,0.5239737120696346
2022-02-18 11:15:00,23.5434197,trend_down,0.8123414493055849
2022-02-18 11:30:00,23.62688234,trend_down,0.8123414493055849
2022-02-18 13:15:00,23.48082272,trend_down,0.808111438353901
2022-02-18 13:30:00,23.4390914,trend_down,0.6779145173050262
2022-02-18 13:45:00,23.43213618,trend_down,0.7656634859672273
2022-02-18 14:00:00,23.4043153,trend_down,0.8753697464663618
2022-02-18 14:15:00,23.41822574,trend_down,0.8672707799644854
2022-02-18 14:30:00,23.299987,trend_down,0.7939587117850477
2022-02-18 14:45:00,23.23739002,trend_down,0.7939587117850477
2022-02-18 15:00:00,23.2304348,trend_down,0.48351442822878427
2022-02-21 09:45:00,22.86876336,breakout_down,0.48512049459319745
2022-02-21 10:00:00,22.89658424,trend_down,0.9742323281814625
2022-02-21 10:15:00,22.8131216,trend_down,0.9741497011086431
2022-02-21 10:30:00,22.78530072,trend_down,0.938106489634533
2022-02-21 10:45:00,22.94527078,trend_down,0.7704439348926583
2022-02-21 11:00:00,22.90353946,trend_down,0.8924256327184921
2022-02-21 11:15:00,22.87571858,trend_down,0.967849029882141
2022-02-21 11:30:00,22.76443506,trend_down,0.967029182099857
2022-02-21 13:15:00,22.91049468,trend_down,0.9741497011086431
2022-02-21 13:30:00,22.79921116,trend_down,0.9742323281814625
2022-02-21 13:45:00,22.80616638,trend_down,0.9182273385573261
2022-02-21 14:00:00,22.7087933,trend_down,0.9742323281814625
2022-02-21 14:15:00,22.6740172,trend_down,0.6280224890544185
2022-02-21 14:30:00,22.58359934,trend_down,0.8774268735933498
2022-02-21 14:45:00,22.65315154,trend_down,0.5015079582755656
2022-02-21 15:00:00,22.59055456,trend_down,0.966073424863376
2022-02-22 09:45:00,22.57664412,trend_down,0.9315082622376171
2022-02-22 10:00:00,22.604465,trend_down,0.9652070575927774
2022-02-22 10:15:00,22.57664412,trend_down,0.9652070575927774
2022-02-22 10:30:00,22.43753972,trend_down,0.9548606543547907
2022-02-22 10:45:00,22.44449494,trend_down,0.9659655492834992
2022-02-22 11:00:00,22.61142022,trend_down,0.9653094962875512
2022-02-22 11:15:00,22.43753972,trend_down,0.9735686106763175
2022-02-22 11:30:00,22.4653606,trend_down,0.9569087689327896
2022-02-22 13:15:00,22.55577846,trend_down,0.9557253993927181
2022-02-22 13:30:00,22.66706198,trend_down,0.9557253993927181
2022-02-22 13:45:00,22.5001367,trend_down,0.9487246146283509
2022-02-22 14:00:00,22.54186802,trend_down,0.9487246146283509
2022-02-22 14:15:00,22.4653606,trend_down,0.8364706572086146
2022-02-22 14:30:00,22.43753972,trend_down,0.8364706572086146
2022-02-22 14:45:00,22.43753972,trend_down,0.8500151940332742
2022-02-22 15:00:00,22.47927104,trend_down,0.8216770192964161
2022-02-23 09:45:00,22.93831556,trend_up,0.8992337021191241
2022-02-23 10:00:00,23.36258398,trend_up,0.5256026693431191
2022-02-23 10:15:00,23.5781958,trend_up,0.8128570770732816
2022-02-23 10:30:00,23.59906146,trend_up,0.9526892231117793
2022-02-23 10:45:00,23.55733014,trend_up,0.9025533180197977
2022-02-23 11:00:00,23.4390914,trend_up,0.9558414499823895
2022-02-23 11:15:00,23.46691228,trend_up,0.8722053219439818
2022-02-23 11:30:00,23.45995706,trend_up,0.9742323281814625
2022-02-23 13:15:00,23.43213618,trend_up,0.9742323281814625
2022-02-23 13:30:00,23.4043153,trend_up,0.9182273385573261
2022-02-23 13:45:00,23.48777794,trend_up,0.9182273385573261
2022-02-23 14:00:00,23.5086436,trend_up,0.9156880955987667
2022-02-23 14:15:00,23.57124058,trend_up,0.9156880955987667
2022-02-23 14:30:00,23.63383756,trend_up,0.9156880955987667
2022-02-23 14:45:00,23.70338976,trend_up,0.5023018507366932
2022-02-23 15:00:00,23.56428536,trend_up,0.966073424863376
2022-02-24 09:45:00,23.63383756,trend_up,0.9310376619313472
2022-02-24 10:00:00,23.93986724,trend_up,0.897989906797047
2022-02-24 10:15:00,23.95377768,trend_up,0.9742323281814625
2022-02-24 10:30:00,23.89813592,trend_up,0.6537255360960813
2022-02-24 10:45:00,23.98159856,trend_up,0.8895342149017359
2022-02-24 11:00:00,23.84249416,trend_up,0.967029182099857
2022-02-24 11:15:00,23.62688234,trend_down,0.9300320838400228
2022-02-24 11:30:00,23.51559882,trend_down,0.790893365222354
2022-02-24 13:15:00,23.299987,trend_down,0.7271389531433591
2022-02-24 13:30:00,23.5781958,trend_down,0.8976590831882497
2022-02-24 13:45:00,23.51559882,trend_down,0.7656634859672273
2022-02-24 14:00:00,23.45300184,trend_down,0.7656634859672273
2022-02-24 14:15:00,23.27216612,trend_down,0.8976590831882497
2022-02-24 14:30:00,23.20261392,trend_down,0.9096603708933312
2022-02-24 14:45:00,23.49473316,trend_down,0.8524900881344755
2022-02-24 15:00:00,23.45995706,trend_down,0.6545920166124131
2022-02-25 09:45:00,23.5781958,trend_down,0.4702253666007526
2022-02-25 10:00:00,23.73121064,trend_up,0.6615824891304735
2022-02-25 10:15:00,23.52950926,range,0.43720636478307423
2022-02-25 10:30:00,23.41127052,range,0.5592954350852848
2022-02-25 10:45:00,23.46691228,range,0.5592954350852848
2022-02-25 11:00:00,23.45995706,range,0.4842447860690605
2022-02-25 11:15:00,23.4043153,range,0.7472219107038316
2022-02-25 11:30:00,23.28607656,range,0.5851334218962132
2022-02-25 13:15:00,23.39040486,trend_down,0.5845824471871091
2022-02-25 13:30:00,23.39736008,trend_down,0.5845824471871091
2022-02-25 13:45:00,23.46691228,range,0.8752594922767772
2022-02-25 14:00:00,23.34171832,range,0.8752594922767772
2022-02-25 14:15:00,23.38344964,range,0.8881710623963003
2022-02-25 14:30:00,23.30694222,range,0.8766633165993692
2022-02-25 14:45:00,23.20261392,range,0.6326283604772452
2022-02-25 15:00:00,23.21652436,trend_down,0.5952061599032016
2022-02-28 09:45:00,23.2304348,trend_down,0.7212972039041727
2022-02-28 10:00:00,23.6129719,reversal,0.4456787637059864
2022-02-28 10:15:00,23.647748,trend_up,0.6472171333113551
2022-02-28 10:30:00,23.6825241,trend_up,0.6660862515829427
2022-02-28 10:45:00,23.84249416,trend_up,0.7880308772530185
2022-02-28 11:00:00,23.9259568,trend_up,0.937534038492323
2022-02-28 11:15:00,23.98855378,trend_up,0.9379154030189935
2022-02-28 11:30:00,23.93291202,trend_up,0.9296731685151185
2022-02-28 13:15:00,23.96768812,trend_up,0.9298877270666909
2022-02-28 13:30:00,23.94682246,trend_up,0.9298877270666909
2022-02-28 13:45:00,23.97464334,trend_up,0.8735657694131316
2022-02-28 14:00:00,24.0302851,trend_up,0.8717646745434139
2022-02-28 14:15:00,23.9607329,trend_up,0.8674329590723778
2022-02-28 14:30:00,23.9607329,trend_up,0.904808988462874
2022-02-28 14:45:00,23.96768812,trend_up,0.938106489634533
2022-02-28 15:00:00,23.9259568,trend_up,0.904808988462874
2022-03-01 09:45:00,23.8911807,trend_down,0.8545360445855733
2022-03-01 10:00:00,23.98855378,trend_up,0.9614310014212468
2022-03-01 10:15:00,24.05115076,trend_up,0.9704305136536739
2022-03-01 10:30:00,24.19721038,trend_up,0.651680698981613
2022-03-01 10:45:00,24.28762824,trend_up,0.8108076321673194
2022-03-01 11:00:00,24.29458346,trend_up,0.5146495703395934
2022-03-01 11:15:00,24.35022522,trend_up,0.8902787366555467
2022-03-01 11:30:00,24.31544912,trend_up,0.7019379644755327
2022-03-01 13:15:00,24.53801616,trend_up,0.895572857015637
2022-03-01 13:30:00,24.57974748,trend_up,0.6372585403282437
2022-03-01 13:45:00,24.67016534,trend_up,0.9742323281814625
2022-03-01 14:00:00,24.57279226,trend_up,0.9230955164120815
2022-03-01 14:15:00,24.57974748,trend_up,0.9230955164120815
2022-03-01 14:30:00,24.61452358,trend_up,0.8958711337427966
2022-03-01 14:45:00,24.60756836,trend_up,0.8958711337427966
2022-03-01 15:00:00,24.53106094,trend_up,0.9742323281814625
2022-03-02 09:45:00,24.3780461,trend_down,0.6449336221549489
2022-03-02 10:00:00,24.24589692,trend_down,0.9366146637350224
2022-03-02 10:15:00,24.22503126,trend_down,0.9366146637350224
2022-03-02 10:30:00,24.25980736,trend_down,0.8812855876076623
2022-03-02 10:45:00,24.2389417,trend_down,0.6676344334317177
2022-03-02 11:00:00,24.3780461,trend_up,0.8156601237330515
2022-03-02 11:15:00,24.3084939,range,0.5189241709150464
2022-03-02 11:30:00,24.3084939,range,0.7913419492900049
2022-03-02 13:15:00,24.28067302,range,0.5278516112988646
2022-03-02 13:30:00,24.11374774,trend_down,0.6073029387372603
2022-03-02 13:45:00,24.0998373,trend_down,0.9088717738996209
2022-03-02 14:00:00,24.09288208,trend_down,0.9096603708933312
2022-03-02 14:15:00,24.0650612,trend_down,0.9096603708933312
2022-03-02 14:30:00,24.09288208,trend_down,0.9096603708933312
2022-03-02 14:45:00,24.07897164,trend_down,0.9096603708933312
2022-03-02 15:00:00,23.98855378,trend_down,0.8968911483091
2022-03-03 09:45:00,23.64079278,breakout_down,0.5002954754016454
2022-03-03 10:00:00,23.5086436,trend_down,0.7350118617076901
2022-03-03 10:15:00,23.7868524,trend_down,0.9470025662049734
2022-03-03 10:30:00,23.56428536,trend_down,0.9526892231117793
2022-03-03 10:45:00,23.5086436,trend_down,0.9206961464705191
2022-03-03 11:00:00,23.5086436,trend_down,0.8927407182097999
2022-03-03 11:15:00,23.299987,trend_down,0.8219355018305541
2022-03-03 11:30:00,23.4043153,trend_down,0.9206961464705191
2022-03-03 13:15:00,23.4043153,trend_down,0.9741497011086431
2022-03-03 13:30:00,23.299987,trend_down,0.9741497011086431
2022-03-03 13:45:00,23.25130046,trend_down,0.8214540175826687
2022-03-03 14:00:00,23.56428536,trend_down,0.9647550446694093
2022-03-03 14:15:00,23.4390914,trend_down,0.967849029882141
2022-03-03 14:30:00,23.46691228,trend_down,0.8924256327184921
2022-03-03 14:45:00,23.41822574,trend_down,0.9637445948107466
2022-03-03 15:00:00,23.299987,trend_down,0.9637445948107466
2022-03-04 09:45:00,23.7520763,breakout_down,0.5778690209589828
2022-03-04 10:00:00,23.7520763,trend_up,0.7604757499852173
2022-03-04 10:15:00,23.8216285,trend_up,0.9096603708933312
2022-03-04 10:30:00,23.82858372,trend_up,0.7604757499852173
2022-03-04 10:45:00,23.7520763,trend_up,0.8938647944710887
2022-03-04 11:00:00,23.58515102,trend_down,0.808111438353901
2022-03-04 11:15:00,23.7173002,trend_up,0.7018222888918412
2022-03-04 11:30:00,23.60601668,range,0.5799617300945734
2022-03-04 13:15:00,23.4738675,range,0.5799617300945734
2022-03-04 13:30:00,23.44604662,range,0.7544736893571622
2022-03-04 13:45:00,23.49473316,range,0.8076301088394207
2022-03-04 14:00:00,23.6825241,range,0.7874824008533569
2022-03-04 14:15:00,23.63383756,range,0.8105769839318411
2022-03-04 14:30:00,23.41822574,range,0.7874824008533569
2022-03-04 14:45:00,23.36258398,trend_down,0.49492391086912163
2022-03-04 15:00:00,23.3695392,trend_down,0.4983807159288775
2022-03-07 09:45:00,22.86180814,trend_down,0.5597684796710954
2022-03-07 10:00:00,22.85485292,trend_down,0.9741497011086431
2022-03-07 10:15:00,22.97309166,trend_down,0.9742323281814625
2022-03-07 10:30:00,22.8826738,trend_down,0.9569306208080132
2022-03-07 10:45:00,22.77139028,trend_down,0.9182273385573261
2022-03-07 11:00:00,22.6392411,trend_down,0.7646930085095981
2022-03-07 11:15:00,22.55577846,trend_down,0.5135729959019175
2022-03-07 11:30:00,22.5349128,trend_down,0.5146402051572644
2022-03-07 13:15:00,22.2914801,trend_down,0.5275383222724065
2022-03-07 13:30:00,22.1175996,trend_down,0.5293985367695945
2022-03-07 13:45:00,22.1871518,trend_down,0.5390484451925946
2022-03-07 14:00:00,22.18019658,trend_down,0.9742323281814625
2022-03-07 14:15:00,22.0828235,trend_down,0.9742323281814625
2022-03-07 14:30:00,22.18019658,trend_down,0.9742323281814625
2022-03-07 14:45:00,21.93676388,trend_down,0.5293985367695945
2022-03-07 15:00:00,22.1175996,trend_down,0.5407135016471885
2022-03-08 09:45:00,21.97153998,trend_down,0.8264601616968841
2022-03-08 10:00:00,21.96458476,trend_down,0.968840342841616
2022-03-08 10:15:00,21.77679382,trend_down,0.968840342841616
2022-03-08 10:30:00,21.63768942,trend_down,0.8958711337427966
2022-03-08 10:45:00,21.561182,trend_down,0.7693713625113313
2022-03-08 11:00:00,21.44294326,trend_down,0.5156789627930598
2022-03-08 11:15:00,21.2481971,trend_down,0.5387730654631989
2022-03-08 11:30:00,21.23428666,trend_down,0.5390484451925946
2022-03-08 13:15:00,21.22037622,trend_down,0.49269694644918977
2022-03-08 13:30:00,21.12300314,trend_down,0.8989257226588602
2022-03-08 13:45:00,21.36643584,trend_down,0.9696978493388541
2022-03-08 14:00:00,21.47771936,trend_down,0.9581306173140381
2022-03-08 14:15:00,21.29688364,trend_down,0.9680422957267861
2022-03-08 14:30:00,21.28992842,trend_down,0.9680422957267861
2022-03-08 14:45:00,21.54727156,trend_down,0.9569493631443057
2022-03-08 15:00:00,21.7698386,trend_down,0.5428647267691095
2022-03-09 09:45:00,22.3262562,trend_up,0.7349938092554127
2022-03-09 10:00:00,21.74201772,trend_up,0.872919724035682
2022-03-09 10:15:00,21.32470452,trend_up,0.872919724035682
2022-03-09 10:30:00,21.27601798,trend_down,0.9049463233551722
2022-03-09 10:45:00,21.06040616,trend_down,0.9507160989322379
2022-03-09 11:00:00,21.0047644,trend_down,0.9052286302355669
2022-03-09 11:15:00,20.94912264,trend_down,0.9204558658492991
2022-03-09 11:30:00,20.86566,trend_down,0.8070510342160186
2022-03-09 13:15:00,20.81697346,trend_down,0.8042523820980179
2022-03-09 13:30:00,20.70568994,trend_down,0.8153836840655707
2022-03-09 13:45:00,20.49703334,trend_down,0.6302959594051263
2022-03-09 14:00:00,20.24664542,breakout_down,0.4769636942055831
2022-03-09 14:15:00,20.81001824,trend_down,0.907952725797846
2022-03-09 14:30:00,20.74046604,trend_down,0.9417516507203924
2022-03-09 14:45:00,20.4483468,trend_down,0.938106489634533
2022-03-09 15:00:00,20.64309296,trend_down,0.938106489634533
2022-03-10 09:45:00,21.26210754,trend_up,0.6073029387372603
2022-03-10 10:00:00,21.60291332,trend_up,0.7939991758485883
2022-03-10 10:15:00,21.4916298,trend_up,0.8156601237330515
2022-03-10 10:30:00,21.72115206,trend_up,0.8156601237330515
2022-03-10 10:45:00,21.81156992,trend_up,0.934401781259849
2022-03-10 11:00:00,21.65159986,trend_up,0.7656634859672273
2022-03-10 11:15:00,21.85330124,trend_up,0.9096603708933312
2022-03-10 11:30:00,21.67942074,trend_up,0.8123414493055849
2022-03-10 13:15:00,21.42903282,trend_up,0.9096603708933312
2022-03-10 13:30:00,21.51249546,trend_up,0.648246343667833
2022-03-10 13:45:00,21.36643584,range,0.6941415031866094
2022-03-10 14:00:00,21.51249546,range,0.6941415031866094
2022-03-10 14:15:00,21.5959581,range,0.5455324485346053
2022-03-10 14:30:00,21.3873015,range,0.8034067673847938
2022-03-10 14:45:00,21.60986854,range,0.5602901389765339
2022-03-10 15:00:00,21.58204766,range,0.8034067673847938
2022-03-11 09:45:00,21.60986854,range,0.636678816530835
2022-03-11 10:00:00,21.54031634,range,0.636678816530835
2022-03-11 10:15:00,21.36643584,range,0.6900963490162731
2022-03-11 10:30:00,21.11604792,trend_down,0.5039668211840818
2022-03-11 10:45:00,21.0743166,trend_down,0.6475430874033102
2022-03-11 11:00:00,21.06040616,trend_down,0.6525504324140583
2022-03-11 11:15:00,20.94912264,trend_down,0.6525504324140583
2022-03-11 11:30:00,20.77524214,trend_down,0.8410342988509861
2022-03-11 13:15:00,20.74046604,trend_down,0.8414731709436577
2022-03-11 13:30:00,20.67786906,trend_down,0.8835923464260621
2022-03-11 13:45:00,20.62918252,trend_down,0.9268281060548182
2022-03-11 14:00:00,20.71264516,trend_down,0.8003153026697971
2022-03-11 14:15:00,20.63613774,trend_down,0.9377262209536074
2022-03-11 14:30:00,20.80306302,trend_down,0.9742323281814625
2022-03-11 14:45:00,20.60136164,trend_down,0.938106489634533
2022-03-11 15:00:00,20.7265556,trend_down,0.9156880955987667
2022-03-14 09:45:00,20.17709322,trend_down,0.9738222142033667
2022-03-14 10:00:00,20.21186932,trend_down,0.9639613855702905
2022-03-14 10:15:00,20.29533196,trend_down,0.967029182099857
2022-03-14 10:30:00,20.17709322,trend_down,0.8750877942147032
2022-03-14 10:45:00,20.08667536,trend_down,0.8895342149017359
2022-03-14 11:00:00,20.07972014,trend_down,0.9182273385573261
2022-03-14 11:15:00,20.08667536,trend_down,0.7858018860291701
2022-03-14 11:30:00,20.16318278,trend_down,0.8264601616968841
2022-03-14 13:15:00,20.2396902,trend_down,0.9742323281814625
2022-03-14 13:30:00,20.09363058,trend_down,0.9742323281814625
2022-03-14 13:45:00,20.0310336,trend_down,0.9090977973531342
2022-03-14 14:00:00,19.98930228,trend_down,0.8264601616968841
2022-03-14 14:15:00,19.93366052,trend_down,0.7858018860291701
2022-03-14 14:30:00,19.98930228,trend_down,0.8226829336580879
2022-03-14 14:45:00,19.86410832,trend_down,0.955819071014051
2022-03-14 15:00:00,19.87801876,trend_down,0.9661863672976857
2022-03-15 09:45:00,19.51634732,breakout_down,0.48333533514877697
2022-03-15 10:00:00,19.41201902,trend_down,0.938106489634533
2022-03-15 10:15:00,19.91975008,trend_down,0.9735686106763175
2022-03-15 10:30:00,19.6832726,trend_down,0.8902144987503774
2022-03-15 10:45:00,20.24664542,trend_down,0.7511483206275911
2022-03-15 11:00:00,20.15622756,trend_up,0.5824918233590364
2022-03-15 11:15:00,20.03798882,range,0.5455324485346053
2022-03-15 11:30:00,20.16318278,range,0.6289200282351567
2022-03-15 13:15:00,20.07276492,range,0.6289200282351567
2022-03-15 13:30:00,20.07276492,range,0.836379350546799
2022-03-15 13:45:00,19.8919292,trend_down,0.5111506662096559
2022-03-15 14:00:00,19.73195914,range,0.5011696763574541
2022-03-15 14:15:00,19.79455612,range,0.5011696763574541
2022-03-15 14:30:00,19.6832726,range,0.8072668076257075
2022-03-15 14:45:00,19.53721298,trend_down,0.7616523128325627
2022-03-15 15:00:00,19.5093921,trend_down,0.9384338008120603
2022-03-16 09:45:00,19.6484965,trend_down,0.9384338008120603
2022-03-16 10:00:00,20.12840668,range,0.455445798709778
2022-03-16 10:15:00,19.88497398,range,0.455445798709778
2022-03-16 10:30:00,20.05885448,range,0.455445798709778
2022-03-16 10:45:00,20.22577976,trend_up,0.4751660316777725
2022-03-16 11:00:00,20.1353619,range,0.8960555700076558
2022-03-16 11:15:00,19.9267053,range,0.8966901890453052
2022-03-16 11:30:00,19.8571531,range,0.5089692480864719
2022-03-16 13:15:00,20.15622756,range,0.8966901890453052
2022-03-16 13:30:00,20.4831229,range,0.8962754290081792
2022-03-16 13:45:00,20.51094378,range,0.5961695730886651
2022-03-16 14:00:00,20.46921246,range,0.7722451375612671
2022-03-16 14:15:00,20.5874512,trend_up,0.5858872534115398
2022-03-16 14:30:00,20.61527208,trend_up,0.6928494304409325
2022-03-16 14:45:00,20.70568994,trend_up,0.5814180732295836
2022-03-16 15:00:00,20.66395862,trend_up,0.8724350267186767
2022-03-17 09:45:00,21.26210754,breakout_up,0.48301527697438734
2022-03-17 10:00:00,21.36643584,trend_up,0.5384873087544113
2022-03-17 10:15:00,21.61682376,trend_up,0.8264601616968841
2022-03-17 10:30:00,22.0132713,trend_up,0.5353414024884853
2022-03-17 10:45:00,22.18019658,trend_up,0.5407135016471885
2022-03-17 11:00:00,22.47231582,trend_up,0.5293985367695945
2022-03-17 11:15:00,22.52100236,trend_up,0.5407135016471885
2022-03-17 11:30:00,22.5696889,trend_up,0.9206961464705191
2022-03-17 13:15:00,22.48622626,trend_up,0.9742323281814625
2022-03-17 13:30:00,22.31234576,trend_up,0.9742323281814625
2022-03-17 13:45:00,22.33321142,trend_up,0.8927407182097999
2022-03-17 14:00:00,22.31930098,trend_up,0.9679511336517824
2022-03-17 14:15:00,22.0132713,trend_up,0.9647550446694093
2022-03-17 14:30:00,22.19410702,trend_up,0.9187684356464907
2022-03-17 14:45:00,22.02718174,trend_up,0.8402943511389828
2022-03-17 15:00:00,22.03413696,trend_down,0.8357690306418118
2022-03-18 09:45:00,21.908943,trend_up,0.9448570951446239
2022-03-18 10:00:00,21.74201772,trend_down,0.8156601237330515
2022-03-18 10:15:00,21.69333118,trend_down,0.9096603708933312
2022-03-18 10:30:00,21.6655103,trend_down,0.808111438353901
2022-03-18 10:45:00,21.69333118,trend_down,0.808111438353901
2022-03-18 11:00:00,21.7350625,trend_down,0.8938647944710887
2022-03-18 11:15:00,21.7698386,trend_down,0.6491959135829651
2022-03-18 11:30:00,21.9437191,trend_down,0.8156601237330515
2022-03-18 13:15:00,21.84634602,trend_down,0.6491959135829651
2022-03-18 13:30:00,21.82548036,trend_down,0.6491959135829651
2022-03-18 13:45:00,21.90198778,trend_up,0.808111438353901
2022-03-18 14:00:00,22.1175996,trend_up,0.8689658134381623
2022-03-18 14:15:00,22.15933092,trend_up,0.6066387543398667
2022-03-18 14:30:00,22.24974878,trend_up,0.7615730282424232
2022-03-18 14:45:00,22.42362928,trend_up,0.7850070332441309
2022-03-18 15:00:00,22.1871518,trend_up,0.8895342149017359
2022-03-21 09:45:00,22.38189796,trend_up,0.8591815082189554
2022-03-21 10:00:00,22.42362928,trend_up,0.8955641684077396
2022-03-21 10:15:00,22.24974878,trend_up,0.9365728327825781
2022-03-21 10:30:00,22.24974878,trend_up,0.9653094962875512
2022-03-21 10:45:00,22.5349128,trend_up,0.9365728327825781
2022-03-21 11:00:00,22.47231582,trend_up,0.9719927446022949
2022-03-21 11:15:00,22.45840538,trend_up,0.9735686106763175
2022-03-21 11:30:00,22.54186802,trend_up,0.9344482224090762
2022-03-21 13:15:00,22.52100236,trend_up,0.7274146089053374
2022-03-21 13:30:00,22.42362928,trend_up,0.6145877178636258
2022-03-21 13:45:00,22.40276362,range,0.7955916355758883
2022-03-21 14:00:00,22.40971884,range,0.5203821520414154
2022-03-21 14:15:00,22.4305845,range,0.5203821520414154
2022-03-21 14:30:00,22.38885318,range,0.7955916355758883
2022-03-21 14:45:00,22.35407708,range,0.7955916355758883
2022-03-21 15:00:00,22.2914801,range,0.8932580625140008
2022-03-22 09:45:00,22.256704,range,0.8212073445816046
2022-03-22 10:00:00,22.59750978,range,0.7630617427116327
2022-03-22 10:15:00,22.66706198,range,0.5003429657773621
2022-03-22 10:30:00,22.604465,range,0.6659571391723047
2022-03-22 10:45:00,22.63228588,range,0.6659571391723047
2022-03-22 11:00:00,22.68097242,trend_up,0.5074806426245848
2022-03-22 11:15:00,22.66010676,trend_up,0.507487990299619
2022-03-22 11:30:00,22.79225594,trend_up,0.43848532710314175
2022-03-22 13:15:00,22.71574852,trend_up,0.5081859999137454
2022-03-22 13:30:00,22.7087933,trend_up,0.507487990299619
2022-03-22 13:45:00,22.6740172,range,0.5573333498773062
2022-03-22 14:00:00,22.64619632,range,0.5634720182948987
2022-03-22 14:15:00,22.63228588,range,0.8223948257868519
2022-03-22 14:30:00,22.41667406,range,0.7929387889700131
2022-03-22 14:45:00,22.5349128,range,0.8939982410047287
2022-03-22 15:00:00,22.4653606,range,0.8939982410047287
2022-03-23 09:45:00,22.57664412,range,0.7826346264475538
2022-03-23 10:00:00,22.54186802,range,0.8939982410047287
2022-03-23 10:15:00,22.84094248,range,0.7040783873140276
2022-03-23 10:30:00,23.0217782,trend_up,0.6558149065762514
2022-03-23 10:45:00,22.98004688,trend_up,0.6925943798714478
2022-03-23 11:00:00,22.99395732,trend_up,0.7605654531069711
2022-03-23 11:15:00,22.89658424,trend_up,0.9254264981159408
2022-03-23 11:30:00,22.7087933,trend_up,0.9212211388208612
2022-03-23 13:15:00,22.78530072,trend_up,0.5034235427905931
2022-03-23 13:30:00,22.79921116,trend_up,0.9015062663814333
2022-03-23 13:45:00,22.79225594,trend_up,0.9015062663814333
2022-03-23 14:00:00,22.69488286,range,0.6941415031866094
2022-03-23 14:15:00,22.66010676,range,0.700716910698857
2022-03-23 14:30:00,22.6740172,range,0.4998880512009192
2022-03-23 14:45:00,22.5696889,range,0.7521371808182002
2022-03-23 15:00:00,22.55577846,trend_down,0.5079855202092495
2022-03-24 09:45:00,22.13846526,trend_down,0.5613686298120771
2022-03-24 10:00:00,22.45145016,trend_down,0.8202863205969677
2022-03-24 10:15:00,22.33321142,trend_down,0.8976590831882497
2022-03-24 10:30:00,22.30539054,trend_down,0.8672707799644854
2022-03-24 10:45:00,22.29843532,trend_down,0.8672707799644854
2022-03-24 11:00:00,22.35407708,trend_down,0.9526892231117793
2022-03-24 11:15:00,22.38885318,trend_down,0.8964466843873214
2022-03-24 11:30:00,22.17324136,trend_down,0.9526892231117793
2022-03-24 13:15:00,22.07586828,trend_down,0.8087136131358478
2022-03-24 13:30:00,22.10368916,trend_down,0.8538522344704375
2022-03-24 13:45:00,22.0828235,trend_down,0.8491236163364417
2022-03-24 14:00:00,22.04109218,trend_down,0.8491236163364417
2022-03-24 14:15:00,22.0828235,trend_down,0.9379154030189935
2022-03-24 14:30:00,22.10368916,trend_down,0.9379154030189935
2022-03-24 14:45:00,22.35407708,trend_down,0.9199885464447993
2022-03-24 15:00:00,22.21497268,trend_up,0.8156601237330515
2022-03-25 09:45:00,22.06195784,trend_down,0.9526892231117793
2022-03-25 10:00:00,21.95067432,trend_down,0.9470193931247698
2022-03-25 10:15:00,21.75592816,trend_down,0.6431226394626396
2022-03-25 10:30:00,21.82548036,trend_down,0.6435150591680905
2022-03-25 10:45:00,21.75592816,trend_down,0.968840342841616
2022-03-25 11:00:00,21.6307342,trend_down,0.9252994599362988
2022-03-25 11:15:00,21.46380892,trend_down,0.6345650335292518
2022-03-25 11:30:00,21.4568537,trend_down,0.650891337907891
2022-03-25 13:15:00,21.2481971,trend_down,0.5387730654631989
2022-03-25 13:30:00,21.36643584,trend_down,0.5390484451925946
2022-03-25 13:45:00,21.48467458,trend_down,0.968840342841616
2022-03-25 14:00:00,21.47076414,trend_down,0.9230955164120815
2022-03-25 14:15:00,21.55422678,trend_down,0.9742323281814625
2022-03-25 14:30:00,21.7002864,trend_down,0.9653094962875512
2022-03-25 14:45:00,21.65855508,trend_down,0.9653094962875512
2022-03-25 15:00:00,21.58204766,trend_down,0.9187684356464907
2022-03-28 09:45:00,21.12995836,trend_down,0.6398944486877598
2022-03-28 10:00:00,21.03258528,trend_down,0.5337092170960941
2022-03-28 10:15:00,20.9699883,trend_down,0.5339693347282727
2022-03-28 10:30:00,20.98389874,trend_down,0.5127463446960201
2022-03-28 10:45:00,20.98389874,trend_down,0.9019048519618212
2022-03-28 11:00:00,21.08822704,trend_down,0.9705246689210671
2022-03-28 11:15:00,21.0395405,trend_down,0.9742323281814625
2022-03-28 11:30:00,20.9352122,trend_down,0.9254264981159408
2022-03-28 13:15:00,20.92825698,trend_down,0.8863644856693637
2022-03-28 13:30:00,20.92130176,trend_down,0.9254264981159408
2022-03-28 13:45:00,20.98389874,trend_down,0.9236042312450827
2022-03-28 14:00:00,20.9352122,trend_down,0.9236042312450827
2022-03-28 14:15:00,20.92825698,trend_down,0.9236042312450827
2022-03-28 14:30:00,20.92825698,trend_down,0.9212211388208612
2022-03-28 14:45:00,20.94216742,trend_down,0.9212211388208612
2022-03-28 15:00:00,21.02563006,trend_down,0.8983132835346506
2022-03-29 09:45:00,21.04649572,trend_up,0.8634193456891154
2022-03-29 10:00:00,21.0047644,trend_up,0.9337363164491075
2022-03-29 10:15:00,20.86566,trend_down,0.702238000231864
2022-03-29 10:30:00,20.86566,trend_down,0.8489663004795264
2022-03-29 10:45:00,20.8308839,trend_down,0.6876217229161294
2022-03-29 11:00:00,20.86566,trend_down,0.6483396415591989
2022-03-29 11:15:00,20.84479434,trend_down,0.6483396415591989
2022-03-29 11:30:00,20.81001824,trend_down,0.5145769405993377
2022-03-29 13:15:00,20.74742126,trend_down,0.5038616552167452
2022-03-29 13:30:00,20.74742126,range,0.542450123075177
2022-03-29 13:45:00,20.84479434,range,0.7407985591665425
2022-03-29 14:00:00,20.80306302,trend_down,0.5503363746233976
2022-03-29 14:15:00,20.7613317,range,0.542450123075177
2022-03-29 14:30:00,20.7265556,trend_down,0.5280631273793275
2022-03-29 14:45:00,20.74046604,trend_down,0.5012714943256742
2022-03-29 15:00:00,20.7613317,trend_down,0.5503363746233976
2022-03-30 09:45:00,21.55422678,breakout_up,0.546042059573421
2022-03-30 10:00:00,21.26210754,reversal,0.726257703186067
2022-03-30 10:15:00,21.42903282,trend_up,0.872919724035682
2022-03-30 10:30:00,21.46380892,trend_up,0.872919724035682
2022-03-30 10:45:00,21.44989848,trend_up,0.9526892231117793
2022-03-30 11:00:00,21.36643584,trend_up,0.9526892231117793
2022-03-30 11:15:00,21.30383886,trend_up,0.8705313301600581
2022-03-30 11:30:00,21.33165974,trend_up,0.9526892231117793
2022-03-30 13:15:00,21.2481971,trend_up,0.9526892231117793
2022-03-30 13:30:00,21.5264059,trend_up,0.9526892231117793
2022-03-30 13:45:00,21.71419684,trend_up,0.8538522344704375
2022-03-30 14:00:00,21.67246552,trend_up,0.8206016587691765
2022-03-30 14:15:00,21.76288338,trend_up,0.8609048307728409
2022-03-30 14:30:00,21.74897294,trend_up,0.938106489634533
2022-03-30 14:45:00,21.69333118,trend_up,0.9230955164120815
2022-03-30 15:00:00,21.67246552,trend_up,0.9230955164120815
2022-03-31 09:45:00,21.44989848,trend_up,0.965729791089964
2022-03-31 10:00:00,21.34557018,trend_down,0.7707603053954855
2022-03-31 10:15:00,21.22733144,trend_down,0.8164731192348211
2022-03-31 10:30:00,21.2481971,trend_down,0.8989569418665566
2022-03-31 10:45:00,21.18560012,trend_down,0.8989569418665566
2022-03-31 11:00:00,21.08127182,trend_down,0.9095309364386871
2022-03-31 11:15:00,20.99085396,trend_down,0.9254264981159408
2022-03-31 11:30:00,21.01171962,trend_down,0.9236042312450827
2022-03-31 13:15:00,20.92825698,trend_down,0.9712730414337395
2022-03-31 13:30:00,20.94216742,trend_down,0.9204558658492991
2022-03-31 13:45:00,20.94912264,trend_down,0.9187684356464907
2022-03-31 14:00:00,20.99085396,trend_down,0.9187684356464907
2022-03-31 14:15:00,20.96303308,trend_down,0.9187684356464907
2022-03-31 14:30:00,20.9352122,trend_down,0.9187684356464907
2022-03-31 14:45:00,20.94912264,trend_down,0.9162450753751263
2022-03-31 15:00:00,20.91434654,trend_down,0.6601022639809804
2022-04-01 09:45:00,20.7613317,trend_down,0.634168667883698
2022-04-01 10:00:00,20.89348088,trend_down,0.9661863672976857
2022-04-01 10:15:00,21.01171962,trend_down,0.9557253993927181
2022-04-01 10:30:00,21.4916298,reversal,0.6191690191516286
2022-04-01 10:45:00,21.54031634,trend_up,0.55224093072668
2022-04-01 11:00:00,21.39425672,trend_up,0.6073029387372603
2022-04-01 11:15:00,21.51249546,trend_up,0.6073029387372603
2022-04-01 11:30:00,21.54727156,trend_up,0.9423709533776204
2022-04-01 13:15:00,21.65159986,trend_up,0.8236009728483051
2022-04-01 13:30:00,21.7698386,trend_up,0.967029182099857
2022-04-01 13:45:00,21.75592816,trend_up,0.8895342149017359
2022-04-01 14:00:00,21.78374904,trend_up,0.9182273385573261
2022-04-01 14:15:00,21.50554024,trend_up,0.9716442844366692
2022-04-01 14:30:00,21.54727156,trend_up,0.8892108789204528
2022-04-01 14:45:00,21.3177493,trend_up,0.9096603708933312
2022-04-01 15:00:00,21.4220776,trend_down,0.8959112403874824
2022-04-06 09:45:00,21.2829732,trend_down,0.790893365222354
2022-04-06 10:00:00,21.28992842,trend_down,0.5824918233590364
2022-04-06 10:15:00,21.0395405,trend_down,0.790893365222354
2022-04-06 10:30:00,21.04649572,trend_down,0.7604757499852173
2022-04-06 10:45:00,21.0047644,trend_down,0.8895342149017359
2022-04-06 11:00:00,21.10213748,trend_down,0.797651098358285
2022-04-06 11:15:00,21.13691358,trend_down,0.8061339348240945
2022-04-06 11:30:00,21.05345094,trend_down,0.9162450753751263
2022-04-06 13:15:00,21.06040616,trend_down,0.9735686106763175
2022-04-06 13:30:00,21.06040616,trend_down,0.9136500667948829
2022-04-06 13:45:00,21.04649572,trend_down,0.9136500667948829
2022-04-06 14:00:00,21.06040616,trend_down,0.9156880955987667
2022-04-06 14:15:00,21.03258528,trend_down,0.9136500667948829
2022-04-06 14:30:00,21.03258528,trend_down,0.8530114065880882
2022-04-06 14:45:00,21.15082402,trend_down,0.9544574003068366
2022-04-06 15:00:00,21.1090927,trend_down,0.5812297646283645
2022-04-07 09:45:00,21.31079408,range,0.5542730275260896
2022-04-07 10:00:00,21.18560012,range,0.636678816530835
2022-04-07 10:15:00,20.87261522,trend_down,0.7022557939217796
2022-04-07 10:30:00,20.87261522,trend_down,0.49916722069826164
2022-04-07 10:45:00,20.83783912,trend_down,0.49916722069826164
2022-04-07 11:00:00,20.92130176,trend_down,0.593828079724244
2022-04-07 11:15:00,20.87957044,trend_down,0.5280631273793275
2022-04-07 11:30:00,20.86566,trend_down,0.5106474054888019
2022-04-07 13:15:00,20.92130176,trend_down,0.5049421497994605
2022-04-07 13:30:00,21.03258528,range,0.7722451375612671
2022-04-07 13:45:00,21.03258528,range,0.8881710623963003
2022-04-07 14:00:00,20.92130176,range,0.7722451375612671
2022-04-07 14:15:00,20.92130176,range,0.7722451375612671
2022-04-07 14:30:00,20.92130176,range,0.6635394563209284
2022-04-07 14:45:00,20.91434654,range,0.5067820346763223
2022-04-07 15:00:00,20.94216742,trend_down,0.5762677621120408
2022-04-08 09:45:00,20.80306302,trend_down,0.653895359533248
2022-04-08 10:00:00,20.91434654,trend_down,0.8596638413505254
2022-04-08 10:15:00,20.87957044,trend_down,0.5808420654901496
2022-04-08 10:30:00,20.98389874,range,0.8335407204208519
2022-04-08 10:45:00,21.06040616,range,0.6813037943603433
2022-04-08 11:00:00,21.11604792,range,0.6945366860637531
2022-04-08 11:15:00,21.17168968,range,0.5855207774485307
2022-04-08 11:30:00,21.2481971,trend_up,0.5361774894515663
2022-04-08 13:15:00,21.2481971,trend_up,0.6224064363490178
2022-04-08 13:30:00,21.25515232,trend_up,0.5780151778860745
2022-04-08 13:45:00,21.1438688,trend_up,0.7604757499852173
2022-04-08 14:00:00,21.12995836,trend_up,0.7604757499852173
2022-04-08 14:15:00,21.0047644,reversal,0.4348863490896934
2022-04-08 14:30:00,20.91434654,trend_down,0.5824918233590364
2022-04-08 14:45:00,20.94912264,range,0.5067820346763223
2022-04-08 15:00:00,20.92130176,trend_down,0.635333649758702
2022-04-11 09:45:00,20.95607786,trend_down,0.8500151940332742
2022-04-11 10:00:00,21.13691358,trend_down,0.39385542801168005
2022-04-11 10:15:00,21.44294326,trend_up,0.39393060687895376
2022-04-11 10:30:00,21.29688364,range,0.7153024476468625
2022-04-11 10:45:00,21.16473446,trend_up,0.4022289250305705
2022-04-11 11:00:00,21.32470452,trend_up,0.9277599260670324
2022-04-11 11:15:00,21.39425672,trend_up,0.9399253461109718
2022-04-11 11:30:00,21.47076414,trend_up,0.9028419690136968
2022-04-11 13:15:00,21.17168968,trend_up,0.8460384384782231
2022-04-11 13:30:00,21.19255534,trend_down,0.45769042081438654
2022-04-11 13:45:00,21.10213748,trend_down,0.641881695646907
2022-04-11 14:00:00,21.1438688,trend_down,0.8460384384782231
2022-04-11 14:15:00,21.1090927,trend_down,0.7071502087268331
2022-04-11 14:30:00,21.06736138,range,0.4998880512009192
2022-04-11 14:45:00,20.99085396,trend_down,0.8992337021191241
2022-04-11 15:00:00,20.98389874,trend_down,0.78186981235211
2022-04-12 09:45:00,21.04649572,trend_down,0.757483659280673
2022-04-12 10:00:00,21.20646578,range,0.5731823569743637
2022-04-12 10:15:00,21.0743166,trend_down,0.6901246879786478
2022-04-12 10:30:00,20.9699883,trend_down,0.6901246879786478
2022-04-12 10:45:00,20.92825698,trend_down,0.6901246879786478
2022-04-12 11:00:00,20.89348088,trend_down,0.6826739095759736
2022-04-12 11:15:00,20.90739132,trend_down,0.7029048452034654
2022-04-12 11:30:00,20.92130176,trend_down,0.7073558847945542
2022-04-12 13:15:00,21.12300314,trend_down,0.42878341399112374
2022-04-12 13:30:00,21.25515232,range,0.636678816530835
2022-04-12 13:45:00,21.19255534,range,0.4431127668422914
2022-04-12 14:00:00,21.17168968,range,0.8966901890453052
2022-04-12 14:15:00,21.12300314,range,0.6356599762255449
2022-04-12 14:30:00,21.05345094,range,0.8391249478557303
2022-04-12 14:45:00,21.18560012,range,0.8391249478557303
2022-04-12 15:00:00,21.13691358,range,0.9092841441982273
2022-04-13 09:45:00,20.7613317,trend_down,0.6123168081273949
2022-04-13 10:00:00,20.86566,trend_down,0.6901246879786478
2022-04-13 10:15:00,20.87261522,trend_down,0.5079855202092495
2022-04-13 10:30:00,21.0743166,range,0.5731823569743637
2022-04-13 10:45:00,20.99085396,trend_down,0.6901246879786478
2022-04-13 11:00:00,20.96303308,range,0.5011696763574541
2022-04-13 11:15:00,21.01171962,range,0.7521371808182002
2022-04-13 11:30:00,20.94912264,trend_down,0.5079855202092495
2022-04-13 13:15:00,20.88652566,trend_down,0.5838239553697336
2022-04-13 13:30:00,20.88652566,trend_down,0.5838239553697336
2022-04-13 13:45:00,20.9352122,trend_down,0.5774656010470498
2022-04-13 14:00:00,20.9004361,trend_down,0.5838886751055224
2022-04-13 14:15:00,20.89348088,trend_down,0.5838886751055224
2022-04-13 14:30:00,20.89348088,trend_down,0.5049421497994605
2022-04-13 14:45:00,20.81001824,trend_down,0.5446987918153918
2022-04-13 15:00:00,20.84479434,trend_down,0.4900874643530337
2022-04-14 09:45:00,21.0047644,range,0.8960555700076558
2022-04-14 10:00:00,20.97694352,range,0.8960555700076558
2022-04-14 10:15:00,20.90739132,range,0.7863367821971079
2022-04-14 10:30:00,20.80306302,range,0.4658276207823905
2022-04-14 10:45:00,20.4831229,trend_down,0.4609089257519146
2022-04-14 11:00:00,20.4483468,trend_down,0.7751236939977609
2022-04-14 11:15:00,20.31619762,trend_down,0.8609048307728409
2022-04-14 11:30:00,20.15622756,trend_down,0.7437327736490063
2022-04-14 13:15:00,19.9267053,breakout_down,0.47683102472388567
2022-04-14 13:30:00,20.3787946,trend_down,0.9074700472430703
2022-04-14 13:45:00,20.22577976,trend_down,0.9074700472430703
2022-04-14 14:00:00,20.19795888,trend_down,0.9679556215260039
2022-04-14 14:15:00,20.28142152,trend_down,0.9074700472430703
2022-04-14 14:30:00,20.4483468,trend_down,0.9735686106763175
2022-04-14 14:45:00,20.39270504,trend_down,0.9365728327825781
2022-04-14 15:00:00,20.4831229,trend_down,0.9557253993927181
2022-04-15 09:45:00,20.19100366,trend_down,0.9487246146283509
2022-04-15 10:00:00,20.25360064,trend_down,0.9487246146283509
2022-04-15 10:15:00,20.29533196,trend_down,0.9005271499839334
2022-04-15 10:30:00,20.3092424,trend_down,0.9219522218346942
2022-04-15 10:45:00,20.5874512,trend_down,0.6491959135829651
2022-04-15 11:00:00,20.44139158,range,0.455445798709778
2022-04-15 11:15:00,20.25360064,trend_down,0.6491959135829651
2022-04-15 11:30:00,19.91975008,trend_down,0.8992337021191241
2022-04-15 13:15:00,20.04494404,trend_down,0.9253481059270222
2022-04-15 13:30:00,20.1005858,trend_down,0.8026220028412758
2022-04-15 13:45:00,20.43443636,trend_up,0.4639852444248265
2022-04-15 14:00:00,20.17709322,trend_down,0.6554353925269597
2022-04-15 14:15:00,20.01016794,trend_down,0.4743077528822412
2022-04-15 14:30:00,19.9614814,trend_down,0.9029645626213623
2022-04-15 14:45:00,20.01712316,trend_down,0.833615264498256
2022-04-15 15:00:00,20.11449624,trend_down,0.9270210358572549
2022-04-18 09:45:00,20.0658097,trend_down,0.9286823597509388
2022-04-18 10:00:00,20.1005858,trend_down,0.7250508250909043
2022-04-18 10:15:00,20.07972014,trend_down,0.9042349703146398
2022-04-18 10:30:00,19.90583964,trend_down,0.9291891929884301
2022-04-18 10:45:00,19.93366052,trend_down,0.8281636651260168
2022-04-18 11:00:00,19.90583964,trend_down,0.8244156377849533
2022-04-18 11:15:00,19.98234706,trend_down,0.8137101374159302
2022-04-18 11:30:00,20.03798882,trend_down,0.7802536302890919
2022-04-18 13:15:00,19.94061574,trend_down,0.9042349703146398
2022-04-18 13:30:00,19.94757096,trend_down,0.9208075458270053
2022-04-18 13:45:00,19.83628744,trend_down,0.9042349703146398
2022-04-18 14:00:00,19.82933222,trend_down,0.9117246531901516
2022-04-18 14:15:00,19.81542178,trend_down,0.9251993854483096
2022-04-18 14:30:00,19.822377,trend_down,0.9251993854483096
2022-04-18 14:45:00,19.7876009,trend_down,0.7269708128231741
2022-04-18 15:00:00,19.8571531,trend_down,0.8674730476995611
2022-04-19 09:45:00,19.9614814,range,0.5189241709150464
2022-04-19 10:00:00,19.91975008,range,0.5278516112988646
2022-04-19 10:15:00,19.94757096,range,0.7995050735526689
2022-04-19 10:30:00,19.95452618,range,0.836379350546799
2022-04-19 10:45:00,19.94061574,range,0.9018499567326957
2022-04-19 11:00:00,19.94757096,range,0.7874824008533569
2022-04-19 11:15:00,19.85019788,trend_down,0.6475430874033102
2022-04-19 11:30:00,19.76673524,trend_down,0.5297055092553631
2022-04-19 13:15:00,19.76673524,trend_down,0.5057268948539768
2022-04-19 13:30:00,19.7876009,trend_down,0.49853896804807885
2022-04-19 13:45:00,19.71109348,trend_down,0.5386523344814591
2022-04-19 14:00:00,19.87801876,range,0.7992461104283038
2022-04-19 14:15:00,19.822377,range,0.5582723723353322
2022-04-19 14:30:00,19.80151134,range,0.5582723723353322
2022-04-19 14:45:00,19.84324266,range,0.8068890267785982
2022-04-19 15:00:00,19.80846656,range,0.5531899062912515
2022-04-20 09:45:00,19.8571531,range,0.5677316912581233
2022-04-20 10:00:00,19.8571531,range,0.5802914207063435
2022-04-20 10:15:00,19.90583964,range,0.6384837358914196
2022-04-20 10:30:00,19.91279486,range,0.795484194260536
2022-04-20 10:45:00,20.0310336,range,0.6241366913594073
2022-04-20 11:00:00,20.12145146,reversal,0.4424133154550883
2022-04-20 11:15:00,20.25360064,trend_up,0.568083840764119
2022-04-20 11:30:00,20.12145146,trend_up,0.9096603708933312
2022-04-20 13:15:00,20.14231712,trend_up,0.7757646083214381
2022-04-20 13:30:00,19.94757096,range,0.5189241709150464
2022-04-20 13:45:00,20.03798882,range,0.5189241709150464
2022-04-20 14:00:00,19.8571531,range,0.6049488934198607
2022-04-20 14:15:00,19.822377,trend_down,0.7159611718510721
2022-04-20 14:30:00,19.87801876,trend_down,0.5183425986193364
2022-04-20 14:45:00,19.9614814,trend_down,0.5183425986193364
2022-04-20 15:00:00,20.11449624,range,0.6210429185113224
2022-04-21 09:45:00,19.87801876,trend_down,0.5183425986193364
2022-04-21 10:00:00,19.9962575,trend_down,0.5183425986193364
2022-04-21 10:15:00,19.78064568,trend_down,0.6412619597296555
2022-04-21 10:30:00,19.41897424,trend_down,0.6673091435323155
2022-04-21 10:45:00,19.46766078,trend_down,0.8396373963346982
2022-04-21 11:00:00,19.39115336,trend_down,0.8639326827781951
2022-04-21 11:15:00,19.35637726,trend_down,0.8750877942147032
2022-04-21 11:30:00,19.30769072,trend_down,0.8895342149017359
2022-04-21 13:15:00,19.11294456,trend_down,0.5293985367695945
2022-04-21 13:30:00,19.0920789,trend_down,0.4832842696407707
2022-04-21 13:45:00,19.07816846,trend_down,0.9679511336517824
2022-04-21 14:00:00,18.9877506,trend_down,0.9742323281814625
2022-04-21 14:15:00,18.82082532,trend_down,0.8003153026697971
2022-04-21 14:30:00,18.8834223,trend_down,0.512415363348448
2022-04-21 14:45:00,18.83473576,trend_down,0.512415363348448
2022-04-21 15:00:00,18.93906406,trend_down,0.9742323281814625
2022-04-22 09:45:00,18.09052722,trend_down,0.4852406673722317
2022-04-22 10:00:00,18.431333,trend_down,0.9074700472430703
2022-04-22 10:15:00,18.2922286,trend_down,0.9679556215260039
2022-04-22 10:30:00,18.34787036,trend_down,0.9679556215260039
2022-04-22 10:45:00,18.23658684,trend_down,0.9742323281814625
2022-04-22 11:00:00,18.1183481,trend_down,0.9742323281814625
2022-04-22 11:15:00,18.31309426,trend_down,0.9742323281814625
2022-04-22 11:30:00,18.5704374,trend_down,0.9735686106763175
2022-04-22 13:15:00,18.2226764,trend_down,0.938106489634533
2022-04-22 13:30:00,18.12530332,trend_down,0.9742323281814625
2022-04-22 13:45:00,18.21572118,trend_down,0.9742323281814625
2022-04-22 14:00:00,18.2922286,trend_down,0.9735686106763175
2022-04-22 14:15:00,18.55652696,trend_down,0.9569493631443057
2022-04-22 14:30:00,18.54261652,trend_down,0.9569493631443057
2022-04-22 14:45:00,18.34091514,trend_down,0.9487246146283509
2022-04-22 15:00:00,18.37569124,trend_down,0.7467088075887622
2022-04-25 09:45:00,17.72885578,trend_down,0.8132982949520555
2022-04-25 10:00:00,17.5967066,trend_down,0.9028419690136968
2022-04-25 10:15:00,17.49933352,trend_down,0.9028419690136968
2022-04-25 10:30:00,17.97228848,trend_down,0.9052286302355669
2022-04-25 10:45:00,17.81927364,trend_down,0.9206961464705191
2022-04-25 11:00:00,17.67321402,trend_down,0.9182273385573261
2022-04-25 11:15:00,17.75667666,trend_down,0.9399253461109718
2022-04-25 11:30:00,17.65930358,trend_down,0.8101823525557476
2022-04-25 13:15:00,17.49933352,trend_down,0.8101823525557476
2022-04-25 13:30:00,17.4576022,trend_down,0.8101823525557476
2022-04-25 13:45:00,17.42978132,trend_down,0.9182273385573261
2022-04-25 14:00:00,17.36022912,trend_down,0.9182273385573261
2022-04-25 14:15:00,17.20025906,trend_down,0.9738222142033667
2022-04-25 14:30:00,17.40891566,trend_down,0.9742323281814625
2022-04-25 14:45:00,17.2489456,trend_down,0.9206961464705191
2022-04-25 15:00:00,17.22807994,trend_down,0.9206961464705191
2022-04-26 09:45:00,17.2837217,trend_down,0.9365728327825781
2022-04-26 10:00:00,17.31154258,trend_down,0.8902144987503774
2022-04-26 10:15:00,17.01942334,trend_down,0.9680422957267861
2022-04-26 10:30:00,17.53410962,trend_down,0.9581306173140381
2022-04-26 10:45:00,17.61757226,trend_up,0.6615824891304735
2022-04-26 11:00:00,17.5967066,trend_up,0.5963623155074708
2022-04-26 11:15:00,17.72885578,trend_up,0.7970122181324113
2022-04-26 11:30:00,17.93751238,trend_up,0.7939991758485883
2022-04-26 13:15:00,17.8401393,trend_up,0.8993481562721959
2022-04-26 13:30:00,17.54106484,trend_down,0.7970122181324113
2022-04-26 13:45:00,17.50628874,trend_down,0.6444135550300908
2022-04-26 14:00:00,17.58279616,range,0.4963827801658542
2022-04-26 14:15:00,17.3184978,trend_down,0.5297699603102178
2022-04-26 14:30:00,17.20025906,trend_down,0.5614865361371383
2022-04-26 14:45:00,17.1793934,trend_down,0.6465933116478583
2022-04-26 15:00:00,17.13070686,trend_down,0.5614865361371383
2022-04-27 09:45:00,17.13070686,trend_down,0.6917266385923895
2022-04-27 10:00:00,16.98464724,trend_down,0.7174331767668176
2022-04-27 10:15:00,16.8316324,trend_down,0.9676266672416617
2022-04-27 10:30:00,16.62993102,trend_down,0.9261119987479053
2022-04-27 10:45:00,16.6577519,trend_down,0.8955641684077396
2022-04-27 11:00:00,16.9011846,trend_down,0.9735686106763175
2022-04-27 11:15:00,17.0055129,trend_down,0.9653094962875512
2022-04-27 11:30:00,17.08202032,trend_down,0.9653094962875512
2022-04-27 13:15:00,17.18634862,trend_up,0.8156601237330515
2022-04-27 13:30:00,17.27676648,trend_up,0.5529036999713479
2022-04-27 13:45:00,17.20721428,reversal,0.6017897605048871
2022-04-27 14:00:00,17.26285604,trend_up,0.5894533561033574
2022-04-27 14:15:00,17.27676648,trend_up,0.7604757499852173
2022-04-27 14:30:00,17.26285604,trend_up,0.5182498481931086
2022-04-27 14:45:00,17.32545302,range,0.5067820346763223
2022-04-27 15:00:00,17.3184978,range,0.5067820346763223
2022-04-28 09:45:00,17.30458736,trend_up,0.596558045177641
2022-04-28 10:00:00,17.3532739,trend_up,0.7040978686100972
2022-04-28 10:15:00,17.19330384,reversal,0.4348863490896934
2022-04-28 10:30:00,17.3184978,range,0.5455324485346053
2022-04-28 10:45:00,16.9707368,trend_down,0.4309780207657378
2022-04-28 11:00:00,16.77599064,trend_down,0.8581487862286943
2022-04-28 11:15:00,16.6229758,trend_down,0.860583510781455
2022-04-28 11:30:00,16.42127442,trend_down,0.8609773329160698
2022-04-28 13:15:00,16.2404387,trend_down,0.9285794203562051
2022-04-28 13:30:00,15.94136424,trend_down,0.6372585403282437
2022-04-28 13:45:00,16.07351342,trend_down,0.8860670408144169
2022-04-28 14:00:00,16.4143192,trend_down,0.9742323281814625
2022-04-28 14:15:00,16.4143192,trend_down,0.938106489634533
2022-04-28 14:30:00,16.22652826,trend_down,0.9742323281814625
2022-04-28 14:45:00,16.14306562,trend_down,0.938106489634533
2022-04-28 15:00:00,16.30303568,trend_down,0.9742323281814625
2022-04-29 09:45:00,16.84950215,trend_up,0.737823825568231
2022-04-29 10:00:00,16.82848406,trend_up,0.8724350267186767
2022-04-29 10:15:00,17.0246529,trend_up,0.9423709533776204
2022-04-29 10:30:00,16.98261672,trend_up,0.5824918233590364
2022-04-29 10:45:00,16.94758657,trend_up,0.8375576247161503
2022-04-29 11:00:00,17.01764687,trend_up,0.808111438353901
2022-04-29 11:15:00,17.05267702,trend_up,0.808111438353901
2022-04-29 11:30:00,16.91956245,trend_up,0.808111438353901
2022-04-29 13:15:00,17.28387601,trend_up,0.8901202629150836
2022-04-29 13:30:00,17.48004485,trend_up,0.7015202076271352
2022-04-29 13:45:00,17.7252559,trend_up,0.8188265542670574
2022-04-29 14:00:00,17.89340062,trend_up,0.49131060527347614
2022-04-29 14:15:00,17.90040665,trend_up,0.9005271499839334
2022-04-29 14:30:00,17.83034635,trend_up,0.5114585153517587
2022-04-29 14:45:00,17.77429811,trend_up,0.8895342149017359
2022-04-29 15:00:00,17.7953162,trend_up,0.8892108789204528
2022-05-05 09:45:00,17.89340062,trend_up,0.4921141628024005
2022-05-05 10:00:00,17.96346092,trend_up,0.9741497011086431
2022-05-05 10:15:00,18.32777448,trend_up,0.6501442154127242
2022-05-05 10:30:00,18.215678,trend_up,0.6512932984250939
2022-05-05 10:45:00,18.16663579,trend_up,0.8955641684077396
2022-05-05 11:00:00,18.27873227,trend_up,0.922861896497621
2022-05-05 11:15:00,18.31376242,trend_up,0.922861896497621
2022-05-05 11:30:00,18.43987096,trend_up,0.9230955164120815
2022-05-05 13:15:00,18.4959192,trend_up,0.6537255360960815
2022-05-05 13:30:00,18.62903377,trend_up,0.6537255360960813
2022-05-05 13:45:00,18.67106995,trend_up,0.5407135016471885
2022-05-05 14:00:00,18.6360398,trend_up,0.9230955164120815
2022-05-05 14:15:00,18.60100965,trend_up,0.9206961464705191
2022-05-05 14:30:00,18.60801568,trend_up,0.9206961464705191
2022-05-05 14:45:00,18.60100965,trend_up,0.9187684356464907
2022-05-05 15:00:00,18.55196744,trend_up,0.9187684356464907
2022-05-06 09:45:00,18.32777448,trend_down,0.9101708387916259
2022-05-06 10:00:00,18.01250313,trend_down,0.934401781259849
2022-05-06 10:15:00,18.16663579,trend_down,0.934401781259849
2022-05-06 10:30:00,18.04753328,trend_down,0.8414240059105436
2022-05-06 10:45:00,18.13861167,trend_down,0.5824918233590364
2022-05-06 11:00:00,18.1456177,trend_down,0.5858872534115398
2022-05-06 11:15:00,18.09657549,trend_down,0.5858872534115398
2022-05-06 11:30:00,17.99849107,trend_down,0.6307169833089916
2022-05-06 13:15:00,18.06855137,trend_down,0.8336073750509411
2022-05-06 13:30:00,18.05453931,trend_down,0.6307169833089916
2022-05-06 13:45:00,18.11058755,trend_down,0.8693229371688215
2022-05-06 14:00:00,18.02651519,trend_down,0.8693229371688215
2022-05-06 14:15:00,18.02651519,trend_down,0.6307169833089916
2022-05-06 14:30:00,17.99148504,trend_down,0.6307169833089916
2022-05-06 14:45:00,18.13861167,range,0.6900963490162731
2022-05-06 15:00:00,18.13160564,range,0.6900963490162731
2022-05-09 09:45:00,18.7761604,trend_up,0.4930974921233239
2022-05-09 10:00:00,18.65705789,trend_up,0.593828079724244
2022-05-09 10:15:00,18.90927497,trend_up,0.860583510781455
2022-05-09 10:30:00,18.79017246,trend_up,0.9569306208080132
2022-05-09 10:45:00,18.78316643,trend_up,0.9742323281814625
2022-05-09 11:00:00,18.76214834,trend_up,0.9666254528742666
2022-05-09 11:15:00,18.86723879,trend_up,0.968840342841616
2022-05-09 11:30:00,18.86723879,trend_up,0.968840342841616
2022-05-09 13:15:00,18.83220864,trend_up,0.968840342841616
2022-05-09 13:30:00,18.75514231,trend_up,0.968840342841616
2022-05-09 13:45:00,18.80418452,trend_up,0.9230955164120815
2022-05-09 14:00:00,18.65005186,trend_up,0.9680422957267861
2022-05-09 14:15:00,18.68508201,trend_up,0.8983132835346506
2022-05-09 14:30:00,18.67807598,trend_up,0.8983132835346506
2022-05-09 14:45:00,18.72711819,trend_up,0.9212211388208612
2022-05-09 15:00:00,18.74113025,trend_up,0.9230955164120815
2022-05-10 09:45:00,18.67106995,trend_down,0.9448570951446239
2022-05-10 10:00:00,18.7061001,trend_up,0.8934098402710774
2022-05-10 10:15:00,19.18951617,trend_up,0.7703029082270011
2022-05-10 10:30:00,19.30161265,trend_up,0.7335006150128552
2022-05-10 10:45:00,19.18951617,trend_up,0.8812198463734437
2022-05-10 11:00:00,19.31562471,trend_up,0.8429386935713145
2022-05-10 11:15:00,19.28760059,trend_up,0.7177877360565809
2022-05-10 11:30:00,19.23155235,trend_up,0.6704269787693933
2022-05-10 13:15:00,19.39269104,trend_up,0.9742323281814625
2022-05-10 13:30:00,19.5468237,trend_up,0.923583436893831
2022-05-10 13:45:00,19.51179355,trend_up,0.9182273385573261
2022-05-10 14:00:00,19.45574531,trend_up,0.9182273385573261
2022-05-10 14:15:00,19.3366428,trend_up,0.967029182099857
2022-05-10 14:30:00,19.31562471,trend_up,0.8895342149017359
2022-05-10 14:45:00,19.28760059,trend_up,0.9557253993927181
2022-05-10 15:00:00,19.28059456,trend_up,0.855628419547505
2022-05-11 09:45:00,20.08628801,trend_up,0.4850766622556711
2022-05-11 10:00:00,20.08628801,trend_up,0.6008592647342702
2022-05-11 10:15:00,20.5276679,breakout_up,0.4638212914878978
2022-05-11 10:30:00,20.37353524,trend_up,0.9569306208080132
2022-05-11 10:45:00,20.13533022,trend_up,0.9742323281814625
2022-05-11 11:00:00,20.19137846,trend_up,0.9742323281814625
2022-05-11 11:15:00,20.19137846,trend_up,0.8895342149017359
2022-05-11 11:30:00,20.18437243,trend_up,0.9182273385573261
2022-05-11 13:15:00,20.51365584,trend_up,0.9742323281814625
2022-05-11 13:30:00,20.52066187,trend_up,0.9314258120147536
2022-05-11 13:45:00,20.57671011,trend_up,0.938106489634533
2022-05-11 14:00:00,20.35952318,trend_up,0.9742323281814625
2022-05-11 14:15:00,20.26844479,trend_up,0.9653094962875512
2022-05-11 14:30:00,20.35251715,trend_up,0.9735686106763175
2022-05-11 14:45:00,20.45060157,trend_up,0.8835923464260621
2022-05-11 15:00:00,20.22640861,trend_up,0.9544574003068366
2022-05-12 09:45:00,20.58371614,trend_up,0.9217199428302185
2022-05-12 10:00:00,20.51365584,trend_up,0.9652070575927774
2022-05-12 10:15:00,20.11431213,trend_up,0.8156601237330515
2022-05-12 10:30:00,20.0372458,range,0.6412288529727601
2022-05-12 10:45:00,20.05826389,range,0.6356567985997432
2022-05-12 11:00:00,19.88311314,trend_down,0.5824918233590364
2022-05-12 11:15:00,19.91814329,trend_down,0.6399432474907149
2022-05-12 11:30:00,19.8971252,trend_down,0.5142803300338894
2022-05-12 13:15:00,19.70796239,trend_down,0.7707603053954855
2022-05-12 13:30:00,19.77101666,trend_down,0.9053624902036228
2022-05-12 13:45:00,19.65191415,trend_down,0.8205066479738508
2022-05-12 14:00:00,19.67293224,trend_down,0.9053624902036228
2022-05-12 14:15:00,19.66592621,trend_down,0.824442379215678
2022-05-12 14:30:00,19.58885988,trend_down,0.824442379215678
2022-05-12 14:45:00,19.616884,trend_down,0.7806749976032626
2022-05-12 15:00:00,19.76401063,trend_down,0.737823825568231
2022-05-13 09:45:00,19.77802269,trend_down,0.9096603708933312
2022-05-13 10:00:00,19.95317344,range,0.5099475599369951
2022-05-13 10:15:00,19.90413123,range,0.41902774149197514
2022-05-13 10:30:00,20.0372458,trend_up,0.4500514853469928
2022-05-13 10:45:00,19.8971252,trend_up,0.5399094434744496
2022-05-13 11:00:00,19.96017947,trend_up,0.6145877178636258
2022-05-13 11:15:00,20.08628801,trend_up,0.7761939670157691
2022-05-13 11:30:00,20.21239655,trend_up,0.6802011200895854
2022-05-13 13:15:00,19.93215535,trend_up,0.8560459848379303
2022-05-13 13:30:00,19.86209505,trend_up,0.5243451820464227
2022-05-13 13:45:00,19.84107696,range,0.7650296528715808
2022-05-13 14:00:00,19.93916138,trend_up,0.5175517101619567
2022-05-13 14:15:00,20.21239655,trend_up,0.7659054292288926
2022-05-13 14:30:00,20.29646891,trend_up,0.589931739184062
2022-05-13 14:45:00,20.12131816,trend_up,0.7126098734898108
2022-05-13 15:00:00,20.21239655,trend_up,0.5622955236539501
2022-05-16 09:45:00,20.21239655,trend_up,0.7535535371401925
2022-05-16 10:00:00,19.9671855,trend_up,0.7120327792700281
2022-05-16 10:15:00,19.9671855,trend_up,0.6401706852213175
2022-05-16 10:30:00,19.86910108,range,0.5449917909084168
2022-05-16 10:45:00,19.93916138,range,0.7419692446177366
2022-05-16 11:00:00,19.80604681,trend_down,0.7120327792700281
2022-05-16 11:15:00,19.85508902,trend_down,0.6035789887180524
2022-05-16 11:30:00,19.77101666,range,0.6052085078829801
2022-05-16 13:15:00,19.67993827,range,0.601419997371903
2022-05-16 13:30:00,19.65892018,trend_down,0.492731786514963
2022-05-16 13:45:00,19.63089606,trend_down,0.8536975731156498
2022-05-16 14:00:00,19.6869443,trend_down,0.49081920708544224
2022-05-16 14:15:00,19.49077546,trend_down,0.9017801636116093
2022-05-16 14:30:00,19.66592621,trend_down,0.5659020569611373
2022-05-16 14:45:00,19.63790209,trend_down,0.7854902754014125
2022-05-16 15:00:00,19.64490812,trend_down,0.7854902754014125
2022-05-17 09:45:00,19.69395033,trend_down,0.7388548684234882
2022-05-17 10:00:00,19.42071516,trend_down,0.8285593242710778
2022-05-17 10:15:00,19.53981767,trend_down,0.8648558390441229
2022-05-17 10:30:00,19.38568501,trend_down,0.8534534017196325
2022-05-17 10:45:00,19.46275134,trend_down,0.8498060578606496
2022-05-17 11:00:00,19.67993827,range,0.5884299824720517
2022-05-17 11:15:00,19.70796239,trend_up,0.5475586497718523
2022-05-17 11:30:00,19.79904078,trend_up,0.7854902754014125
2022-05-17 13:15:00,19.93215535,trend_up,0.48488274680869364
2022-05-17 13:30:00,19.8971252,range,0.505304396257279
2022-05-17 13:45:00,19.85508902,trend_up,0.4984894643758826
2022-05-17 14:00:00,19.79904078,trend_up,0.5032685246974592
2022-05-17 14:15:00,19.8270649,trend_up,0.5089103609251733
2022-05-17 14:30:00,19.89011917,trend_up,0.5714626845565729
2022-05-17 14:45:00,19.91814329,trend_up,0.5089103609251733
2022-05-17 15:00:00,19.89011917,trend_up,0.7374381389707102
2022-05-18 09:45:00,19.56784179,range,0.6093259315332151
2022-05-18 10:00:00,19.63089606,range,0.7189013548861108
2022-05-18 10:15:00,19.63089606,range,0.8212073445816046
2022-05-18 10:30:00,19.53981767,trend_down,0.7854902754014125
2022-05-18 10:45:00,19.4767634,trend_down,0.7325615290221538
2022-05-18 11:00:00,19.58185385,trend_down,0.6577787222618937
2022-05-18 11:15:00,19.58885988,trend_down,0.5081894119700149
2022-05-18 11:30:00,19.65892018,range,0.5540342605988817
2022-05-18 13:15:00,19.77101666,range,0.8559391462599245
2022-05-18 13:30:00,19.92514932,range,0.7839144015868764
2022-05-18 13:45:00,19.96017947,trend_up,0.5349396711305818
2022-05-18 14:00:00,20.29646891,trend_up,0.6711131898342787
2022-05-18 14:15:00,20.1073061,trend_up,0.9270615095272942
2022-05-18 14:30:00,20.18437243,trend_up,0.8142617836188334
2022-05-18 14:45:00,20.1073061,trend_up,0.9417516507203924
2022-05-18 15:00:00,20.07928198,trend_up,0.8147582894121508
2022-05-19 09:45:00,19.65191415,trend_up,0.4743077528822412
2022-05-19 10:00:00,19.52580561,trend_down,0.5008115425279924
2022-05-19 10:15:00,19.51179355,trend_down,0.7060664278228997
2022-05-19 10:30:00,19.42071516,trend_down,0.7060664278228997
2022-05-19 10:45:00,19.51179355,trend_down,0.9384338008120603
2022-05-19 11:00:00,19.49778149,trend_down,0.743964654572322
2022-05-19 11:15:00,19.56083576,trend_down,0.7945915081345013
2022-05-19 11:30:00,19.55382973,trend_down,0.7945915081345013
2022-05-19 13:15:00,19.51179355,trend_down,0.9341245819340346
2022-05-19 13:30:00,19.60287194,trend_down,0.9448570951446239
2022-05-19 13:45:00,19.65191415,trend_down,0.9448570951446239
2022-05-19 14:00:00,19.57484782,trend_down,0.9105308622735405
2022-05-19 14:15:00,19.60287194,trend_down,0.6923523892331434
2022-05-19 14:30:00,19.67293224,trend_up,0.5824918233590364
2022-05-19 14:45:00,19.69395033,range,0.6356567985997432
2022-05-19 15:00:00,19.6869443,range,0.6356567985997432
2022-05-20 09:45:00,19.84808299,trend_up,0.4309780207657378
2022-05-20 10:00:00,19.86209505,trend_up,0.7022557939217796
2022-05-20 10:15:00,19.67993827,range,0.7272474280313435
2022-05-20 10:30:00,19.70796239,range,0.7272474280313435
2022-05-20 10:45:00,19.65191415,range,0.6900963490162731
2022-05-20 11:00:00,19.73598651,range,0.7272474280313435
2022-05-20 11:15:00,19.86209505,range,0.6379345134897959
2022-05-20 11:30:00,19.91814329,trend_up,0.597148488085085
2022-05-20 13:15:00,19.98119756,trend_up,0.5812297646283645
2022-05-20 13:30:00,19.86209505,trend_up,0.6519047507389444
2022-05-20 13:45:00,19.86910108,trend_up,0.6601022639809804
2022-05-20 14:00:00,19.96017947,trend_up,0.5049421497994605
2022-05-20 14:15:00,19.8270649,range,0.5277859471530039
2022-05-20 14:30:00,19.88311314,trend_up,0.5369144893070597
2022-05-20 14:45:00,19.78502872,range,0.7863367821971079
2022-05-20 15:00:00,19.88311314,range,0.4862657206461071
2022-05-23 09:45:00,19.8971252,range,0.4632942236637816
2022-05-23 10:00:00,19.82005887,range,0.8872046872473589
2022-05-23 10:15:00,19.7570046,range,0.8872046872473589
2022-05-23 10:30:00,19.77802269,range,0.7705357985483827
2022-05-23 10:45:00,19.64490812,range,0.7705357985483827
2022-05-23 11:00:00,19.71496842,range,0.8947105530629855
2022-05-23 11:15:00,19.72898048,range,0.6671987597552126
2022-05-23 11:30:00,19.59586591,range,0.6307382521208832
2022-05-23 13:15:00,19.92514932,range,0.7911159453483679
2022-05-23 13:30:00,19.86209505,range,0.7813070530221972
2022-05-23 13:45:00,19.72197445,range,0.8932580625140008
2022-05-23 14:00:00,19.76401063,range,0.9085694331485682
2022-05-23 14:15:00,19.72898048,range,0.9085694331485682
2022-05-23 14:30:00,19.7570046,range,0.8095349036905007
2022-05-23 14:45:00,19.89011917,range,0.49367613118705433
2022-05-23 15:00:00,19.80604681,range,0.49367613118705433
2022-05-24 09:45:00,20.5977282,breakout_up,0.4772100789663188
2022-05-24 10:00:00,20.44359554,trend_up,0.6008592647342702
2022-05-24 10:15:00,20.16335434,trend_up,0.8612978915360555
2022-05-24 10:30:00,20.15634831,trend_up,0.9569306208080132
2022-05-24 10:45:00,19.97419153,trend_up,0.9735686106763175
2022-05-24 11:00:00,19.67993827,trend_down,0.8156601237330515
2022-05-24 11:15:00,19.72898048,trend_down,0.6032138335566802
2022-05-24 11:30:00,19.616884,trend_down,0.7999342837378464
2022-05-24 13:15:00,19.38568501,trend_down,0.9002064655266292
2022-05-24 13:30:00,19.42772119,trend_down,0.929356564652179
2022-05-24 13:45:00,19.4767634,trend_down,0.9399124116508447
2022-05-24 14:00:00,19.39269104,trend_down,0.7723910181007572
2022-05-24 14:15:00,19.43472722,trend_down,0.7542978664825581
2022-05-24 14:30:00,19.30861868,trend_down,0.7624714097997891
2022-05-24 14:45:00,19.27358853,trend_down,0.6940633235826672
2022-05-24 15:00:00,19.23155235,trend_down,0.7171215582709535
2022-05-25 09:45:00,18.73412422,breakout_down,0.4896416104464761
2022-05-25 10:00:00,18.85322673,trend_down,0.48373620513782817
2022-05-25 10:15:00,18.67807598,trend_down,0.968840342841616
2022-05-25 10:30:00,18.5659795,trend_down,0.5156789627930598
2022-05-25 10:45:00,18.55897347,trend_down,0.5245845125643309
2022-05-25 11:00:00,18.60801568,trend_down,0.8958711337427966
2022-05-25 11:15:00,18.73412422,trend_down,0.9679511336517824
2022-05-25 11:30:00,18.83220864,trend_down,0.8927407182097999
2022-05-25 13:15:00,18.89526291,trend_down,0.9735686106763175
2022-05-25 13:30:00,18.90226894,trend_down,0.8952284811874971
2022-05-25 13:45:00,18.90927497,trend_down,0.6980736040839369
2022-05-25 14:00:00,18.95831718,trend_down,0.8827596709537892
2022-05-25 14:15:00,18.9863413,trend_down,0.6980736040839369
2022-05-25 14:30:00,18.82520261,trend_down,0.9653094962875512
2022-05-25 14:45:00,18.93029306,trend_down,0.6910003035373161
2022-05-25 15:00:00,18.92328703,trend_down,0.6910003035373161
2022-05-26 09:45:00,18.60801568,trend_down,0.5780151778860745
2022-05-26 10:00:00,18.51693729,trend_down,0.610832955315968
2022-05-26 10:15:00,18.60100965,trend_down,0.8647943422212422
2022-05-26 10:30:00,18.79017246,trend_down,0.6554353925269597
2022-05-26 10:45:00,18.79017246,trend_down,0.6980736040839369
2022-05-26 11:00:00,18.81119055,range,0.5939970107050291
2022-05-26 11:15:00,18.78316643,trend_down,0.6910003035373161
2022-05-26 11:30:00,18.86723879,range,0.455445798709778
2022-05-26 13:15:00,18.99334733,range,0.6416702795298376
2022-05-26 13:30:00,18.93029306,range,0.8872046872473589
2022-05-26 13:45:00,18.82520261,range,0.4631792005966957
2022-05-26 14:00:00,18.74813628,trend_down,0.6268665679451039
2022-05-26 14:15:00,18.72011216,trend_down,0.7378201178256707
2022-05-26 14:30:00,18.74813628,range,0.6125631315948684
2022-05-26 14:45:00,18.66406392,trend_down,0.6412619597296555
2022-05-26 15:00:00,18.6360398,trend_down,0.5593734999415976
2022-05-27 09:45:00,19.01436542,range,0.6384837358914196
2022-05-27 10:00:00,18.74113025,range,0.5592954350852848
2022-05-27 10:15:00,18.90226894,range,0.5744299068230354
2022-05-27 10:30:00,18.79717849,range,0.5592954350852848
2022-05-27 10:45:00,18.69208804,range,0.5592954350852848
2022-05-27 11:00:00,18.65705789,range,0.5180600844809882
2022-05-27 11:15:00,18.64304583,range,0.5198817745810703
2022-05-27 11:30:00,18.64304583,trend_down,0.4957159495566245
2022-05-27 13:15:00,18.7061001,trend_down,0.5177646269349031
2022-05-27 13:30:00,18.59400362,trend_down,0.5869865257032929
2022-05-27 13:45:00,18.6360398,trend_down,0.5933025115890171
2022-05-27 14:00:00,18.64304583,trend_down,0.5869865257032929
2022-05-27 14:15:00,18.51693729,trend_down,0.7572291499345768
2022-05-27 14:30:00,18.51693729,trend_down,0.6550704656813102
2022-05-27 14:45:00,18.4959192,trend_down,0.8540433404472647
2022-05-27 15:00:00,18.50993126,trend_down,0.6646317013055155
2022-05-30 09:45:00,18.43286493,trend_down,0.8540433404472647
2022-05-30 10:00:00,18.48190714,trend_down,0.8579993070247722
2022-05-30 10:15:00,18.61502171,trend_down,0.8202936324525594
2022-05-30 10:30:00,18.60801568,range,0.6951774987088121
2022-05-30 10:45:00,18.73412422,range,0.6210429185113224
2022-05-30 11:00:00,19.00735939,reversal,0.4403003643114023
2022-05-30 11:15:00,19.07741969,reversal,0.43711297276879013
2022-05-30 11:30:00,19.4067031,breakout_up,0.7344157528180796
2022-05-30 13:15:00,19.44873928,trend_up,0.8268928487385393
2022-05-30 13:30:00,19.53981767,trend_up,0.9567949741861582
2022-05-30 13:45:00,19.49077546,trend_up,0.5238087613397967
2022-05-30 14:00:00,19.44173325,trend_up,0.9206961464705191
2022-05-30 14:15:00,19.48376943,trend_up,0.9742323281814625
2022-05-30 14:30:00,19.71496842,trend_up,0.5293985367695945
2022-05-30 14:45:00,19.76401063,trend_up,0.968840342841616
2022-05-30 15:00:00,19.72898048,trend_up,0.5407135016471885
2022-05-31 09:45:00,19.59586591,trend_up,0.938106489634533
2022-05-31 10:00:00,19.71496842,trend_up,0.9742323281814625
2022-05-31 10:15:00,19.8270649,trend_up,0.9252994599362988
2022-05-31 10:30:00,20.07928198,trend_up,0.650891337907891
2022-05-31 10:45:00,20.28245685,trend_up,0.48351442822878427
2022-05-31 11:00:00,20.3875473,trend_up,0.5384873087544113
2022-05-31 11:15:00,20.46461363,trend_up,0.5384873087544113
2022-05-31 11:30:00,20.51365584,trend_up,0.5146402051572644
2022-05-31 13:15:00,20.82192116,trend_up,0.5407135016471885
2022-05-31 13:30:00,20.92000558,trend_up,0.5387730654631989
2022-05-31 13:45:00,20.70982468,trend_up,0.5390484451925946
2022-05-31 14:00:00,20.78689101,trend_up,0.8958711337427966
2022-05-31 14:15:00,20.75186086,trend_up,0.8958711337427966
2022-05-31 14:30:00,20.77287895,trend_up,0.8958711337427966
2022-05-31 14:45:00,20.79389704,trend_up,0.9230955164120815
2022-05-31 15:00:00,20.7378488,trend_up,0.9212211388208612
2022-06-01 09:45:00,21.18623472,trend_up,0.4839498821261851
2022-06-01 10:00:00,21.23527693,trend_up,0.968840342841616
2022-06-01 10:15:00,21.4384518,trend_up,0.6516806989816127
2022-06-01 10:30:00,21.45246386,trend_up,0.6516806989816127
2022-06-01 10:45:00,21.60659652,trend_up,0.6520540232133425
2022-06-01 11:00:00,21.55054828,trend_up,0.9705246689210671
2022-06-01 11:15:00,21.38240356,trend_up,0.9742323281814625
2022-06-01 11:30:00,21.38240356,trend_up,0.9735686106763175
2022-06-01 13:15:00,21.40342165,trend_up,0.9735686106763175
2022-06-01 13:30:00,21.18623472,trend_up,0.9653094962875512
2022-06-01 13:45:00,21.21425884,trend_up,0.9042349703146398
2022-06-01 14:00:00,21.1582106,trend_up,0.9013151139342803
2022-06-01 14:15:00,21.19324075,trend_up,0.9013151139342803
2022-06-01 14:30:00,21.20024678,trend_up,0.9013151139342803
2022-06-01 14:45:00,21.2282709,trend_up,0.8983132835346506
2022-06-01 15:00:00,21.22126487,trend_up,0.8983132835346506
2022-06-02 09:45:00,21.18623472,trend_up,0.9653094962875512
2022-06-02 10:00:00,21.62761461,trend_up,0.9735686106763175
2022-06-02 10:15:00,21.55755431,trend_up,0.9270615095272942
2022-06-02 10:30:00,21.6486327,trend_up,0.7605654531069711
2022-06-02 10:45:00,21.69066888,trend_up,0.7345382106059514
2022-06-02 11:00:00,21.71168697,trend_up,0.7714909354592001
2022-06-02 11:15:00,21.80977139,trend_up,0.6230635743477383
2022-06-02 11:30:00,21.80977139,trend_up,0.6159946169915211
2022-06-02 13:15:00,21.94288596,trend_up,0.6341686678836979
2022-06-02 13:30:00,22.12504274,trend_up,0.6504743209313293
2022-06-02 13:45:00,22.06198847,trend_up,0.6345650335292518
2022-06-02 14:00:00,22.05498244,trend_up,0.8927407182097999
2022-06-02 14:15:00,22.09001259,trend_up,0.9742323281814625
2022-06-02 14:30:00,22.18809701,trend_up,0.9679511336517824
2022-06-02 14:45:00,22.14606083,trend_up,0.8927407182097999
2022-06-02 15:00:00,22.25115128,trend_up,0.9322810957908073
2022-06-06 09:45:00,22.31420555,trend_up,0.9322810957908073
2022-06-06 10:00:00,22.17408495,trend_up,0.6312008606191041
2022-06-06 10:15:00,22.0689945,trend_up,0.9653094962875512
2022-06-06 10:30:00,21.86581963,trend_down,0.8156601237330515
2022-06-06 10:45:00,21.93587993,trend_up,0.8156601237330515
2022-06-06 11:00:00,21.91486184,trend_down,0.8156601237330515
2022-06-06 11:15:00,21.97091008,trend_up,0.8156601237330515
2022-06-06 11:30:00,21.86581963,trend_up,0.8156601237330515
2022-06-06 13:15:00,22.11803671,trend_up,0.8144270115893723
2022-06-06 13:30:00,22.00594023,trend_up,0.8414240059105436
2022-06-06 13:45:00,21.92186787,range,0.6299592696573502
2022-06-06 14:00:00,21.97091008,range,0.7497206378675046
2022-06-06 14:15:00,22.10402465,trend_up,0.5804954938016856
2022-06-06 14:30:00,22.20210907,trend_up,0.7563838706517836
2022-06-06 14:45:00,22.0689945,trend_up,0.6956124261749731
2022-06-06 15:00:00,22.07600053,trend_up,0.5804954938016856
2022-06-07 09:45:00,21.87983169,range,0.6241366913594073
2022-06-07 10:00:00,21.5785724,trend_down,0.6729364787731773
2022-06-07 10:15:00,21.49450004,trend_down,0.8759429074363255
2022-06-07 10:30:00,21.37539753,trend_down,0.6564250658838378
2022-06-07 10:45:00,21.27030708,trend_down,0.6995199523427611
2022-06-07 11:00:00,21.17922869,trend_down,0.898902186604822
2022-06-07 11:15:00,21.27030708,trend_down,0.8452061671728198
2022-06-07 11:30:00,21.38240356,trend_down,0.8993481562721959
2022-06-07 13:15:00,21.24228296,trend_down,0.8993481562721959
2022-06-07 13:30:00,21.26330105,trend_down,0.7707603053954855
2022-06-07 13:45:00,21.20725281,trend_down,0.8164731192348211
2022-06-07 14:00:00,21.30533723,trend_down,0.9096603708933312
2022-06-07 14:15:00,21.34737341,trend_down,0.8164731192348211
2022-06-07 14:30:00,21.44545783,trend_down,0.8164731192348211
2022-06-07 14:45:00,21.33336135,trend_down,0.9096603708933312
2022-06-07 15:00:00,21.35437944,trend_down,0.8164731192348211
2022-06-08 09:45:00,21.3683915,breakout_down,0.6923303623467053
2022-06-08 10:00:00,21.13018648,trend_down,0.6401710500801968
2022-06-08 10:15:00,20.95503573,breakout_down,0.47854180268871205
2022-06-08 10:30:00,21.01809,trend_down,0.5353414024884853
2022-06-08 10:45:00,21.03910809,trend_down,0.9569306208080132
2022-06-08 11:00:00,21.06012618,trend_down,0.8986267431189191
2022-06-08 11:15:00,20.74485483,trend_down,0.9266725127568318
2022-06-08 11:30:00,20.61874629,trend_down,0.6516806989816127
2022-06-08 13:15:00,20.66078247,trend_down,0.650934359834223
2022-06-08 13:30:00,20.55569202,trend_down,0.9339013390805402
2022-06-08 13:45:00,20.60473423,trend_down,0.9696978493388541
2022-06-08 14:00:00,20.68880659,trend_down,0.9741497011086431
2022-06-08 14:15:00,20.82892719,trend_down,0.9321427773149108
2022-06-08 14:30:00,20.89198146,trend_down,0.9448570951446239
2022-06-08 14:45:00,20.89198146,trend_down,0.9354955585943002
2022-06-08 15:00:00,21.03210206,trend_up,0.7999342837378464
2022-06-09 09:45:00,20.79389704,trend_up,0.9366146637350224
2022-06-09 10:00:00,20.84293925,trend_up,0.7999342837378464
2022-06-09 10:15:00,20.76587292,trend_up,0.7999342837378464
2022-06-09 10:30:00,20.58371614,trend_up,0.7999342837378464
2022-06-09 10:45:00,20.59072217,trend_down,0.8965282913525047
2022-06-09 11:00:00,20.5977282,trend_down,0.5175517101619567
2022-06-09 11:15:00,20.61174026,range,0.4998327188151898
2022-06-09 11:30:00,20.49263775,trend_down,0.4809357475149519
2022-06-09 13:15:00,20.43658951,trend_down,0.5386523344814591
2022-06-09 13:30:00,20.40856539,trend_down,0.46265291113309004
2022-06-09 13:45:00,20.43658951,trend_down,0.5369144893070597
2022-06-09 14:00:00,20.45060157,trend_down,0.6552466412141474
2022-06-09 14:15:00,20.55569202,trend_down,0.6159256428573411
2022-06-09 14:30:00,20.59072217,range,0.7039203067203377
2022-06-09 14:45:00,20.7378488,trend_up,0.5039668211840818
2022-06-09 15:00:00,20.63275835,trend_up,0.5039668211840818
2022-06-10 09:45:00,21.48048798,trend_up,0.42101339337713745
2022-06-10 10:00:00,21.38940959,trend_up,0.7249164009497114
2022-06-10 10:15:00,21.5785724,trend_up,0.8302963590273765
2022-06-10 10:30:00,21.42443974,trend_up,0.9526892231117793
2022-06-10 10:45:00,21.30533723,trend_up,0.9025533180197977
2022-06-10 11:00:00,21.28431914,trend_up,0.8722053219439818
2022-06-10 11:15:00,21.24928899,trend_up,0.9005271499839334
2022-06-10 11:30:00,21.30533723,trend_up,0.9742323281814625
2022-06-10 13:15:00,21.31234326,trend_up,0.9742323281814625
2022-06-10 13:30:00,21.24228296,trend_up,0.9182273385573261
2022-06-10 13:45:00,21.28431914,trend_up,0.9182273385573261
2022-06-10 14:00:00,21.28431914,trend_up,0.9182273385573261
2022-06-10 14:15:00,21.30533723,trend_up,0.9182273385573261
2022-06-10 14:30:00,21.24228296,trend_up,0.9162450753751263
2022-06-10 14:45:00,21.30533723,trend_up,0.9182273385573261
2022-06-10 15:00:00,21.28431914,trend_up,0.9162450753751263
2022-06-13 09:45:00,20.72383674,trend_down,0.8135403095324131
2022-06-13 10:00:00,21.01809,trend_down,0.9096603708933312
2022-06-13 10:15:00,20.91299955,trend_down,0.9096603708933312
2022-06-13 10:30:00,21.01809,trend_down,0.9096603708933312
2022-06-13 10:45:00,21.03910809,trend_down,0.9096603708933312
2022-06-13 11:00:00,20.93401764,trend_down,0.7604757499852173
2022-06-13 11:15:00,20.91299955,trend_down,0.8895342149017359
2022-06-13 11:30:00,20.8079091,trend_down,0.9028419690136968
2022-06-13 13:15:00,21.46647592,reversal,0.6017897605048871
2022-06-13 13:30:00,21.38240356,trend_up,0.8204744981771703
2022-06-13 13:45:00,21.48749401,trend_up,0.8350586503954603
2022-06-13 14:00:00,21.19324075,trend_up,0.5034235427905931
2022-06-13 14:15:00,21.2983312,trend_up,0.9403025693492182
2022-06-13 14:30:00,21.30533723,trend_up,0.9403025693492182
2022-06-13 14:45:00,21.26330105,trend_up,0.8107846739053404
2022-06-13 15:00:00,21.26330105,trend_up,0.5593734999415976
2022-06-14 09:45:00,20.74485483,range,0.6299592696573502
2022-06-14 10:00:00,20.95503573,range,0.5662926162526309
2022-06-14 10:15:00,21.05312015,range,0.7535994836059334
2022-06-14 10:30:00,20.92701161,range,0.7535994836059334
2022-06-14 10:45:00,20.83593322,trend_down,0.7624714097997891
2022-06-14 11:00:00,20.66078247,trend_down,0.9252046244540505
2022-06-14 11:15:00,20.56269805,trend_down,0.9032947504131683
2022-06-14 11:30:00,20.50664981,trend_down,0.6291763895745622
2022-06-14 13:15:00,20.71683071,trend_down,0.9735686106763175
2022-06-14 13:30:00,20.69581262,trend_down,0.9187684356464907
2022-06-14 13:45:00,20.85695131,trend_down,0.9653094962875512
2022-06-14 14:00:00,20.89898749,trend_down,0.6491959135829651
2022-06-14 14:15:00,20.94102367,trend_up,0.6428670560630614
2022-06-14 14:30:00,21.05312015,trend_up,0.8037830379511186
2022-06-14 14:45:00,21.01108397,trend_up,0.8037830379511186
2022-06-14 15:00:00,21.12318045,trend_up,0.5736738136438655
2022-06-15 09:45:00,21.5785724,trend_up,0.7032530441976551
2022-06-15 10:00:00,21.52953019,trend_up,0.6816239007348812
2022-06-15 10:15:00,21.51551813,trend_up,0.9558414499823895
2022-06-15 10:30:00,21.75372315,trend_up,0.8563647491599883
2022-06-15 10:45:00,21.56456034,trend_up,0.897989906797047
2022-06-15 11:00:00,21.28431914,trend_up,0.9653094962875512
2022-06-15 11:15:00,21.42443974,trend_up,0.9735686106763175
2022-06-15 11:30:00,21.38240356,trend_up,0.8902144987503774
2022-06-15 13:15:00,21.92186787,trend_up,0.8273627485107009
2022-06-15 13:30:00,22.16707892,trend_up,0.4636947344470649
2022-06-15 13:45:00,22.04097038,trend_up,0.9569306208080132
2022-06-15 14:00:00,22.04797641,trend_up,0.9075479579203247
2022-06-15 14:15:00,21.94989199,trend_up,0.9742323281814625
2022-06-15 14:30:00,21.71168697,trend_up,0.9735686106763175
2022-06-15 14:45:00,21.66264476,trend_up,0.9212211388208612
2022-06-15 15:00:00,21.64162667,trend_up,0.9653094962875512
2022-06-16 09:45:00,21.77474124,trend_up,0.9314574362320277
2022-06-16 10:00:00,21.80977139,trend_up,0.9680422957267861
2022-06-16 10:15:00,21.80276536,trend_up,0.8934098402710774
2022-06-16 10:30:00,21.7887533,trend_up,0.878459223905384
2022-06-16 10:45:00,21.82378345,trend_up,0.8934098402710774
2022-06-16 11:00:00,21.92186787,trend_up,0.8153836840655707
2022-06-16 11:15:00,21.88683772,trend_up,0.8107846739053404
2022-06-16 11:30:00,21.90785581,trend_up,0.8107846739053404
2022-06-16 13:15:00,22.09701862,trend_up,0.9384338008120603
2022-06-16 13:30:00,21.9989342,trend_up,0.5838886751055224
2022-06-16 13:45:00,21.97791611,trend_up,0.5838886751055224
2022-06-16 14:00:00,21.90084978,trend_up,0.7023470941254666
2022-06-16 14:15:00,21.99192817,trend_up,0.5570089209018335
2022-06-16 14:30:00,21.97091008,trend_up,0.5634423903357022
2022-06-16 14:45:00,21.97791611,trend_up,0.5547125544476372
2022-06-16 15:00:00,21.90785581,range,0.5096759806726077
2022-06-17 09:45:00,22.3492357,trend_up,0.7850070332441309
2022-06-17 10:00:00,22.49636233,trend_up,0.7437327736490063
2022-06-17 10:15:00,22.54540454,trend_up,0.8532603527991378
2022-06-17 10:30:00,22.57342866,trend_up,0.8532603527991378
2022-06-17 10:45:00,22.69253117,trend_up,0.6372585403282437
2022-06-17 11:00:00,22.22312716,trend_up,0.9735686106763175
2022-06-17 11:15:00,22.41228997,trend_up,0.9742323281814625
2022-06-17 11:30:00,22.70654323,trend_up,0.9742323281814625
2022-06-17 13:15:00,23.14792312,trend_up,0.6008592647342703
2022-06-17 13:30:00,23.64535125,trend_up,0.4450736263702546
2022-06-17 13:45:00,23.46319447,trend_up,0.4450736263702546
2022-06-17 14:00:00,23.46319447,trend_up,0.9742323281814625
2022-06-17 14:15:00,23.73642964,trend_up,0.9742323281814625
2022-06-17 14:30:00,23.7504417,trend_up,0.9742323281814625
2022-06-17 14:45:00,23.68738743,trend_up,0.9206961464705191
2022-06-17 15:00:00,23.64535125,trend_up,0.8927407182097999
2022-06-20 09:45:00,23.6103211,trend_up,0.634565033529252
2022-06-20 10:00:00,23.52624874,trend_up,0.8927407182097999
2022-06-20 10:15:00,23.52624874,trend_up,0.9679511336517824
2022-06-20 10:30:00,23.49121859,trend_up,0.9671310851438669
2022-06-20 10:45:00,23.35109799,trend_up,0.8596638413505254
2022-06-20 11:00:00,23.3300799,trend_up,0.8952284811874971
2022-06-20 11:15:00,23.2600196,trend_up,0.8952284811874971
2022-06-20 11:30:00,23.48421256,trend_up,0.9735686106763175
2022-06-20 13:15:00,23.35109799,trend_up,0.8952284811874971
2022-06-20 13:30:00,23.39313417,trend_up,0.6910003035373161
2022-06-20 13:45:00,23.36511005,trend_up,0.6491959135829651
2022-06-20 14:00:00,23.40714623,trend_up,0.6463336002171052
2022-06-20 14:15:00,23.3300799,trend_up,0.6159256428573411
2022-06-20 14:30:00,23.32307387,range,0.655257203448431
2022-06-20 14:45:00,23.29504975,range,0.7677607354609383
2022-06-20 15:00:00,23.24600754,range,0.7535994836059334
2022-06-21 09:45:00,23.0498387,range,0.5306978715594177
2022-06-21 10:00:00,22.96576634,trend_down,0.5784900787933461
2022-06-21 10:15:00,22.73456735,trend_down,0.7835340161487181
2022-06-21 10:30:00,22.67851911,trend_down,0.5847862610436435
2022-06-21 10:45:00,22.6294769,trend_down,0.7923953100796084
2022-06-21 11:00:00,22.6294769,trend_down,0.794047661233444
2022-06-21 11:15:00,22.9097181,trend_down,0.7040978686100972
2022-06-21 11:30:00,23.02882061,trend_down,0.7604757499852173
2022-06-21 13:15:00,22.83265177,trend_down,0.7604757499852173
2022-06-21 13:30:00,22.81863971,trend_down,0.7604757499852173
2022-06-21 13:45:00,22.74857941,trend_down,0.8375576247161503
2022-06-21 14:00:00,22.90271207,trend_down,0.7040978686100972
2022-06-21 14:15:00,22.74857941,trend_down,0.596558045177641
2022-06-21 14:30:00,22.65049499,trend_down,0.7040978686100972
2022-06-21 14:45:00,22.96576634,reversal,0.4348863490896934
2022-06-21 15:00:00,22.89570604,range,0.5455324485346053
2022-06-22 09:45:00,22.9097181,range,0.5535792882961624
2022-06-22 10:00:00,23.0498387,trend_up,0.5894533561033574
2022-06-22 10:15:00,23.119899,trend_up,0.6412619597296555
2022-06-22 10:30:00,23.19696533,trend_up,0.6563220120971588
2022-06-22 10:45:00,23.1899593,trend_up,0.5558584756403866
2022-06-22 11:00:00,22.9797784,trend_up,0.7010959321612099
2022-06-22 11:15:00,23.03582664,trend_up,0.7563838706517836
2022-06-22 11:30:00,23.0498387,trend_up,0.5836001449388807
2022-06-22 13:15:00,23.01480855,trend_up,0.5142803300338894
2022-06-22 13:30:00,22.70654323,range,0.5592954350852848
2022-06-22 13:45:00,22.86067589,range,0.5592954350852848
2022-06-22 14:00:00,22.6995372,range,0.8738031437839128
2022-06-22 14:15:00,22.53839851,range,0.5592954350852848
2022-06-22 14:30:00,22.44732012,trend_down,0.7596460973224537
2022-06-22 14:45:00,22.419296,trend_down,0.7912276721569185
2022-06-22 15:00:00,22.3492357,trend_down,0.5325537280457242
2022-06-23 09:45:00,22.8396578,reversal,0.6042039849043865
2022-06-23 10:00:00,22.9797784,reversal,0.6191690191516286
2022-06-23 10:15:00,23.03582664,trend_up,0.44258257630733017
2022-06-23 10:30:00,22.9797784,trend_up,0.5963623155074708
2022-06-23 10:45:00,23.35109799,trend_up,0.7994747456086021
2022-06-23 11:00:00,23.32307387,trend_up,0.9735686106763175
2022-06-23 11:15:00,23.63834522,trend_up,0.8236009728483051
2022-06-23 11:30:00,24.05170099,trend_up,0.6008592647342702
2022-06-23 13:15:00,24.44403867,trend_up,0.4850766622556711
2022-06-23 13:30:00,24.1007432,trend_up,0.9742323281814625
2022-06-23 13:45:00,24.0306829,trend_up,0.9742323281814625
2022-06-23 14:00:00,24.12176129,trend_up,0.9182273385573261
2022-06-23 14:15:00,24.07972511,trend_up,0.9182273385573261
2022-06-23 14:30:00,24.02367687,trend_up,0.9742323281814625
2022-06-23 14:45:00,24.17780953,trend_up,0.9742323281814625
2022-06-23 15:00:00,24.1007432,trend_up,0.9182273385573261
2022-06-24 09:45:00,24.41601455,trend_up,0.5293985367695945
2022-06-24 10:00:00,24.2408638,trend_up,0.967029182099857
2022-06-24 10:15:00,24.37397837,trend_up,0.967029182099857
2022-06-24 10:30:00,24.31793013,trend_up,0.9182273385573261
2022-06-24 10:45:00,24.19182159,trend_up,0.9742323281814625
2022-06-24 11:00:00,24.04469496,trend_up,0.9653094962875512
2022-06-24 11:15:00,24.0306829,trend_up,0.8920597894315797
2022-06-24 11:30:00,24.00966481,trend_up,0.8920597894315797
2022-06-24 13:15:00,23.84852612,trend_up,0.8156601237330515
2022-06-24 13:30:00,23.88355627,trend_up,0.8156601237330515
2022-06-24 13:45:00,23.91158039,range,0.8071915136673933
2022-06-24 14:00:00,24.11475526,range,0.5799617300945734
2022-06-24 14:15:00,24.02367687,range,0.8891015305300419
2022-06-24 14:30:00,23.93259848,range,0.8071915136673933
2022-06-24 14:45:00,23.89756833,range,0.8071915136673933
2022-06-24 15:00:00,24.03768893,range,0.6412288529727601
2022-06-27 09:45:00,23.86954421,range,0.6383083886878206
2022-06-27 10:00:00,23.54726683,trend_down,0.789537941146245
2022-06-27 10:15:00,23.58229698,trend_down,0.5644361099489474
2022-06-27 10:30:00,23.56127889,trend_down,0.5824918233590364
2022-06-27 10:45:00,23.61732713,trend_down,0.8724350267186767
2022-06-27 11:00:00,23.42115829,trend_down,0.7604757499852173
2022-06-27 11:15:00,23.36511005,trend_down,0.7574696516040048
2022-06-27 11:30:00,23.35109799,trend_down,0.7604757499852173
2022-06-27 13:15:00,23.43517035,trend_down,0.8959112403874824
2022-06-27 13:30:00,23.40714623,trend_down,0.8959112403874824
2022-06-27 13:45:00,23.39313417,trend_down,0.7040978686100972
2022-06-27 14:00:00,23.35109799,trend_down,0.5182498481931086
2022-06-27 14:15:00,23.32307387,trend_down,0.6359685894540297
2022-06-27 14:30:00,23.21097739,trend_down,0.837145802717449
2022-06-27 14:45:00,23.50523065,trend_down,0.7040978686100972
2022-06-27 15:00:00,23.4702005,range,0.5067820346763223
2022-06-28 09:45:00,22.74857941,breakout_down,0.4395268815779005
2022-06-28 10:00:00,22.90271207,trend_down,0.4738546875419087
2022-06-28 10:15:00,22.84666383,trend_down,0.8722053219439818
2022-06-28 10:30:00,22.92373016,trend_down,0.8747281281567539
2022-06-28 10:45:00,23.0498387,trend_down,0.8809916065289201
2022-06-28 11:00:00,23.00780252,trend_down,0.8835923464260621
2022-06-28 11:15:00,23.0498387,trend_down,0.8835923464260621
2022-06-28 11:30:00,23.0498387,trend_down,0.8835923464260621
2022-06-28 13:15:00,23.00780252,trend_down,0.9544574003068366
2022-06-28 13:30:00,23.04283267,trend_down,0.8515062925947642
2022-06-28 13:45:00,23.02181458,trend_down,0.8515062925947642
2022-06-28 14:00:00,23.16894121,trend_down,0.850094082048078
2022-06-28 14:15:00,23.15492915,trend_down,0.6838346188890555
2022-06-28 14:30:00,23.2600196,reversal,0.5284332270609065
2022-06-28 14:45:00,23.12690503,range,0.7071529133931204
2022-06-28 15:00:00,23.18295327,range,0.7071529133931204
2022-06-29 09:45:00,22.3492357,trend_down,0.4343949729128341
2022-06-29 10:00:00,22.25815731,trend_down,0.9046300616501409
2022-06-29 10:15:00,22.10402465,trend_down,0.5353414024884853
2022-06-29 10:30:00,21.8588136,trend_down,0.5353414024884853
2022-06-29 10:45:00,22.04097038,trend_down,0.5293985367695945
2022-06-29 11:00:00,21.86581963,trend_down,0.9742323281814625
2022-06-29 11:15:00,21.91486184,trend_down,0.967029182099857
2022-06-29 11:30:00,21.69767491,trend_down,0.8219355018305541
2022-06-29 13:15:00,21.5085121,trend_down,0.5387730654631989
2022-06-29 13:30:00,21.72569903,trend_down,0.5387730654631989
2022-06-29 13:45:00,21.62060858,trend_down,0.8219355018305541
2022-06-29 14:00:00,21.48749401,trend_down,0.9679511336517824
2022-06-29 14:15:00,21.93587993,trend_down,0.8180814688784405
2022-06-29 14:30:00,21.73971109,trend_down,0.9679511336517824
2022-06-29 14:45:00,21.60659652,trend_down,0.9679511336517824
2022-06-29 15:00:00,21.59258446,trend_down,0.9187684356464907
2022-06-30 09:45:00,21.94989199,trend_down,0.9569493631443057
2022-06-30 10:00:00,21.72569903,trend_down,0.9735686106763175
2022-06-30 10:15:00,21.54354225,trend_down,0.9735686106763175
2022-06-30 10:30:00,21.77474124,trend_down,0.934401781259849
2022-06-30 10:45:00,21.58557843,trend_down,0.9496354774399214
2022-06-30 11:00:00,21.55054828,trend_down,0.9671310851438669
2022-06-30 11:15:00,21.31234326,trend_down,0.7960716527001371
2022-06-30 11:30:00,21.38240356,trend_down,0.7930436497427118
2022-06-30 13:15:00,21.28431914,trend_down,0.8187951684133765
2022-06-30 13:30:00,21.33336135,trend_down,0.8232739158956033
2022-06-30 13:45:00,21.3683915,trend_down,0.8153836840655707
2022-06-30 14:00:00,21.37539753,trend_down,0.7624714097997891
2022-06-30 14:15:00,21.55054828,trend_down,0.7080317345949005
2022-06-30 14:30:00,21.63462064,range,0.49209851201904514
2022-06-30 14:45:00,21.63462064,range,0.6941415031866094
2022-06-30 15:00:00,21.79575933,trend_up,0.4639852444248265
2022-07-01 09:45:00,21.99192817,trend_up,0.45678378249712875
2022-07-01 10:00:00,21.83078948,trend_up,0.8164731192348211
2022-07-01 10:15:00,21.86581963,trend_up,0.8524900881344755
2022-07-01 10:30:00,21.62761461,trend_down,0.9037099434649061
2022-07-01 10:45:00,21.63462064,trend_down,0.7912276721569186
2022-07-01 11:00:00,21.45946989,trend_down,0.9203653755158664
2022-07-01 11:15:00,21.41042768,trend_down,0.9203653755158664
2022-07-01 11:30:00,21.16521663,trend_down,0.9269013572982466
2022-07-01 13:15:00,21.17922869,trend_down,0.5499491365890556
2022-07-01 13:30:00,21.14419854,trend_down,0.38833003500260554
2022-07-01 13:45:00,21.07413824,trend_down,0.5260651882901183
2022-07-01 14:00:00,21.03910809,trend_down,0.9016137202431637
2022-07-01 14:15:00,21.06012618,trend_down,0.9365728327825781
2022-07-01 14:30:00,20.99707191,trend_down,0.9254264981159408
2022-07-01 14:45:00,21.03910809,trend_down,0.9254264981159408
2022-07-01 15:00:00,20.97605382,trend_down,0.9254264981159408
2022-07-04 09:45:00,21.4384518,reversal,0.6180107258391874
2022-07-04 10:00:00,21.4384518,trend_up,0.6073029387372603
2022-07-04 10:15:00,21.60659652,trend_up,0.8156601237330515
2022-07-04 10:30:00,21.55755431,trend_up,0.6032138335566802
2022-07-04 10:45:00,21.60659652,trend_up,0.9366146637350224
2022-07-04 11:00:00,21.70468094,trend_up,0.8993481562721959
2022-07-04 11:15:00,21.62761461,trend_up,0.8993481562721959
2022-07-04 11:30:00,21.63462064,trend_up,0.8993481562721959
2022-07-04 13:15:00,21.75372315,trend_up,0.9002064655266292
2022-07-04 13:30:00,21.80276536,trend_up,0.7757646083214381
2022-07-04 13:45:00,21.7887533,trend_up,0.8489039039438464
2022-07-04 14:00:00,21.82378345,trend_up,0.5963449485470286
2022-07-04 14:15:00,21.90785581,trend_up,0.5952061599032016
2022-07-04 14:30:00,21.93587993,range,0.4907526302524264
2022-07-04 14:45:00,21.98492214,trend_up,0.5360031449433499
2022-07-04 15:00:00,22.04097038,trend_up,0.6300146308119627
2022-07-05 09:45:00,22.42630203,breakout_up,0.44738811271560824
2022-07-05 10:00:00,22.2091151,trend_up,0.8976590831882497
2022-07-05 10:15:00,21.87282566,trend_up,0.8976590831882497
2022-07-05 10:30:00,21.61360255,trend_down,0.5739474073462888
2022-07-05 10:45:00,21.50150607,trend_down,0.8976590831882497
2022-07-05 11:00:00,21.41743371,trend_down,0.8123414493055849
2022-07-05 11:15:00,21.4384518,trend_down,0.9526892231117793
2022-07-05 11:30:00,21.62761461,trend_down,0.9735686106763175
2022-07-05 13:15:00,21.52252416,trend_down,0.8902144987503774
2022-07-05 13:30:00,21.48048798,trend_down,0.8902144987503774
2022-07-05 13:45:00,21.26330105,trend_down,0.8765898312370565
2022-07-05 14:00:00,21.32635532,trend_down,0.7547416050698093
2022-07-05 14:15:00,21.39641562,trend_down,0.7174331767668176
2022-07-05 14:30:00,21.55054828,trend_down,0.6573104566453738
2022-07-05 14:45:00,21.64162667,range,0.6241366913594073
2022-07-05 15:00:00,21.5785724,range,0.7687647182774826
2022-07-06 09:45:00,21.91486184,range,0.795484194260536
2022-07-06 10:00:00,21.9989342,range,0.6384837358914196
2022-07-06 10:15:00,21.7887533,range,0.795484194260536
2022-07-06 10:30:00,21.65563873,range,0.795484194260536
2022-07-06 10:45:00,21.81677742,range,0.7482809570184261
2022-07-06 11:00:00,21.73971109,range,0.8953960049953154
2022-07-06 11:15:00,21.62060858,range,0.8953960049953154
2022-07-06 11:30:00,21.718693,range,0.9072981748131455
2022-07-06 13:15:00,21.66965079,range,0.8872046872473589
2022-07-06 13:30:00,21.63462064,range,0.6629975606461551
2022-07-06 13:45:00,21.87983169,range,0.8872046872473589
2022-07-06 14:00:00,21.63462064,range,0.8872046872473589
2022-07-06 14:15:00,21.66264476,range,0.8068890267785982
2022-07-06 14:30:00,21.5785724,trend_down,0.5192473552444465
2022-07-06 14:45:00,21.5785724,range,0.5216441438981175
2022-07-06 15:00:00,21.6486327,trend_down,0.499634526148304
2022-07-07 09:45:00,22.11103068,range,0.7976161822689268
2022-07-07 10:00:00,22.28618143,trend_up,0.4987461880568395
2022-07-07 10:15:00,22.3492357,trend_up,0.7210311064321727
2022-07-07 10:30:00,22.37025379,trend_up,0.7868612619041074
2022-07-07 10:45:00,22.40528394,trend_up,0.9156880955987667
2022-07-07 11:00:00,22.37725982,trend_up,0.9156880955987667
2022-07-07 11:15:00,22.36324776,trend_up,0.8859197621083211
2022-07-07 11:30:00,22.4893563,trend_up,0.8541159618293133
2022-07-07 13:15:00,22.40528394,trend_up,0.6341686678836979
2022-07-07 13:30:00,22.35624173,trend_up,0.8892108789204528
2022-07-07 13:45:00,22.30719952,trend_up,0.9179802441287964
2022-07-07 14:00:00,22.41228997,trend_up,0.8892108789204528
2022-07-07 14:15:00,22.51738042,trend_up,0.967029182099857
2022-07-07 14:30:00,22.53139248,trend_up,0.967029182099857
2022-07-07 14:45:00,22.60845881,trend_up,0.967029182099857
2022-07-07 15:00:00,22.52438645,trend_up,0.8895342149017359
2022-07-08 09:45:00,22.51037439,trend_up,0.5293985367695945
2022-07-08 10:00:00,22.23713922,trend_down,0.5529036999713479
2022-07-08 10:15:00,22.38426585,trend_down,0.5550063377610251
2022-07-08 10:30:00,22.419296,trend_up,0.7656634859672273
2022-07-08 10:45:00,22.50336836,trend_up,0.5239737120696346
2022-07-08 11:00:00,22.44732012,range,0.5016324948275044
2022-07-08 11:15:00,22.50336836,trend_up,0.6974420134051905
2022-07-08 11:30:00,22.51037439,trend_up,0.7124680888866436
2022-07-08 13:15:00,22.47534424,trend_up,0.749138364960829
2022-07-08 13:30:00,22.44732012,range,0.5946701451940491
2022-07-08 13:45:00,22.12504274,range,0.5662926162526309
2022-07-08 14:00:00,22.17408495,range,0.5851334218962132
2022-07-08 14:15:00,22.15306686,range,0.7521371808182002
2022-07-08 14:30:00,22.18809701,range,0.7521371808182002
2022-07-08 14:45:00,22.24414525,trend_down,0.6956124261749731
2022-07-08 15:00:00,22.14606083,trend_down,0.6956124261749731
2022-07-11 09:45:00,21.80977139,trend_down,0.7350118617076901
2022-07-11 10:00:00,21.64162667,trend_down,0.9496354774399214
2022-07-11 10:15:00,21.83779551,trend_down,0.9505140032602493
2022-07-11 10:30:00,21.57156637,trend_down,0.9505140032602493
2022-07-11 10:45:00,21.68366285,trend_down,0.9742323281814625
2022-07-11 11:00:00,21.52252416,trend_down,0.9742323281814625
2022-07-11 11:15:00,21.52252416,trend_down,0.9742323281814625
2022-07-11 11:30:00,21.48048798,trend_down,0.9742323281814625
2022-07-11 13:15:00,21.51551813,trend_down,0.9742323281814625
2022-07-11 13:30:00,21.59258446,trend_down,0.9742323281814625
2022-07-11 13:45:00,21.52953019,trend_down,0.968840342841616
2022-07-11 14:00:00,21.53653622,trend_down,0.968840342841616
2022-07-11 14:15:00,21.76072918,trend_down,0.9680422957267861
2022-07-11 14:30:00,21.84480154,trend_up,0.8993481562721959
2022-07-11 14:45:00,22.13204877,trend_up,0.5784702925237408
2022-07-11 15:00:00,21.82378345,trend_up,0.5784702925237408
2022-07-12 09:45:00,21.5785724,trend_down,0.7970122181324113
2022-07-12 10:00:00,21.81677742,trend_up,0.5784702925237408
2022-07-12 10:15:00,21.80977139,trend_up,0.5739474073462888
2022-07-12 10:30:00,21.9288739,range,0.8335407204208519
2022-07-12 10:45:00,21.82378345,range,0.8335407204208519
2022-07-12 11:00:00,21.82378345,range,0.6675815409009122
2022-07-12 11:15:00,21.63462064,range,0.5011696763574541
2022-07-12 11:30:00,21.5785724,range,0.5537895366448894
2022-07-12 13:15:00,21.77474124,range,0.8891015305300419
2022-07-12 13:30:00,21.78174727,range,0.8891015305300419
2022-07-12 13:45:00,21.66965079,range,0.8076301088394207
2022-07-12 14:00:00,21.54354225,range,0.5543668809139047
2022-07-12 14:15:00,21.55755431,trend_down,0.5052698549814015
2022-07-12 14:30:00,21.59258446,range,0.5543668809139047
2022-07-12 14:45:00,21.40342165,trend_down,0.5392186616193231
2022-07-12 15:00:00,21.46647592,trend_down,0.5352321757677012
2022-07-13 09:45:00,21.55054828,trend_down,0.7073031837997714
2022-07-13 10:00:00,21.59959049,trend_down,0.6463336002171052
2022-07-13 10:15:00,21.57156637,trend_down,0.5592346968500135
2022-07-13 10:30:00,21.65563873,range,0.734120495409059
2022-07-13 10:45:00,21.78174727,range,0.7705357985483827
2022-07-13 11:00:00,21.80977139,range,0.8068890267785982
2022-07-13 11:15:00,21.84480154,range,0.7705357985483827
2022-07-13 11:30:00,21.76072918,range,0.6675815409009122
2022-07-13 13:15:00,21.63462064,range,0.8872046872473589
2022-07-13 13:30:00,21.60659652,range,0.5030095503666082
2022-07-13 13:45:00,21.67665682,range,0.7705357985483827
2022-07-13 14:00:00,21.57156637,range,0.8068890267785982
2022-07-13 14:15:00,21.47348195,trend_down,0.4737678198674582
2022-07-13 14:30:00,21.54354225,trend_down,0.5331812904942943
2022-07-13 14:45:00,21.5085121,trend_down,0.4680804755509295
2022-07-13 15:00:00,21.48048798,trend_down,0.4904826013486594
2022-07-14 09:45:00,21.84480154,range,0.8872046872473589
2022-07-14 10:00:00,21.97091008,range,0.4628652086887454
2022-07-14 10:15:00,22.14606083,range,0.45536385401010987
2022-07-14 10:30:00,22.3492357,trend_up,0.6499709007494898
2022-07-14 10:45:00,22.39127188,trend_up,0.7844864880715047
2022-07-14 11:00:00,22.57342866,trend_up,0.5293985367695945
2022-07-14 11:15:00,22.46833821,trend_up,0.9742323281814625
2022-07-14 11:30:00,22.48235027,trend_up,0.9156880955987667
2022-07-14 13:15:00,22.27216937,trend_up,0.9742323281814625
2022-07-14 13:30:00,22.25815731,trend_up,0.966073424863376
2022-07-14 13:45:00,22.16007289,trend_up,0.9077766284665878
2022-07-14 14:00:00,22.23013319,trend_up,0.9742323281814625
2022-07-14 14:15:00,22.17408495,trend_up,0.9716442844366692
2022-07-14 14:30:00,22.18809701,trend_up,0.9653094962875512
2022-07-14 14:45:00,22.2091151,trend_up,0.8888063780690166
2022-07-14 15:00:00,22.18109098,trend_up,0.6838346188890555
2022-07-15 09:45:00,22.419296,trend_up,0.5207512193427806
2022-07-15 10:00:00,23.25301357,trend_up,0.48210764873326295
2022-07-15 10:15:00,23.36511005,trend_up,0.4450736263702546
2022-07-15 10:30:00,23.23900151,trend_up,0.938106489634533
2022-07-15 10:45:00,23.24600754,trend_up,0.9028419690136968
2022-07-15 11:00:00,23.38612814,trend_up,0.9742323281814625
2022-07-15 11:15:00,23.49822462,trend_up,0.9742323281814625
2022-07-15 11:30:00,23.59630904,trend_up,0.7954479480067461
2022-07-15 13:15:00,24.05170099,breakout_up,0.48512049459319745
2022-07-15 13:30:00,23.73642964,trend_up,0.938106489634533
2022-07-15 13:45:00,23.66636934,trend_up,0.9206961464705191
2022-07-15 14:00:00,23.63834522,trend_up,0.9206961464705191
2022-07-15 14:15:00,23.5402608,trend_up,0.9206961464705191
2022-07-15 14:30:00,23.5402608,trend_up,0.9206961464705191
2022-07-15 14:45:00,23.45618844,trend_up,0.9653094962875512
2022-07-15 15:00:00,23.37211608,trend_up,0.8952284811874971
2022-07-18 09:45:00,22.73456735,trend_down,0.737823825568231
2022-07-18 10:00:00,23.26702563,trend_down,0.9096603708933312
2022-07-18 10:15:00,23.14091709,trend_down,0.8976590831882497
2022-07-18 10:30:00,23.25301357,trend_down,0.8976590831882497
2022-07-18 10:45:00,23.54726683,trend_up,0.9332347807542475
2022-07-18 11:00:00,23.42816432,trend_up,0.8747281281567539
2022-07-18 11:15:00,23.49822462,trend_up,0.8156601237330515
2022-07-18 11:30:00,23.46319447,trend_up,0.8938647944710887
2022-07-18 13:15:00,23.53325477,trend_up,0.9162450753751263
2022-07-18 13:30:00,23.60331507,trend_up,0.7585322054351483
2022-07-18 13:45:00,23.5402608,trend_up,0.7585322054351483
2022-07-18 14:00:00,23.6803814,range,0.5073260790094631
2022-07-18 14:15:00,23.72241758,trend_up,0.5446987918153918
2022-07-18 14:30:00,23.67337537,range,0.5096759806726077
2022-07-18 14:45:00,23.53325477,trend_up,0.528801737056278
2022-07-18 15:00:00,23.55427286,trend_up,0.528801737056278
2022-07-19 09:45:00,23.9606226,trend_up,0.8057285278724651
2022-07-19 10:00:00,24.34595425,trend_up,0.7510177609084836
2022-07-19 10:15:00,24.6612256,trend_up,0.7437327736490063
2022-07-19 10:30:00,24.57014721,trend_up,0.47171885530460705
2022-07-19 10:45:00,24.44403867,trend_up,0.938106489634533
2022-07-19 11:00:00,24.49308088,trend_up,0.9742323281814625
2022-07-19 11:15:00,24.59817133,trend_up,0.9742323281814625
2022-07-19 11:30:00,24.4510447,trend_up,0.9742323281814625
2022-07-19 13:15:00,24.38799043,trend_up,0.967029182099857
2022-07-19 13:30:00,24.57014721,trend_up,0.9742323281814625
2022-07-19 13:45:00,24.17780953,trend_up,0.9653094962875512
2022-07-19 14:00:00,24.12876732,trend_up,0.8920597894315797
2022-07-19 14:15:00,24.05870702,trend_down,0.6491959135829651
2022-07-19 14:30:00,23.98864672,trend_down,0.6491959135829651
2022-07-19 14:45:00,24.00966481,trend_down,0.6491959135829651
2022-07-19 15:00:00,24.00265878,trend_up,0.6491959135829651
2022-07-20 09:45:00,24.38799043,trend_up,0.8156601237330515
2022-07-20 10:00:00,24.39499646,trend_up,0.737823825568231
2022-07-20 10:15:00,24.43703264,trend_up,0.790893365222354
2022-07-20 10:30:00,24.50709294,trend_up,0.5783064637189993
2022-07-20 10:45:00,24.73829193,trend_up,0.9206961464705191
2022-07-20 11:00:00,24.6612256,trend_up,0.9187684356464907
2022-07-20 11:15:00,24.6612256,trend_up,0.5869865257032929
2022-07-20 11:30:00,24.5911653,trend_up,0.5869865257032929
2022-07-20 13:15:00,24.73829193,trend_up,0.6601022639809804
2022-07-20 13:30:00,24.66823163,trend_up,0.7075252337545701
2022-07-20 13:45:00,24.68924972,trend_up,0.7075252337545701
2022-07-20 14:00:00,24.43703264,range,0.5455324485346053
2022-07-20 14:15:00,24.48607485,range,0.8034067673847938
2022-07-20 14:30:00,24.44403867,range,0.8034067673847938
2022-07-20 14:45:00,24.35296028,range,0.6356567985997432
2022-07-20 15:00:00,24.44403867,range,0.6356567985997432
2022-07-21 09:45:00,24.81535826,trend_up,0.3855168832072628
2022-07-21 10:00:00,24.98350298,trend_up,0.7706597847172728
2022-07-21 10:15:00,24.9414668,trend_up,0.8694638931625033
2022-07-21 10:30:00,24.6612256,trend_up,0.5906161733765932
2022-07-21 10:45:00,24.37397837,range,0.8872046872473589
2022-07-21 11:00:00,24.18481556,range,0.7535994836059334
2022-07-21 11:15:00,24.22685174,range,0.7687647182774826
2022-07-21 11:30:00,24.11475526,range,0.7687647182774826
2022-07-21 13:15:00,23.5402608,breakout_down,0.5218492681466246
2022-07-21 13:30:00,23.89756833,trend_down,0.737823825568231
2022-07-21 13:45:00,23.93259848,trend_down,0.737823825568231
2022-07-21 14:00:00,24.0306829,trend_down,0.9096603708933312
2022-07-21 14:15:00,23.79247788,trend_down,0.9096603708933312
2022-07-21 14:30:00,23.820502,trend_down,0.8989569418665566
2022-07-21 14:45:00,23.56127889,trend_down,0.8491236163364417
2022-07-21 15:00:00,23.7504417,trend_down,0.8491236163364417
2022-07-22 09:45:00,24.30391807,trend_up,0.5529036999713479
2022-07-22 10:00:00,23.91858642,trend_down,0.6073029387372603
2022-07-22 10:15:00,24.06571305,trend_down,0.6073029387372603
2022-07-22 10:30:00,24.1708035,trend_up,0.7970122181324113
2022-07-22 10:45:00,24.13577335,trend_up,0.5963623155074708
2022-07-22 11:00:00,23.9606226,trend_up,0.8156601237330515
2022-07-22 11:15:00,23.93259848,range,0.6299592696573502
2022-07-22 11:30:00,23.94661054,range,0.6299592696573502
2022-07-22 13:15:00,24.10774923,range,0.6813037943603433
2022-07-22 13:30:00,23.95361657,range,0.8068890267785982
2022-07-22 13:45:00,23.75744773,range,0.7722451375612671
2022-07-22 14:00:00,23.80648994,range,0.8072668076257075
2022-07-22 14:15:00,23.72241758,range,0.6679497269299622
2022-07-22 14:30:00,23.79948391,trend_down,0.499634526148304
2022-07-22 14:45:00,23.92559245,range,0.6769841343834974
2022-07-22 15:00:00,23.91858642,range,0.8014661181731199
2022-07-25 09:45:00,24.61918942,trend_up,0.6123168081273949
2022-07-25 10:00:00,24.76631605,trend_up,0.6657421662152471
2022-07-25 10:15:00,24.69625575,trend_up,0.6657421662152471
2022-07-25 10:30:00,24.86440047,trend_up,0.860583510781455
2022-07-25 10:45:00,24.45805073,trend_up,0.9737383075014502
2022-07-25 11:00:00,24.43703264,trend_up,0.9162450753751263
2022-07-25 11:15:00,24.27589395,trend_up,0.9557253993927181
2022-07-25 11:30:00,24.05170099,trend_up,0.790893365222354
2022-07-25 13:15:00,24.0306829,trend_down,0.8156601237330515
2022-07-25 13:30:00,23.96762863,trend_down,0.6491959135829651
2022-07-25 13:45:00,23.94661054,trend_down,0.6491959135829651
2022-07-25 14:00:00,24.0306829,trend_down,0.7604757499852173
2022-07-25 14:15:00,24.10774923,trend_down,0.7604757499852173
2022-07-25 14:30:00,24.08673114,range,0.5882663822619455
2022-07-25 14:45:00,24.3809844,range,0.5731823569743637
2022-07-25 15:00:00,24.10774923,range,0.7587811733891006
2022-07-26 09:45:00,24.81535826,trend_up,0.6224064363490178
2022-07-26 10:00:00,25.03254519,trend_up,0.6471674165598904
2022-07-26 10:15:00,25.18667785,trend_up,0.4809197650787202
2022-07-26 10:30:00,25.49494317,trend_up,0.504032890722713
2022-07-26 10:45:00,25.47392508,trend_up,0.5230087383639261
2022-07-26 11:00:00,25.38985272,trend_up,0.5238087613397967
2022-07-26 11:15:00,25.31979242,trend_up,0.9742323281814625
2022-07-26 11:30:00,25.43889493,trend_up,0.9206961464705191
2022-07-26 13:15:00,25.5019492,trend_up,0.967029182099857
2022-07-26 13:30:00,25.28476227,trend_up,0.967029182099857
2022-07-26 13:45:00,25.26374418,trend_up,0.9742323281814625
2022-07-26 14:00:00,25.23572006,trend_up,0.9182273385573261
2022-07-26 14:15:00,25.33380448,trend_up,0.9182273385573261
2022-07-26 14:30:00,25.42488287,trend_up,0.9182273385573261
2022-07-26 14:45:00,25.52997332,trend_up,0.8860670408144169
2022-07-26 15:00:00,25.5720095,trend_up,0.7858018860291701
2022-07-27 09:45:00,25.87326879,trend_up,0.493864875391554
2022-07-27 10:00:00,25.4318889,trend_up,0.9735686106763175
2022-07-27 10:15:00,25.38284669,trend_up,0.8827596709537892
2022-07-27 10:30:00,25.23572006,range,0.5455324485346053
2022-07-27 10:45:00,25.06757534,trend_down,0.5824918233590364
2022-07-27 11:00:00,25.10961152,range,0.6299592696573502
2022-07-27 11:15:00,25.06757534,range,0.6241366913594073
2022-07-27 11:30:00,25.12362358,trend_down,0.7707603053954855
2022-07-27 13:15:00,25.06056931,trend_down,0.7757646083214381
2022-07-27 13:30:00,25.09559946,trend_down,0.5356352519973492
2022-07-27 13:45:00,24.98350298,range,0.5785881912725127
2022-07-27 14:00:00,25.16565976,range,0.8851589731971736
2022-07-27 14:15:00,25.20068991,range,0.661849452855594
2022-07-27 14:30:00,25.1516477,range,0.8851589731971736
2022-07-27 14:45:00,25.03955122,range,0.8939982410047287
2022-07-27 15:00:00,25.11661755,range,0.7913419492900049
2022-07-28 09:45:00,24.94847283,range,0.5956643203571188
2022-07-28 10:00:00,25.10260549,trend_down,0.7806749976032626
2022-07-28 10:15:00,25.27775624,range,0.824442379215678
2022-07-28 10:30:00,25.4318889,trend_up,0.6095931267597908
2022-07-28 10:45:00,25.52296729,trend_up,0.504307886188783
2022-07-28 11:00:00,25.69811804,trend_up,0.6095931267597908
2022-07-28 11:15:00,25.57901553,trend_up,0.5280489309849832
2022-07-28 11:30:00,25.68410598,trend_up,0.8656902338736445
2022-07-28 13:15:00,25.8522507,trend_up,0.8638747358074106
2022-07-28 13:30:00,25.81722055,trend_up,0.6738534638853216
2022-07-28 13:45:00,25.88728085,trend_up,0.7220376403109018
2022-07-28 14:00:00,25.83823864,trend_up,0.9212211388208612
2022-07-28 14:15:00,25.77518437,trend_up,0.9187684356464907
2022-07-28 14:30:00,25.76117231,trend_up,0.9162450753751263
2022-07-28 14:45:00,25.69811804,trend_up,0.9162450753751263
2022-07-28 15:00:00,25.67709995,trend_up,0.8920597894315797
2022-07-29 09:45:00,25.25673815,trend_down,0.5693234864679636
2022-07-29 10:00:00,25.59302759,trend_down,0.5693234864679636
2022-07-29 10:15:00,25.92931703,trend_up,0.5257781836655814
2022-07-29 10:30:00,25.84524467,trend_up,0.9503266430238095
2022-07-29 10:45:00,25.78919643,trend_up,0.7876930355509575
2022-07-29 11:00:00,25.7821904,trend_up,0.7896842717487778
2022-07-29 11:15:00,25.84524467,range,0.5436543697154081
2022-07-29 11:30:00,25.76817834,range,0.5294883595780457
2022-07-29 13:15:00,25.87326879,trend_up,0.5898751691437624
2022-07-29 13:30:00,25.87326879,range,0.5073260790094631
2022-07-29 13:45:00,25.88027482,range,0.5647446427071999
2022-07-29 14:00:00,25.6420698,range,0.8960555700076558
2022-07-29 14:15:00,25.6420698,range,0.7863367821971079
2022-07-29 14:30:00,25.74716025,range,0.8881710623963003
2022-07-29 14:45:00,25.79620246,range,0.5216441438981175
2022-07-29 15:00:00,25.7821904,range,0.810331639320977
2022-08-01 09:45:00,26.61590797,trend_up,0.4633990426615821
2022-08-01 10:00:00,27.37956524,breakout_up,0.4293971371340329
2022-08-01 10:15:00,27.23243861,trend_up,0.7991902473970328
2022-08-01 10:30:00,27.51267981,trend_up,0.7991902473970328
2022-08-01 10:45:00,27.51267981,trend_up,0.8219387378340791
2022-08-01 11:00:00,28.04513809,trend_up,0.7779103232958292
2022-08-01 11:15:00,27.68783056,trend_up,0.5387744558789236
2022-08-01 11:30:00,28.0941803,trend_up,0.5387730654631989
2022-08-01 13:15:00,28.04513809,trend_up,0.5387730654631989
2022-08-01 13:30:00,28.18525869,trend_up,0.8219355018305541
2022-08-01 13:45:00,28.21328281,trend_up,0.46398831976864396
2022-08-01 14:00:00,28.1642406,trend_up,0.9206961464705191
2022-08-01 14:15:00,28.0941803,trend_up,0.9206961464705191
2022-08-01 14:30:00,27.93304161,trend_up,0.9742323281814625
2022-08-01 14:45:00,27.96106573,trend_up,0.9182273385573261
2022-08-01 15:00:00,27.98208382,trend_up,0.9162450753751263
2022-08-02 09:45:00,27.68082453,trend_up,0.9090635430530795
2022-08-02 10:00:00,28.28334311,trend_up,0.6280895024558242
2022-08-02 10:15:00,28.62663858,trend_up,0.9310376619313472
2022-08-02 10:30:00,29.11005465,trend_up,0.6458894425912948
2022-08-02 10:45:00,28.50053004,trend_up,0.8139754305656954
2022-08-02 11:00:00,28.96993405,trend_up,0.9742323281814625
2022-08-02 11:15:00,28.80178933,trend_up,0.9742323281814625
2022-08-02 11:30:00,29.0049642,trend_up,0.968840342841616
2022-08-02 13:15:00,29.3552657,trend_up,0.8842259038384984
2022-08-02 13:30:00,29.71257323,trend_up,0.4858481037964865
2022-08-02 13:45:00,30.30107975,trend_up,0.6537255360960813
2022-08-02 14:00:00,29.65652499,trend_up,0.9742323281814625
2022-08-02 14:15:00,28.76675918,trend_up,0.9177303842893451
2022-08-02 14:30:00,28.9349039,trend_up,0.9653094962875512
2022-08-02 14:45:00,28.84382551,trend_up,0.863612138995893
2022-08-02 15:00:00,28.68969285,trend_down,0.5963623155074708
2022-08-03 09:45:00,27.61777026,trend_down,0.8993481562721959
2022-08-03 10:00:00,28.17124663,trend_down,0.8993481562721959
2022-08-03 10:15:00,28.03112603,trend_down,0.8993481562721959
2022-08-03 10:30:00,28.04513809,trend_down,0.9526892231117793
2022-08-03 10:45:00,28.03813206,trend_down,0.7428243732053119
2022-08-03 11:00:00,27.8839994,trend_down,0.7912276721569185
2022-08-03 11:15:00,27.6738185,trend_down,0.9199501102974899
2022-08-03 11:30:00,27.19740846,trend_down,0.9503266430238095
2022-08-03 13:15:00,27.1133361,trend_down,0.869077333777495
2022-08-03 13:30:00,26.84010093,trend_down,0.9131755176070061
2022-08-03 13:45:00,27.24645067,trend_down,0.9526892231117793
2022-08-03 14:00:00,27.02926374,trend_down,0.9013965819316143
2022-08-03 14:15:00,26.98022153,trend_down,0.9013965819316143
2022-08-03 14:30:00,27.19040243,trend_down,0.9013965819316143
2022-08-03 14:45:00,26.91016123,trend_down,0.9013965819316143
2022-08-03 15:00:00,26.98022153,trend_down,0.9526892231117793
2022-08-04 09:45:00,27.3935773,trend_down,0.9418612547060601
2022-08-04 10:00:00,27.42860745,trend_down,0.9479066030766391
2022-08-04 10:15:00,27.58974614,trend_up,0.900980090619673
2022-08-04 10:30:00,27.73687277,trend_up,0.7757646083214381
2022-08-04 10:45:00,27.30249891,trend_up,0.7999342837378464
2022-08-04 11:00:00,27.05728786,trend_up,0.7999342837378464
2022-08-04 11:15:00,27.02225771,trend_down,0.6676344334317177
2022-08-04 11:30:00,27.00824565,trend_down,0.8812855876076623
2022-08-04 13:15:00,27.1133361,trend_down,0.9716442844366692
2022-08-04 13:30:00,27.0432758,trend_down,0.8090124891874622
2022-08-04 13:45:00,27.30249891,trend_down,0.6055421365915741
2022-08-04 14:00:00,27.07129992,trend_down,0.5725779383988192
2022-08-04 14:15:00,27.31651097,range,0.49209851201904514
2022-08-04 14:30:00,27.35154112,range,0.7521371808182002
2022-08-04 14:45:00,27.28848685,range,0.7521371808182002
2022-08-04 15:00:00,27.26746876,range,0.7521371808182002
2022-08-05 09:45:00,27.6738185,trend_up,0.7650615968107726
2022-08-05 10:00:00,27.00123962,trend_up,0.6491959135829651
2022-08-05 10:15:00,26.62992003,trend_down,0.8724350267186767
2022-08-05 10:30:00,26.59488988,trend_down,0.7467088075887623
2022-08-05 10:45:00,26.52482958,trend_down,0.7389997268581178
2022-08-05 11:00:00,26.57387179,trend_down,0.757483659280673
2022-08-05 11:15:00,26.57387179,trend_down,0.743964654572322
2022-08-05 11:30:00,26.622914,trend_down,0.743964654572322
2022-08-05 13:15:00,26.55985973,trend_down,0.5391141109803282
2022-08-05 13:30:00,26.39171501,trend_down,0.5383567320324716
2022-08-05 13:45:00,26.42674516,trend_down,0.6641566620451275
2022-08-05 14:00:00,26.52482958,trend_down,0.6437081227896745
2022-08-05 14:15:00,26.55985973,trend_down,0.6437081227896745
2022-08-05 14:30:00,26.4827934,trend_down,0.6923523892331434
2022-08-05 14:45:00,26.622914,trend_up,0.48504497538165625
2022-08-05 15:00:00,26.51782355,range,0.5166320019760643
2022-08-08 09:45:00,26.09045572,trend_down,0.4797989182496477
2022-08-08 10:00:00,26.46177531,trend_down,0.7904472738941067
2022-08-08 10:15:00,26.11147381,trend_down,0.8672707799644854
2022-08-08 10:30:00,26.18854014,trend_down,0.8829512133984158
2022-08-08 10:45:00,26.29363059,trend_down,0.8829512133984158
2022-08-08 11:00:00,26.622914,trend_up,0.5183425986193364
2022-08-08 11:15:00,26.79806475,trend_up,0.5255368726491012
2022-08-08 11:30:00,26.79806475,range,0.4963827801658542
2022-08-08 13:15:00,26.86812505,trend_up,0.5356352519973492
2022-08-08 13:30:00,27.00824565,trend_up,0.6925943798714477
2022-08-08 13:45:00,27.00123962,trend_up,0.5404242695807011
2022-08-08 14:00:00,26.88914314,trend_up,0.6519587470986764
2022-08-08 14:15:00,26.98722756,range,0.49367613118705433
2022-08-08 14:30:00,26.91716726,range,0.49367613118705433
2022-08-08 14:45:00,27.14836625,trend_up,0.7152007076274702
2022-08-08 15:00:00,27.03626977,trend_up,0.7985933287619292
2022-08-09 09:45:00,26.37770295,trend_up,0.4065430908162247
2022-08-09 10:00:00,26.26560647,trend_down,0.847959677704607
2022-08-09 10:15:00,26.18153411,trend_down,0.847959677704607
2022-08-09 10:30:00,25.97835924,trend_down,0.847959677704607
2022-08-09 10:45:00,25.83823864,trend_down,0.9742323281814625
2022-08-09 11:00:00,25.8522507,trend_down,0.8965282913525047
2022-08-09 11:15:00,26.03440748,trend_down,0.9666699543776186
2022-08-09 11:30:00,25.84524467,trend_down,0.9642376122034474
2022-08-09 13:15:00,25.67009392,trend_down,0.9683020799336459
2022-08-09 13:30:00,25.68410598,trend_down,0.9705246689210671
2022-08-09 13:45:00,25.922311,trend_down,0.9336981872863533
2022-08-09 14:00:00,25.91530497,trend_down,0.9379154030189935
2022-08-09 14:15:00,25.83123261,trend_down,0.9158152268647679
2022-08-09 14:30:00,25.78919643,trend_down,0.8955641684077396
2022-08-09 14:45:00,25.88728085,trend_down,0.9647550446694093
2022-08-09 15:00:00,25.8522507,trend_down,0.8829512133984158
2022-08-10 09:45:00,26.30063662,trend_up,0.5428647267691095
2022-08-10 10:00:00,26.63692606,trend_up,0.7939991758485883
2022-08-10 10:15:00,26.47578737,trend_up,0.8976590831882497
2022-08-10 10:30:00,26.23758235,trend_up,0.5183425986193364
2022-08-10 10:45:00,26.2025522,trend_up,0.5906161733765932
2022-08-10 11:00:00,26.2726125,trend_up,0.6412619597296555
2022-08-10 11:15:00,26.2726125,trend_up,0.6412619597296555
2022-08-10 11:30:00,26.25159441,trend_up,0.5110918184132843
2022-08-10 13:15:00,26.22357029,range,0.5537895366448894
2022-08-10 13:30:00,26.26560647,range,0.5537895366448894
2022-08-10 13:45:00,26.48979943,trend_up,0.6901246879786478
2022-08-10 14:00:00,26.44075722,trend_up,0.5079855202092495
2022-08-10 14:15:00,26.16051602,range,0.7874824008533569
2022-08-10 14:30:00,26.12548587,range,0.71002903138491
2022-08-10 14:45:00,25.84524467,trend_down,0.4971697503541709
2022-08-10 15:00:00,26.11847984,range,0.6170851789055269
2022-08-11 09:45:00,25.99937733,trend_down,0.5368021215016222
2022-08-11 10:00:00,26.05542557,trend_down,0.5368021215016222
2022-08-11 10:15:00,26.17452808,range,0.8966901890453052
2022-08-11 10:30:00,26.47578737,range,0.7874824008533569
2022-08-11 10:45:00,26.37770295,range,0.635659976225545
2022-08-11 11:00:00,26.46177531,range,0.664060939026449
2022-08-11 11:15:00,26.33566677,range,0.5035202058056177
2022-08-11 11:30:00,26.33566677,range,0.5543668809139047
2022-08-11 13:15:00,26.37770295,range,0.5543668809139047
2022-08-11 13:30:00,26.30764265,range,0.5543668809139047
2022-08-11 13:45:00,26.3426728,range,0.5543668809139047
2022-08-11 14:00:00,26.40572707,range,0.5543668809139047
2022-08-11 14:15:00,26.78405269,trend_up,0.5282609847137087
2022-08-11 14:30:00,27.1833964,trend_up,0.4697977406964017
2022-08-11 14:45:00,27.28148082,trend_up,0.4636947344470649
2022-08-11 15:00:00,27.15537228,trend_up,0.9003869920514468
2022-08-12 09:45:00,26.99423359,trend_up,0.8003153026697971
2022-08-12 10:00:00,26.88213711,trend_up,0.938106489634533
2022-08-12 10:15:00,26.41973913,trend_up,0.5529036999713479
2022-08-12 10:30:00,26.13949793,trend_down,0.8156601237330515
2022-08-12 10:45:00,26.15350999,trend_down,0.8156601237330515
2022-08-12 11:00:00,26.1324919,trend_down,0.6491959135829651
2022-08-12 11:15:00,26.00638336,trend_down,0.8895342149017359
2022-08-12 11:30:00,25.9923713,trend_down,0.8891922978913943
2022-08-12 13:15:00,26.49680546,trend_down,0.5673175748011549
2022-08-12 13:30:00,26.3426728,trend_down,0.9096603708933312
2022-08-12 13:45:00,26.46177531,range,0.7587811733891006
2022-08-12 14:00:00,26.03440748,trend_down,0.7604757499852173
2022-08-12 14:15:00,25.95734115,trend_down,0.8263453389482319
2022-08-12 14:30:00,25.95734115,trend_down,0.5858872534115398
2022-08-12 14:45:00,26.01338939,trend_down,0.5858872534115398
2022-08-12 15:00:00,26.02039542,trend_down,0.8794915588041824
2022-08-15 09:45:00,26.0624316,trend_down,0.8402318088581323
2022-08-15 10:00:00,26.10446778,trend_down,0.6923523892331434
2022-08-15 10:15:00,25.68410598,trend_down,0.8500151940332742
2022-08-15 10:30:00,25.55799744,trend_down,0.852999356482488
2022-08-15 10:45:00,25.57901553,trend_down,0.6527351637932037
2022-08-15 11:00:00,25.56500347,trend_down,0.6067542791419211
2022-08-15 11:15:00,25.46691905,trend_down,0.9244569324478901
2022-08-15 11:30:00,25.41787684,trend_down,0.6159946169915211
2022-08-15 13:15:00,25.34781654,trend_down,0.9261119987479053
2022-08-15 13:30:00,25.46691905,trend_down,0.8958711337427966
2022-08-15 13:45:00,25.5720095,trend_down,0.968840342841616
2022-08-15 14:00:00,25.45991302,trend_down,0.8958711337427966
2022-08-15 14:15:00,25.34781654,trend_down,0.8958711337427966
2022-08-15 14:30:00,25.45290699,trend_down,0.9230955164120815
2022-08-15 14:45:00,25.51596126,trend_down,0.9212211388208612
2022-08-15 15:00:00,25.47392508,trend_down,0.9212211388208612
2022-08-16 09:45:00,25.86626276,trend_up,0.7310250647575071
2022-08-16 10:00:00,25.69111201,trend_up,0.5784702925237408
2022-08-16 10:15:00,25.7821904,trend_up,0.5784702925237408
2022-08-16 10:30:00,25.60703965,trend_down,0.5255368726491012
2022-08-16 10:45:00,25.66308789,range,0.6130512033176081
2022-08-16 11:00:00,25.60703965,range,0.6241366913594073
2022-08-16 11:15:00,25.77518437,range,0.795484194260536
2022-08-16 11:30:00,25.65608186,range,0.8947105530629855
2022-08-16 13:15:00,25.8522507,range,0.830606635488362
2022-08-16 13:30:00,25.62105171,range,0.6871992918809858
2022-08-16 13:45:00,25.69811804,range,0.9070860827310898
2022-08-16 14:00:00,25.95734115,range,0.7870760082735134
2022-08-16 14:15:00,25.9923713,range,0.810331639320977
2022-08-16 14:30:00,26.02740145,range,0.810331639320977
2022-08-16 14:45:00,25.96434718,range,0.6340762323724056
2022-08-16 15:00:00,25.922311,range,0.6679497269299622
2022-08-17 09:45:00,25.69111201,range,0.7965110756279783
2022-08-17 10:00:00,25.35482257,range,0.5216441438981175
2022-08-17 10:15:00,25.68410598,range,0.4845018156528272
2022-08-17 10:30:00,25.36883463,range,0.4987464144289901
2022-08-17 10:45:00,25.38284669,trend_down,0.5891365076785863
2022-08-17 11:00:00,25.62105171,trend_down,0.7010959321612099
2022-08-17 11:15:00,25.80320849,range,0.5033968246524735
2022-08-17 11:30:00,25.75416628,range,0.8862011044689261
2022-08-17 13:15:00,25.75416628,range,0.8862011044689261
2022-08-17 13:30:00,25.60003362,trend_down,0.6465933116478583
2022-08-17 13:45:00,25.5019492,trend_down,0.5614865361371383
2022-08-17 14:00:00,25.46691905,trend_down,0.5659424405180492
2022-08-17 14:15:00,25.41787684,trend_down,0.5379557425675399
2022-08-17 14:30:00,25.41787684,trend_down,0.5657993980880497
2022-08-17 14:45:00,25.29877433,trend_down,0.5650432864635891
2022-08-17 15:00:00,25.43889493,trend_down,0.6741666349445583
2022-08-18 09:45:00,25.30578036,trend_down,0.748920798619703
2022-08-18 10:00:00,25.50895523,trend_down,0.7193881254680715
2022-08-18 10:15:00,25.25673815,trend_down,0.5643116812574618
2022-08-18 10:30:00,25.28476227,trend_down,0.5672520239909322
2022-08-18 10:45:00,25.20068991,trend_down,0.6266465526095337
2022-08-18 11:00:00,25.41087081,trend_down,0.5590787129775797
2022-08-18 11:15:00,25.221708,trend_down,0.63013734045875
2022-08-18 11:30:00,25.20068991,trend_down,0.7224166514371863
2022-08-18 13:15:00,25.31278639,trend_down,0.7077603272823539
2022-08-18 13:30:00,25.24973212,trend_down,0.7077603272823539
2022-08-18 13:45:00,25.18667785,trend_down,0.5404470469467834
2022-08-18 14:00:00,25.18667785,trend_down,0.5404470469467834
2022-08-18 14:15:00,25.18667785,trend_down,0.5461109324226264
2022-08-18 14:30:00,25.34781654,range,0.830606635488362
2022-08-18 14:45:00,25.41087081,range,0.8862011044689261
2022-08-18 15:00:00,25.41787684,range,0.8064962037434751
2022-08-19 09:45:00,25.221708,range,0.7026408338348044
2022-08-19 10:00:00,24.97649695,range,0.4806744989504744
2022-08-19 10:15:00,24.85739444,trend_down,0.4333358107668095
2022-08-19 10:30:00,24.93446077,trend_down,0.7010959321612099
2022-08-19 10:45:00,24.92745474,trend_down,0.8070118257097992
2022-08-19 11:00:00,25.00452107,trend_down,0.7769491061590438
2022-08-19 11:15:00,25.221708,trend_down,0.6519587470986764
2022-08-19 11:30:00,25.03254519,trend_down,0.8784154790480619
2022-08-19 13:15:00,24.92745474,trend_down,0.8784154790480619
2022-08-19 13:30:00,24.87841253,trend_down,0.7563838706517836
2022-08-19 13:45:00,25.0115271,trend_down,0.8784154790480619
2022-08-19 14:00:00,24.88541856,trend_down,0.7674418169778482
2022-08-19 14:15:00,24.89943062,trend_down,0.7714909354592001
2022-08-19 14:30:00,24.9414668,trend_down,0.9247839297203075
2022-08-19 14:45:00,24.90643665,trend_down,0.8569679005102002
2022-08-19 15:00:00,24.73829193,trend_down,0.9212211388208612
2022-08-22 09:45:00,24.84338238,trend_down,0.8902432624705122
2022-08-22 10:00:00,25.53697935,reversal,0.5447871049920667
2022-08-22 10:15:00,25.06757534,trend_up,0.48252482198700597
2022-08-22 10:30:00,25.0115271,trend_down,0.5108670082306249
2022-08-22 10:45:00,24.8714065,trend_down,0.9058461351597149
2022-08-22 11:00:00,24.96248489,trend_down,0.9221638918828787
2022-08-22 11:15:00,24.74529796,trend_down,0.9013965819316142
2022-08-22 11:30:00,24.78733414,trend_down,0.907635003707718
2022-08-22 13:15:00,25.17967182,trend_up,0.4702253666007526
2022-08-22 13:30:00,25.23572006,range,0.7497206378675046
2022-08-22 13:45:00,25.31979242,range,0.7497206378675046
2022-08-22 14:00:00,25.59302759,trend_up,0.4743077528822412
2022-08-22 14:15:00,25.72614216,trend_up,0.6723573727733262
2022-08-22 14:30:00,25.52296729,trend_up,0.9053335040930582
2022-08-22 14:45:00,25.55099141,trend_up,0.7563838706517836
2022-08-22 15:00:00,25.57901553,trend_up,0.7563838706517836
2022-08-23 09:45:00,26.02039542,trend_up,0.897989906797047
2022-08-23 10:00:00,25.95734115,trend_up,0.897989906797047
2022-08-23 10:15:00,25.79620246,trend_up,0.9742323281814625
2022-08-23 10:30:00,25.82422658,trend_up,0.9742323281814625
2022-08-23 10:45:00,26.00638336,trend_up,0.9742323281814625
2022-08-23 11:00:00,26.1324919,trend_up,0.968840342841616
2022-08-23 11:15:00,26.63692606,trend_up,0.5293985367695945
2022-08-23 11:30:00,26.85411299,trend_up,0.4850766622556711
2022-08-23 13:15:00,26.85411299,trend_up,0.9742323281814625
2022-08-23 13:30:00,26.79806475,trend_up,0.9742323281814625
2022-08-23 13:45:00,26.71399239,trend_up,0.9206961464705191
2022-08-23 14:00:00,26.86812505,trend_up,0.9679511336517824
2022-08-23 14:15:00,26.86111902,trend_up,0.9206961464705191
2022-08-23 14:30:00,26.86812505,trend_up,0.9206961464705191
2022-08-23 14:45:00,26.91716726,trend_up,0.9206961464705191
2022-08-23 15:00:00,26.82608887,trend_up,0.8927407182097999
2022-08-24 09:45:00,26.49680546,trend_up,0.5610205920435714
2022-08-24 10:00:00,26.69998033,trend_up,0.9661863672976857
2022-08-24 10:15:00,26.18153411,trend_up,0.790893365222354
2022-08-24 10:30:00,25.97135321,trend_down,0.9332347807542475
2022-08-24 10:45:00,25.73314819,trend_down,0.9332347807542475
2022-08-24 11:00:00,25.7121301,trend_down,0.9332347807542475
2022-08-24 11:15:00,25.53697935,trend_down,0.9558414499823895
2022-08-24 11:30:00,25.53697935,trend_down,0.9005271499839334
2022-08-24 13:15:00,25.39685875,trend_down,0.9554362301355614
2022-08-24 13:30:00,25.88728085,trend_down,0.9526892231117793
2022-08-24 13:45:00,25.76817834,trend_down,0.8938647944710887
2022-08-24 14:00:00,25.60003362,trend_down,0.9526892231117793
2022-08-24 14:15:00,25.51596126,trend_down,0.9005271499839334
2022-08-24 14:30:00,25.37584066,trend_down,0.9558414499823895
2022-08-24 14:45:00,25.41787684,trend_down,0.9558414499823895
2022-08-24 15:00:00,25.2917683,trend_down,0.9025533180197977
2022-08-25 09:45:00,25.07458137,trend_down,0.634565033529252
2022-08-25 10:00:00,24.81535826,trend_down,0.9679511336517824
2022-08-25 10:15:00,24.11475526,trend_down,0.493864875391554
2022-08-25 10:30:00,24.71727384,trend_down,0.938106489634533
2022-08-25 10:45:00,24.64721354,trend_down,0.9742323281814625
2022-08-25 11:00:00,24.8013462,trend_down,0.9742323281814625
2022-08-25 11:15:00,24.82236429,trend_down,0.9230955164120815
2022-08-25 11:30:00,25.07458137,trend_down,0.9680422957267861
2022-08-25 13:15:00,25.6420698,trend_up,0.5529036999713479
2022-08-25 13:30:00,25.31278639,trend_down,0.5428647267691095
2022-08-25 13:45:00,25.28476227,trend_down,0.7939991758485883
2022-08-25 14:00:00,25.25673815,trend_down,0.5894533561033574
2022-08-25 14:15:00,25.36883463,range,0.566292616252631
2022-08-25 14:30:00,25.26374418,trend_down,0.6554353925269597
2022-08-25 14:45:00,25.46691905,trend_up,0.4639852444248265
2022-08-25 15:00:00,25.6420698,trend_up,0.7123691467602389
2022-08-26 09:45:00,25.66308789,trend_up,0.5393873162072662
2022-08-26 10:00:00,25.67009392,trend_up,0.7656634859672273
2022-08-26 10:15:00,25.91530497,trend_up,0.9355279931890701
2022-08-26 10:30:00,25.75416628,trend_up,0.8452061671728198
2022-08-26 10:45:00,25.98536527,trend_up,0.63984502046001
2022-08-26 11:00:00,26.02740145,trend_up,0.7177877360565809
2022-08-26 11:15:00,26.2025522,trend_up,0.6702327384077174
2022-08-26 11:30:00,26.04841954,trend_up,0.6652049846882311
2022-08-26 13:15:00,26.39872104,trend_up,0.8479828461558239
2022-08-26 13:30:00,26.25159441,trend_up,0.9162450753751263
2022-08-26 13:45:00,26.20955823,trend_up,0.886942038506704
2022-08-26 14:00:00,25.8522507,trend_up,0.9557253993927181
2022-08-26 14:15:00,26.12548587,trend_up,0.9487246146283509
2022-08-26 14:30:00,26.05542557,trend_up,0.9558414499823895
2022-08-26 14:45:00,26.2025522,trend_up,0.9005271499839334
2022-08-26 15:00:00,26.38470898,trend_up,0.7606878498523674
2022-08-29 09:45:00,25.32679845,trend_down,0.5366100519903155
2022-08-29 10:00:00,25.30578036,trend_down,0.8156601237330515
2022-08-29 10:15:00,25.55099141,trend_down,0.8156601237330515
2022-08-29 10:30:00,25.04655725,trend_down,0.8156601237330515
2022-08-29 10:45:00,25.12362358,trend_down,0.9058461351597149
2022-08-29 11:00:00,25.1516477,trend_down,0.8237515454134446
2022-08-29 11:15:00,25.47392508,trend_down,0.9435205639145571
2022-08-29 11:30:00,25.31979242,trend_down,0.8153836840655707
2022-08-29 13:15:00,25.221708,trend_down,0.9421127839593577
2022-08-29 13:30:00,25.25673815,trend_down,0.9435205639145571
2022-08-29 13:45:00,25.22871403,trend_down,0.9435205639145571
2022-08-29 14:00:00,25.49494317,trend_down,0.9247839297203075
2022-08-29 14:15:00,25.56500347,range,0.4842447860690605
2022-08-29 14:30:00,25.80320849,trend_up,0.6615824891304735
2022-08-29 14:45:00,25.75416628,range,0.5592954350852848
2022-08-29 15:00:00,25.55099141,range,0.7482809570184261
2022-08-30 09:45:00,25.5019492,trend_down,0.8784154790480619
2022-08-30 10:00:00,25.97135321,trend_up,0.7970122181324113
2022-08-30 10:15:00,25.63506377,range,0.6130512033176081
2022-08-30 10:30:00,25.69811804,trend_up,0.5255368726491012
2022-08-30 10:45:00,25.2917683,trend_down,0.5894533561033574
2022-08-30 11:00:00,25.1516477,trend_down,0.8364706572086147
2022-08-30 11:15:00,25.30578036,trend_down,0.6777546802359253
2022-08-30 11:30:00,25.13763564,trend_down,0.8336073750509411
2022-08-30 13:15:00,24.75931002,trend_down,0.9192470217523198
2022-08-30 13:30:00,24.85739444,trend_down,0.8892108789204528
2022-08-30 13:45:00,24.84338238,trend_down,0.886942038506704
2022-08-30 14:00:00,24.85739444,trend_down,0.7622483889464412
2022-08-30 14:15:00,25.02553916,trend_down,0.9399253461109718
2022-08-30 14:30:00,24.96949092,trend_down,0.8061339348240945
2022-08-30 14:45:00,24.99050901,trend_down,0.8061339348240945
2022-08-30 15:00:00,24.99751504,trend_down,0.9162450753751263
2022-08-31 09:45:00,24.71727384,trend_down,0.9220332733534924
2022-08-31 10:00:00,24.521105,trend_down,0.9319055342374579
2022-08-31 10:15:00,24.50709294,trend_down,0.9639613855702905
2022-08-31 10:30:00,24.51409897,trend_down,0.9075479579203247
2022-08-31 10:45:00,24.64020751,trend_down,0.968840342841616
2022-08-31 11:00:00,24.57014721,trend_down,0.8958711337427966
2022-08-31 11:15:00,24.62619545,trend_down,0.8958711337427966
2022-08-31 11:30:00,24.45805073,trend_down,0.8958711337427966
2022-08-31 13:15:00,24.57715324,trend_down,0.8958711337427966
2022-08-31 13:30:00,24.71026781,trend_down,0.863612138995893
2022-08-31 13:45:00,24.58415927,trend_down,0.863612138995893
2022-08-31 14:00:00,24.62619545,trend_down,0.6573104566453738
2022-08-31 14:15:00,24.64020751,trend_down,0.6314553321033184
2022-08-31 14:30:00,24.65421957,range,0.6996090102286588
2022-08-31 14:45:00,24.52811103,range,0.5049031794764315
2022-08-31 15:00:00,24.521105,trend_down,0.5593734999415976
2022-09-01 09:45:00,24.31793013,trend_down,0.44270715997814186
2022-09-01 10:00:00,24.37397837,trend_down,0.4431227805055644
2022-09-01 10:15:00,23.85553215,trend_down,0.8336195283372401
2022-09-01 10:30:00,23.85553215,trend_down,0.8019064561638034
2022-09-01 10:45:00,23.5402608,trend_down,0.6372585403282437
2022-09-01 11:00:00,23.5402608,trend_down,0.6008592647342702
2022-09-01 11:15:00,23.28103769,trend_down,0.6537255360960813
2022-09-01 11:30:00,23.2600196,trend_down,0.5293985367695945
2022-09-01 13:15:00,23.0498387,trend_down,0.5293985367695945
2022-09-01 13:30:00,23.14792312,trend_down,0.5293985367695945
2022-09-01 13:45:00,23.1899593,trend_down,0.9742323281814625
2022-09-01 14:00:00,23.32307387,trend_down,0.938106489634533
2022-09-01 14:15:00,23.05684473,trend_down,0.9742323281814625
2022-09-01 14:30:00,22.9797784,trend_down,0.8842259038384984
2022-09-01 14:45:00,22.84666383,trend_down,0.5390484451925946
2022-09-01 15:00:00,22.8396578,trend_down,0.8905993395434422
2022-09-02 09:45:00,22.45432615,trend_down,0.6372585403282437
2022-09-02 10:00:00,22.6294769,trend_down,0.6372585403282437
2022-09-02 10:15:00,23.14792312,trend_up,0.9448570951446239
2022-09-02 10:30:00,23.46319447,trend_up,0.9423709533776204
2022-09-02 10:45:00,23.26702563,trend_up,0.9423709533776204
2022-09-02 11:00:00,23.51924271,trend_up,0.934401781259849
2022-09-02 11:15:00,23.49121859,trend_up,0.8414240059105436
2022-09-02 11:30:00,23.38612814,trend_up,0.8123414493055849
2022-09-02 13:15:00,23.32307387,trend_up,0.6073029387372603
2022-09-02 13:30:00,23.4702005,range,0.5367232051589758
2022-09-02 13:45:00,23.48421256,trend_up,0.6073029387372603
2022-09-02 14:00:00,23.50523065,range,0.6941415031866094
2022-09-02 14:15:00,23.47720653,range,0.6941415031866094
2022-09-02 14:30:00,23.57529095,trend_up,0.5783064637189993
2022-09-02 14:45:00,23.46319447,trend_up,0.7604757499852173
2022-09-02 15:00:00,23.53325477,trend_up,0.808111438353901
2022-09-05 09:45:00,23.81349597,trend_up,0.8786257713135136
2022-09-05 10:00:00,24.3109241,breakout_up,0.47174016259495427
2022-09-05 10:15:00,24.00265878,trend_up,0.9470025662049734
2022-09-05 10:30:00,23.75744773,trend_up,0.9470025662049734
2022-09-05 10:45:00,23.64535125,trend_up,0.8705313301600581
2022-09-05 11:00:00,23.47720653,trend_up,0.7100613190755783
2022-09-05 11:15:00,23.70840552,trend_up,0.7656634859672273
2022-09-05 11:30:00,23.44918241,trend_up,0.7656634859672273
2022-09-05 13:15:00,23.42115829,range,0.6299592696573502
2022-09-05 13:30:00,23.37912211,trend_down,0.6876217229161292
2022-09-05 13:45:00,23.50523065,trend_down,0.6876217229161292
2022-09-05 14:00:00,23.84852612,trend_up,0.5845824471871091
2022-09-05 14:15:00,23.92559245,trend_up,0.5845824471871091
2022-09-05 14:30:00,23.86253818,trend_up,0.5908897730935443
2022-09-05 14:45:00,23.90457436,trend_up,0.5908897730935444
2022-09-05 15:00:00,23.9606226,trend_up,0.8989569418665566
2022-09-06 09:45:00,24.17780953,trend_up,0.8081368430264084
2022-09-06 10:00:00,24.4510447,trend_up,0.790529915252644
2022-09-06 10:15:00,24.72427987,trend_up,0.8236009728483051
2022-09-06 10:30:00,25.09559946,trend_up,0.4636947344470649
2022-09-06 10:45:00,25.24973212,trend_up,0.5293985367695945
2022-09-06 11:00:00,25.49494317,trend_up,0.5407135016471885
2022-09-06 11:15:00,25.55799744,trend_up,0.5293985367695945
2022-09-06 11:30:00,25.64907583,trend_up,0.5407135016471885
2022-09-06 13:15:00,25.83123261,trend_up,0.5238087613397967
2022-09-06 13:30:00,25.46691905,trend_up,0.9742323281814625
2022-09-06 13:45:00,25.1516477,trend_up,0.9671310851438669
2022-09-06 14:00:00,25.46691905,trend_up,0.9679511336517824
2022-09-06 14:15:00,25.32679845,trend_up,0.9206961464705191
2022-09-06 14:30:00,25.39685875,trend_up,0.9742323281814625
2022-09-06 14:45:00,25.32679845,trend_up,0.9187684356464907
2022-09-06 15:00:00,25.41787684,trend_up,0.9187684356464907
2022-09-07 09:45:00,25.81722055,trend_up,0.9306137682501783
2022-09-07 10:00:00,26.26560647,trend_up,0.5272643557394641
2022-09-07 10:15:00,26.23057632,trend_up,0.8895342149017359
2022-09-07 10:30:00,25.99937733,trend_up,0.967029182099857
2022-09-07 10:45:00,26.07644366,trend_up,0.966073424863376
2022-09-07 11:00:00,25.8522507,trend_up,0.9652070575927774
2022-09-07 11:15:00,25.7121301,trend_up,0.8888063780690166
2022-09-07 11:30:00,25.91530497,trend_up,0.9365051591176241
2022-09-07 13:15:00,25.64907583,trend_up,0.7530322317007375
2022-09-07 13:30:00,25.6420698,trend_up,0.7530322317007375
2022-09-07 13:45:00,25.60703965,trend_up,0.7530322317007375
2022-09-07 14:00:00,25.90129291,trend_up,0.9365051591176241
2022-09-07 14:15:00,26.07644366,trend_up,0.9200906629686615
2022-09-07 14:30:00,26.01338939,trend_up,0.9219896601569001
2022-09-07 14:45:00,25.92931703,trend_up,0.9200906629686615
2022-09-07 15:00:00,25.95033512,trend_up,0.7524824829551136
2022-09-08 09:45:00,25.93632306,trend_up,0.7026083875862044
2022-09-08 10:00:00,26.23758235,trend_up,0.7026083875862044
2022-09-08 10:15:00,26.41973913,trend_up,0.6114650324323255
2022-09-08 10:30:00,26.53884164,trend_up,0.43124779958429255
2022-09-08 10:45:00,26.41973913,trend_up,0.9238106434553279
2022-09-08 11:00:00,26.60189591,trend_up,0.8101823525557476
2022-09-08 11:15:00,26.53183561,trend_up,0.9742323281814625
2022-09-08 11:30:00,26.3426728,trend_up,0.9671310851438669
2022-09-08 13:15:00,26.23057632,trend_up,0.8952284811874971
2022-09-08 13:30:00,26.16051602,trend_up,0.8952284811874971
2022-09-08 13:45:00,26.08344969,trend_down,0.6554353925269597
2022-09-08 14:00:00,26.09746175,trend_down,0.6554353925269597
2022-09-08 14:15:00,26.08344969,trend_down,0.6554353925269597
2022-09-08 14:30:00,26.01338939,range,0.7995050735526689
2022-09-08 14:45:00,25.86626276,trend_down,0.5239737120696346
2022-09-08 15:00:00,25.86626276,range,0.44770801943307664
2022-09-09 09:45:00,25.67009392,reversal,0.451514203208914
2022-09-09 10:00:00,25.60003362,trend_down,0.934401781259849
2022-09-09 10:15:00,25.33380448,trend_down,0.7990807723304278
2022-09-09 10:30:00,25.25673815,trend_down,0.6352089468716134
2022-09-09 10:45:00,25.4318889,trend_down,0.8036700552552861
2022-09-09 11:00:00,25.37584066,trend_down,0.5297699603102178
2022-09-09 11:15:00,25.28476227,trend_down,0.5297699603102178
2022-09-09 11:30:00,25.31278639,trend_down,0.5297699603102178
2022-09-09 13:15:00,25.5019492,trend_down,0.7086495945830025
2022-09-09 13:30:00,25.51596126,trend_down,0.5239737120696346
2022-09-09 13:45:00,25.55799744,trend_down,0.5182498481931086
2022-09-09 14:00:00,25.52997332,trend_down,0.5182498481931086
2022-09-09 14:15:00,25.28476227,trend_down,0.7604757499852173
2022-09-09 14:30:00,25.2917683,trend_down,0.5858872534115398
2022-09-09 14:45:00,25.29877433,trend_down,0.596558045177641
2022-09-09 15:00:00,25.29877433,range,0.5067820346763223
2022-09-13 09:45:00,25.4318889,range,0.5011513072222281
2022-09-13 10:00:00,25.57901553,range,0.685759807008504
2022-09-13 10:15:00,25.29877433,range,0.6853479638921572
2022-09-13 10:30:00,25.25673815,range,0.810331639320977
2022-09-13 10:45:00,25.31278639,range,0.7863367821971079
2022-09-13 11:00:00,25.24973212,range,0.7863367821971079
2022-09-13 11:15:00,25.2917683,range,0.6722832730301287
2022-09-13 11:30:00,25.24272609,range,0.6722832730301287
2022-09-13 13:15:00,25.33380448,range,0.8205901374423107
2022-09-13 13:30:00,25.51596126,range,0.770409328542638
2022-09-13 13:45:00,25.27775624,range,0.7722451375612671
2022-09-13 14:00:00,25.34081051,range,0.8072668076257075
2022-09-13 14:15:00,25.27775624,range,0.810331639320977
2022-09-13 14:30:00,25.2917683,range,0.7863367821971079
2022-09-13 14:45:00,25.25673815,range,0.6431739756886395
2022-09-13 15:00:00,25.33380448,range,0.8003767725410894
2022-09-14 09:45:00,24.92044871,trend_down,0.4970499616399044
2022-09-14 10:00:00,25.0815874,trend_down,0.5219364658007151
2022-09-14 10:15:00,25.00452107,trend_down,0.5355572095786205
2022-09-14 10:30:00,25.0815874,trend_down,0.53795574256754
2022-09-14 10:45:00,25.2917683,range,0.6101895967861346
2022-09-14 11:00:00,25.221708,range,0.6624344890154342
2022-09-14 11:15:00,25.11661755,range,0.7839144015868764
2022-09-14 11:30:00,25.221708,range,0.7839144015868764
2022-09-14 13:15:00,25.13062961,range,0.7056467217477775
2022-09-14 13:30:00,25.14464167,trend_down,0.5297699603102178
2022-09-14 13:45:00,25.06757534,trend_down,0.6925943798714477
2022-09-14 14:00:00,25.10961152,trend_down,0.6975880624924743
2022-09-14 14:15:00,25.07458137,range,0.6170957833935529
2022-09-14 14:30:00,25.06757534,trend_down,0.5725779383988192
2022-09-14 14:45:00,25.05356328,trend_down,0.5725779383988192
2022-09-14 15:00:00,25.0815874,trend_down,0.543947722519453
2022-09-15 09:45:00,24.84338238,trend_down,0.5190817293358149
2022-09-15 10:00:00,25.06757534,trend_down,0.6865078632065886
2022-09-15 10:15:00,24.63320148,trend_down,0.8612978915360555
2022-09-15 10:30:00,24.62619545,trend_down,0.7437327736490063
2022-09-15 10:45:00,24.3109241,trend_down,0.7437327736490063
2022-09-15 11:00:00,24.47206279,trend_down,0.9569306208080132
2022-09-15 11:15:00,24.35996631,trend_down,0.9742323281814625
2022-09-15 11:30:00,24.26188189,trend_down,0.9742323281814625
2022-09-15 13:15:00,24.12876732,trend_down,0.8003153026697971
2022-09-15 13:30:00,24.01667084,trend_down,0.46398831976864396
2022-09-15 13:45:00,23.91158039,trend_down,0.4850766622556711
2022-09-15 14:00:00,23.78547185,trend_down,0.5293985367695945
2022-09-15 14:15:00,23.82750803,trend_down,0.9230955164120815
2022-09-15 14:30:00,23.8905623,trend_down,0.9230955164120815
2022-09-15 14:45:00,23.93960451,trend_down,0.9230955164120815
2022-09-15 15:00:00,23.99565275,trend_down,0.9679511336517824
2022-09-16 09:45:00,23.65235728,trend_down,0.634565033529252
2022-09-16 10:00:00,23.6803814,trend_down,0.9679511336517824
2022-09-16 10:15:00,23.84152009,trend_down,0.9679511336517824
2022-09-16 10:30:00,23.66636934,trend_down,0.9679511336517824
2022-09-16 10:45:00,23.44217638,trend_down,0.9310376619313472
2022-09-16 11:00:00,23.42115829,trend_down,0.6144662816192575
2022-09-16 11:15:00,23.4001402,trend_down,0.967029182099857
2022-09-16 11:30:00,23.37912211,trend_down,0.8533842709695522
2022-09-16 13:15:00,23.29504975,trend_down,0.9244569324478901
2022-09-16 13:30:00,23.32307387,trend_down,0.7646930085095981
2022-09-16 13:45:00,23.21097739,trend_down,0.8895342149017359
2022-09-16 14:00:00,23.1899593,trend_down,0.9182273385573261
2022-09-16 14:15:00,23.06385076,trend_down,0.8264601616968841
2022-09-16 14:30:00,23.14792312,trend_down,0.5272643557394641
2022-09-16 14:45:00,23.09888091,trend_down,0.6445142267203092
2022-09-16 15:00:00,23.14091709,trend_down,0.8834041684533566
2022-09-19 09:45:00,22.96576634,trend_down,0.7598445743884066
2022-09-19 10:00:00,23.00780252,trend_down,0.9735686106763175
2022-09-19 10:15:00,23.1899593,trend_up,0.9448570951446239
2022-09-19 10:30:00,22.76259147,trend_down,0.955819071014051
2022-09-19 10:45:00,22.88169398,trend_down,0.9671310851438669
2022-09-19 11:00:00,23.17594724,trend_down,0.8827596709537892
2022-09-19 11:15:00,23.119899,trend_down,0.6980736040839369
2022-09-19 11:30:00,23.10588694,trend_down,0.6980736040839369
2022-09-19 13:15:00,22.9797784,trend_down,0.9653094962875512
2022-09-19 13:30:00,23.14792312,trend_down,0.8827596709537892
2022-09-19 13:45:00,23.19696533,trend_down,0.8827596709537892
2022-09-19 14:00:00,23.02181458,trend_down,0.8414240059105436
2022-09-19 14:15:00,22.85366986,trend_down,0.878459223905384
2022-09-19 14:30:00,22.84666383,trend_down,0.7065708320159619
2022-09-19 14:45:00,22.93073619,trend_down,0.7065708320159619
2022-09-19 15:00:00,22.94474825,trend_down,0.5243953945721042
2022-09-20 09:45:00,22.78360956,trend_down,0.7250508250909043
2022-09-20 10:00:00,23.16894121,range,0.7314945313294168
2022-09-20 10:15:00,23.03582664,range,0.7314945313294168
2022-09-20 10:30:00,23.17594724,range,0.7781662694762036
2022-09-20 10:45:00,23.119899,range,0.7781662694762036
2022-09-20 11:00:00,23.06385076,range,0.8817872619998535
2022-09-20 11:15:00,22.93774222,range,0.7610242443377552
2022-09-20 11:30:00,22.79762162,trend_down,0.6489420575752777
2022-09-20 13:15:00,22.6294769,trend_down,0.6443244951526895
2022-09-20 13:30:00,22.44732012,trend_down,0.5083360811378739
2022-09-20 13:45:00,22.60845881,trend_down,0.545597595338638
2022-09-20 14:00:00,22.62247087,trend_down,0.8405941741769453
2022-09-20 14:15:00,22.55241057,trend_down,0.9503321939726675
2022-09-20 14:30:00,22.52438645,trend_down,0.9503321939726675
2022-09-20 14:45:00,22.65750102,trend_down,0.7961715608112434
2022-09-20 15:00:00,22.76259147,trend_down,0.7383800332083762
2022-09-21 09:45:00,21.86581963,trend_down,0.4969307180079293
2022-09-21 10:00:00,22.08300656,trend_down,0.954122397242718
2022-09-21 10:15:00,22.04797641,trend_down,0.9548638122393335
2022-09-21 10:30:00,21.9989342,trend_down,0.8926032084843161
2022-09-21 10:45:00,21.82378345,trend_down,0.8003153026697971
2022-09-21 11:00:00,21.96390405,trend_down,0.9705246689210671
2022-09-21 11:15:00,21.94989199,trend_down,0.9019048519618212
2022-09-21 11:30:00,22.12504274,trend_down,0.9696978493388541
2022-09-21 13:15:00,22.30719952,trend_down,0.9581306173140381
2022-09-21 13:30:00,22.32821761,trend_down,0.9653094962875512
2022-09-21 13:45:00,22.15306686,trend_down,0.9735686106763175
2022-09-21 14:00:00,22.30719952,trend_down,0.9423709533776204
2022-09-21 14:15:00,22.36324776,trend_down,0.8156601237330515
2022-09-21 14:30:00,22.36324776,trend_down,0.6615824891304735
2022-09-21 14:45:00,22.419296,range,0.6941415031866094
2022-09-21 15:00:00,22.32821761,trend_up,0.45769042081438654
2022-09-22 09:45:00,22.00594023,trend_down,0.8132982949520554
2022-09-22 10:00:00,22.26516334,trend_down,0.47103168417235153
2022-09-22 10:15:00,22.23713922,trend_down,0.8724350267186767
2022-09-22 10:30:00,21.89384375,trend_down,0.9005271499839334
2022-09-22 10:45:00,21.99192817,trend_down,0.9238106434553279
2022-09-22 11:00:00,22.07600053,trend_down,0.9005271499839334
2022-09-22 11:15:00,21.96390405,trend_down,0.7461958014600831
2022-09-22 11:30:00,21.94288596,trend_down,0.7573139905139525
2022-09-22 13:15:00,21.90785581,trend_down,0.938040344052919
2022-09-22 13:30:00,21.97091008,trend_down,0.8055572556698548
2022-09-22 13:45:00,21.95689802,trend_down,0.7530322317007375
2022-09-22 14:00:00,21.83078948,trend_down,0.9365051591176241
2022-09-22 14:15:00,21.93587993,trend_down,0.9176443744606801
2022-09-22 14:30:00,22.09701862,trend_up,0.45134527247218387
2022-09-22 14:45:00,21.9288739,trend_down,0.7018222888918412
2022-09-22 15:00:00,21.98492214,range,0.7638272540456548
2022-09-23 09:45:00,21.73971109,trend_down,0.4684114432038357
2022-09-23 10:00:00,21.60659652,trend_down,0.8719882017397161
2022-09-23 10:15:00,21.45246386,trend_down,0.7454877337056774
2022-09-23 10:30:00,21.24228296,trend_down,0.6458894425912948
2022-09-23 10:45:00,21.32635532,trend_down,0.6537255360960813
2022-09-23 11:00:00,21.24228296,trend_down,0.967029182099857
2022-09-23 11:15:00,21.21425884,trend_down,0.8895342149017359
2022-09-23 11:30:00,21.13018648,trend_down,0.7646930085095981
2022-09-23 13:15:00,21.53653622,trend_down,0.9735686106763175
2022-09-23 13:30:00,21.52252416,trend_down,0.9661863672976857
2022-09-23 13:45:00,21.41042768,trend_down,0.9661863672976857
2022-09-23 14:00:00,21.41042768,trend_down,0.9661863672976857
2022-09-23 14:15:00,21.5785724,trend_down,0.8538227567721062
2022-09-23 14:30:00,21.5785724,trend_down,0.8538227567721062
2022-09-23 14:45:00,21.40342165,trend_down,0.9423709533776204
2022-09-23 15:00:00,21.43144577,trend_down,0.8724350267186767
2022-09-26 09:45:00,21.44545783,trend_down,0.9332347807542475
2022-09-26 10:00:00,21.40342165,trend_down,0.6359685894540297
2022-09-26 10:15:00,21.49450004,range,0.655257203448431
2022-09-26 10:30:00,21.53653622,range,0.8881710623963003
2022-09-26 10:45:00,21.55755431,range,0.8966901890453052
2022-09-26 11:00:00,21.3683915,range,0.7874824008533569
2022-09-26 11:15:00,21.2983312,range,0.5233487015796652
2022-09-26 11:30:00,21.39641562,range,0.8105769839318411
2022-09-26 13:15:00,21.57156637,range,0.8891015305300419
2022-09-26 13:30:00,21.42443974,range,0.7738946113840957
2022-09-26 13:45:00,21.50150607,range,0.907698005859044
2022-09-26 14:00:00,21.41743371,range,0.8076301088394207
2022-09-26 14:15:00,21.42443974,range,0.8076301088394207
2022-09-26 14:30:00,21.34036738,range,0.5042002382562698
2022-09-26 14:45:00,21.31234326,range,0.5537895366448894
2022-09-26 15:00:00,21.27731311,trend_down,0.5055433521750154
2022-09-27 09:45:00,21.2983312,range,0.5198817745810703
2022-09-27 10:00:00,21.19324075,trend_down,0.5385236232492221
2022-09-27 10:15:00,21.15120457,trend_down,0.4953822025171904
2022-09-27 10:30:00,21.03910809,trend_down,0.7663259700031325
2022-09-27 10:45:00,21.03910809,trend_down,0.5894775105614034
2022-09-27 11:00:00,21.05312015,trend_down,0.5901611865688013
2022-09-27 11:15:00,21.12318045,trend_down,0.6692163404760045
2022-09-27 11:30:00,21.13719251,trend_down,0.6692163404760045
2022-09-27 13:15:00,21.25629502,trend_down,0.5526002598917497
2022-09-27 13:30:00,21.29132517,range,0.6241366913594073
2022-09-27 13:45:00,21.19324075,trend_down,0.5255368726491012
2022-09-27 14:00:00,21.34036738,range,0.6130512033176081
2022-09-27 14:15:00,21.43144577,range,0.41839624138336945
2022-09-27 14:30:00,21.59959049,reversal,0.3880128304614266
2022-09-27 14:45:00,21.6486327,range,0.5214774587220841
2022-09-27 15:00:00,21.61360255,trend_up,0.8047035093639955
2022-09-28 09:45:00,21.34036738,reversal,0.4528906611505413
2022-09-28 10:00:00,21.24928899,range,0.5099475599369951
2022-09-28 10:15:00,21.1582106,range,0.5189241709150464
2022-09-28 10:30:00,21.23527693,trend_down,0.7159611718510721
2022-09-28 10:45:00,21.11617442,trend_down,0.8471799711672638
2022-09-28 11:00:00,21.03910809,trend_down,0.8958711337427966
2022-09-28 11:15:00,21.14419854,trend_down,0.8010347279777281
2022-09-28 11:30:00,21.03910809,trend_down,0.8579993070247722
2022-09-28 13:15:00,20.89198146,trend_down,0.9657726830449593
2022-09-28 13:30:00,20.92000558,trend_down,0.7665807474802563
2022-09-28 13:45:00,20.99707191,trend_down,0.9186956871811629
2022-09-28 14:00:00,21.01108397,trend_down,0.9742323281814625
2022-09-28 14:15:00,21.14419854,trend_down,0.9653094962875512
2022-09-28 14:30:00,21.07413824,trend_down,0.9558414499823895
2022-09-28 14:45:00,21.02509603,trend_down,0.9496354774399214
2022-09-28 15:00:00,20.98305985,trend_down,0.8753697464663618
2022-09-29 09:45:00,21.05312015,trend_down,0.8144270115893723
2022-09-29 10:00:00,21.0881503,trend_down,0.857443604646587
2022-09-29 10:15:00,21.1582106,trend_up,0.6073029387372603
2022-09-29 10:30:00,21.11617442,range,0.5455324485346053
2022-09-29 10:45:00,21.07413824,range,0.6412288529727601
2022-09-29 11:00:00,21.00407794,range,0.5590753329608682
2022-09-29 11:15:00,21.01809,range,0.6683038589322503
2022-09-29 11:30:00,21.06012618,range,0.8966901890453052
2022-09-29 13:15:00,21.11617442,range,0.8881710623963003
2022-09-29 13:30:00,20.97605382,range,0.7722451375612671
2022-09-29 13:45:00,20.94102367,range,0.503616096073202
2022-09-29 14:00:00,20.87096337,trend_down,0.5058378422076463
2022-09-29 14:15:00,20.80090307,trend_down,0.49923324804632996
2022-09-29 14:30:00,20.82192116,trend_down,0.49412154576744716
2022-09-29 14:45:00,21.01108397,range,0.7851479446904522
2022-09-29 15:00:00,20.90599352,range,0.5582723723353322
2022-09-30 09:45:00,20.70982468,trend_down,0.5401352882038771
2022-09-30 10:00:00,20.33850509,trend_down,0.6897212730904174
2022-09-30 10:15:00,20.42257745,trend_down,0.8672707799644853
2022-09-30 10:30:00,20.51365584,trend_down,0.9558414499823895
2022-09-30 10:45:00,20.40155936,trend_down,0.9741497011086431
2022-09-30 11:00:00,20.49263775,trend_down,0.9742323281814625
2022-09-30 11:15:00,20.37353524,trend_down,0.9735686106763175
2022-09-30 11:30:00,20.40856539,trend_down,0.5280567246047543
2022-09-30 13:15:00,20.32449303,trend_down,0.9696978493388541
2022-09-30 13:30:00,20.34551112,trend_down,0.8989257226588602
2022-09-30 13:45:00,20.3875473,trend_down,0.8989257226588602
2022-09-30 14:00:00,20.20539052,trend_down,0.9696978493388541
2022-09-30 14:15:00,20.1773664,trend_down,0.5407135016471885
2022-09-30 14:30:00,20.18437243,trend_down,0.4735331169375923
2022-09-30 14:45:00,20.26844479,trend_down,0.8958711337427966
2022-09-30 15:00:00,20.27545082,trend_down,0.7693713625113313
2022-10-10 09:45:00,20.07928198,breakout_down,0.48512049459319745
2022-10-10 10:00:00,19.9671855,trend_down,0.9742323281814625
2022-10-10 10:15:00,20.15634831,trend_down,0.9742323281814625
2022-10-10 10:30:00,19.86910108,trend_down,0.9742323281814625
2022-10-10 10:45:00,19.88311314,trend_down,0.9742323281814625
2022-10-10 11:00:00,19.84107696,trend_down,0.9705246689210671
2022-10-10 11:15:00,19.86209505,trend_down,0.9713217933116737
2022-10-10 11:30:00,19.83407093,trend_down,0.9705246689210671
2022-10-10 13:15:00,19.70796239,trend_down,0.9742323281814625
2022-10-10 13:30:00,19.67293224,trend_down,0.8904562157973918
2022-10-10 13:45:00,19.74999857,trend_down,0.9742323281814625
2022-10-10 14:00:00,19.64490812,trend_down,0.927690188616068
2022-10-10 14:15:00,19.60287194,trend_down,0.9310376619313472
2022-10-10 14:30:00,19.5468237,trend_down,0.9298877270666909
2022-10-10 14:45:00,19.46275134,trend_down,0.5031245475978765
2022-10-10 15:00:00,19.4067031,trend_down,0.476912447078656
2022-10-11 09:45:00,19.32963677,trend_down,0.8003153026697971
2022-10-11 10:00:00,18.9863413,trend_down,0.493864875391554
2022-10-11 10:15:00,19.20352823,trend_down,0.6537255360960813
2022-10-11 10:30:00,19.00035336,trend_down,0.9742323281814625
2022-10-11 10:45:00,19.09143175,trend_down,0.9360953501428811
2022-10-11 11:00:00,19.16849808,trend_down,0.9728308026568375
2022-10-11 11:15:00,19.36466692,trend_down,0.962454165778985
2022-10-11 11:30:00,19.35766089,trend_down,0.9098331151729132
2022-10-11 13:15:00,19.23155235,trend_down,0.9735686106763175
2022-10-11 13:30:00,19.23855838,trend_down,0.9303470205870887
2022-10-11 13:45:00,19.23155235,trend_down,0.9281660121740467
2022-10-11 14:00:00,19.28760059,trend_down,0.7253713556717247
2022-10-11 14:15:00,19.21754029,trend_down,0.9070739243975289
2022-10-11 14:30:00,19.21053426,trend_down,0.9042349703146398
2022-10-11 14:45:00,19.18951617,trend_down,0.9042349703146398
2022-10-11 15:00:00,19.17550411,trend_down,0.7800781715539654
2022-10-12 09:45:00,18.81819658,trend_down,0.5414278154772829
2022-10-12 10:00:00,18.53094935,trend_down,0.4863018696312073
2022-10-12 10:15:00,18.58699759,trend_down,0.9272834127062634
2022-10-12 10:30:00,18.52394332,trend_down,0.9052286302355669
2022-10-12 10:45:00,18.51693729,trend_down,0.9182273385573261
2022-10-12 11:00:00,18.31376242,trend_down,0.9310376619313472
2022-10-12 11:15:00,18.32076845,trend_down,0.6128980751887717
2022-10-12 11:30:00,18.2857383,trend_down,0.6280224890544183
2022-10-12 13:15:00,18.33478051,trend_down,0.9182273385573261
2022-10-12 13:30:00,18.30675639,trend_down,0.9182273385573261
2022-10-12 13:45:00,18.5659795,trend_down,0.9297390133172877
2022-10-12 14:00:00,18.83220864,trend_up,0.72875264539322
2022-10-12 14:15:00,18.97232924,trend_up,0.9332347807542475
2022-10-12 14:30:00,19.23855838,trend_up,0.9423709533776204
2022-10-12 14:45:00,19.14747999,trend_up,0.9423709533776204
2022-10-12 15:00:00,19.21053426,trend_up,0.9487246146283509
2022-10-13 09:45:00,19.70095636,trend_up,0.8427454866330983
2022-10-13 10:00:00,19.60287194,trend_up,0.9075095702894851
2022-10-13 10:15:00,19.59586591,trend_up,0.9470025662049734
2022-10-13 10:30:00,19.73598651,trend_up,0.9479066030766391
2022-10-13 10:45:00,19.76401063,trend_up,0.9513612180331552
2022-10-13 11:00:00,19.73598651,trend_up,0.9479066030766391
2022-10-13 11:15:00,19.72898048,trend_up,0.9013965819316143
2022-10-13 11:30:00,19.84808299,trend_up,0.9503266430238095
2022-10-13 13:15:00,19.89011917,trend_up,0.5108067593954639
2022-10-13 13:30:00,19.83407093,breakout_up,0.5101651513152529
2022-10-13 13:45:00,19.94616741,trend_up,0.795255166765195
2022-10-13 14:00:00,19.86910108,trend_up,0.7537255265632637
2022-10-13 14:15:00,19.77101666,trend_up,0.9687409804976631
2022-10-13 14:30:00,19.72197445,trend_up,0.8863309620124101
2022-10-13 14:45:00,19.65892018,trend_down,0.795880562509138
2022-10-13 15:00:00,19.64490812,trend_down,0.795880562509138
2022-10-14 09:45:00,19.67993827,trend_up,0.9337363164491075
2022-10-14 10:00:00,19.81305284,trend_up,0.965729791089964
2022-10-14 10:15:00,19.86209505,trend_up,0.8607577845784659
2022-10-14 10:30:00,20.13533022,trend_up,0.8398197875928712
2022-10-14 10:45:00,20.39455333,breakout_up,0.4638212914878978
2022-10-14 11:00:00,20.56269805,trend_up,0.9569306208080132
2022-10-14 11:15:00,20.3875473,trend_up,0.9569306208080132
2022-10-14 11:30:00,20.1773664,trend_up,0.9741497011086431
2022-10-14 13:15:00,20.31048097,trend_up,0.9741497011086431
2022-10-14 13:30:00,20.34551112,trend_up,0.9669242414729065
2022-10-14 13:45:00,20.0372458,trend_up,0.8602510692659777
2022-10-14 14:00:00,19.84107696,trend_down,0.737823825568231
2022-10-14 14:15:00,19.77101666,trend_down,0.8938647944710887
2022-10-14 14:30:00,19.93215535,trend_down,0.790893365222354
2022-10-14 14:45:00,20.08628801,trend_up,0.8959112403874824
2022-10-14 15:00:00,20.05125786,range,0.5731823569743637
2022-10-17 09:45:00,19.3366428,trend_down,0.4684114432038357
2022-10-17 10:00:00,19.08442572,trend_down,0.5426019711727146
2022-10-17 10:15:00,19.08442572,trend_down,0.6847368957428975
2022-10-17 10:30:00,18.916281,trend_down,0.9567949741861582
2022-10-17 10:45:00,18.97232924,trend_down,0.9310376619313472
2022-10-17 11:00:00,18.83220864,trend_down,0.9719927446022949
2022-10-17 11:15:00,18.72711819,trend_down,0.8563350183445994
2022-10-17 11:30:00,18.95131115,trend_down,0.9679511336517824
2022-10-17 13:15:00,19.0564016,trend_down,0.9679511336517824
2022-10-17 13:30:00,18.87424482,trend_down,0.9679511336517824
2022-10-17 13:45:00,18.95131115,trend_down,0.8927407182097999
2022-10-17 14:00:00,18.93029306,trend_down,0.8927407182097999
2022-10-17 14:15:00,18.85322673,trend_down,0.8895342149017359
2022-10-17 14:30:00,18.86023276,trend_down,0.8895342149017359
2022-10-17 14:45:00,18.85322673,trend_down,0.8895342149017359
2022-10-17 15:00:00,18.90226894,trend_down,0.8895342149017359
2022-10-18 09:45:00,18.43286493,breakout_down,0.48512049459319745
2022-10-18 10:00:00,18.29274433,trend_down,0.4850766622556711
2022-10-18 10:15:00,18.25771418,trend_down,0.9742323281814625
2022-10-18 10:30:00,18.4258589,trend_down,0.6008592647342702
2022-10-18 10:45:00,18.41885287,trend_down,0.9230955164120815
2022-10-18 11:00:00,18.5659795,trend_down,0.9742323281814625
2022-10-18 11:15:00,18.86023276,trend_down,0.7970122181324113
2022-10-18 11:30:00,18.92328703,trend_down,0.7970122181324113
2022-10-18 13:15:00,19.01436542,trend_up,0.934401781259849
2022-10-18 13:30:00,19.03538351,trend_up,0.6554353925269597
2022-10-18 13:45:00,18.89526291,trend_up,0.9096603708933312
2022-10-18 14:00:00,18.916281,trend_up,0.8123414493055849
2022-10-18 14:15:00,18.74813628,trend_down,0.7123691467602389
2022-10-18 14:30:00,18.86723879,range,0.6941415031866094
2022-10-18 14:45:00,18.79717849,range,0.49209851201904514
2022-10-18 15:00:00,18.79717849,range,0.49209851201904514
2022-10-19 09:45:00,18.60100965,trend_down,0.9015062663814333
2022-10-19 10:00:00,18.38382272,trend_down,0.9015062663814333
2022-10-19 10:15:00,18.43286493,trend_down,0.7563989646609167
2022-10-19 10:30:00,18.41885287,trend_down,0.8026220028412758
2022-10-19 10:45:00,18.4258589,trend_down,0.8147582894121508
2022-10-19 11:00:00,18.46088905,trend_down,0.9182273385573261
2022-10-19 11:15:00,18.41885287,trend_down,0.9182273385573261
2022-10-19 11:30:00,18.41885287,trend_down,0.9156880955987667
2022-10-19 13:15:00,18.26472021,trend_down,0.9639613855702905
2022-10-19 13:30:00,18.27172624,trend_down,0.9156880955987667
2022-10-19 13:45:00,18.23669609,trend_down,0.7622657811409599
2022-10-19 14:00:00,18.24370212,trend_down,0.88625147446568
2022-10-19 14:15:00,18.26472021,trend_down,0.88625147446568
2022-10-19 14:30:00,18.215678,trend_down,0.9156880955987667
2022-10-19 14:45:00,18.19465991,trend_down,0.8859120759409637
2022-10-19 15:00:00,18.215678,trend_down,0.7080356973971161
2022-10-20 09:45:00,17.6551956,trend_down,0.6337574937668937
2022-10-20 10:00:00,17.67621369,trend_down,0.9742323281814625
2022-10-20 10:15:00,17.55010515,trend_down,0.8139754305656954
2022-10-20 10:30:00,17.69022575,trend_down,0.5353414024884853
2022-10-20 10:45:00,17.76729208,trend_down,0.9742323281814625
2022-10-20 11:00:00,17.87238253,trend_down,0.967029182099857
2022-10-20 11:15:00,17.71124384,trend_down,0.967029182099857
2022-10-20 11:30:00,17.84435841,trend_down,0.9742323281814625
2022-10-20 13:15:00,18.02651519,trend_down,0.9653094962875512
2022-10-20 13:30:00,17.97046695,trend_down,0.9653094962875512
2022-10-20 13:45:00,17.89340062,trend_down,0.8524080049268566
2022-10-20 14:00:00,17.84435841,trend_down,0.8612978915360555
2022-10-20 14:15:00,17.69022575,trend_down,0.8612978915360555
2022-10-20 14:30:00,17.80932826,trend_down,0.7944243287087609
2022-10-20 14:45:00,17.83034635,trend_down,0.7075252337545701
2022-10-20 15:00:00,17.7953162,trend_down,0.886942038506704
2022-10-21 09:45:00,17.73926796,trend_down,0.757483659280673
2022-10-21 10:00:00,17.36094234,trend_down,0.7147669710469366
2022-10-21 10:15:00,17.38196043,trend_down,0.5128882817184325
2022-10-21 10:30:00,17.57112324,trend_down,0.7083516709142998
2022-10-21 10:45:00,17.43100264,trend_down,0.7177877360565809
2022-10-21 11:00:00,17.57112324,trend_down,0.7177877360565809
2022-10-21 11:15:00,17.64118354,trend_down,0.5177646269349031
2022-10-21 11:30:00,17.515075,trend_down,0.757483659280673
2022-10-21 13:15:00,17.52908706,trend_down,0.5838886751055224
2022-10-21 13:30:00,17.59914736,trend_down,0.7023470941254666
2022-10-21 13:45:00,17.62016545,trend_down,0.5145769405993377
2022-10-21 14:00:00,17.67621369,trend_down,0.5145769405993377
2022-10-21 14:15:00,17.71824987,range,0.7521371808182002
2022-10-21 14:30:00,17.85837047,range,0.7587811733891006
2022-10-21 14:45:00,17.90040665,range,0.7722451375612671
2022-10-21 15:00:00,17.87238253,range,0.685759807008504
2022-10-24 09:45:00,18.19465991,breakout_up,0.41422144511389597
2022-10-24 10:00:00,18.20867197,trend_up,0.9526892231117793
2022-10-24 10:15:00,17.89340062,trend_up,0.9526892231117793
2022-10-24 10:30:00,18.15962976,trend_up,0.9526892231117793
2022-10-24 10:45:00,18.11759358,trend_up,0.9526892231117793
2022-10-24 11:00:00,18.04753328,trend_up,0.8705313301600581
2022-10-24 11:15:00,18.15962976,trend_up,0.9526892231117793
2022-10-24 11:30:00,18.18064785,trend_up,0.9558414499823895
2022-10-24 13:15:00,17.96346092,trend_up,0.9096603708933312
2022-10-24 13:30:00,17.97046695,trend_up,0.8123414493055849
2022-10-24 13:45:00,17.92142474,trend_up,0.6073029387372603
2022-10-24 14:00:00,17.87938856,trend_down,0.8123414493055849
2022-10-24 14:15:00,17.87238253,trend_down,0.5183425986193364
2022-10-24 14:30:00,18.0054971,trend_down,0.5183425986193364
2022-10-24 14:45:00,17.97046695,trend_down,0.5183425986193364
2022-10-24 15:00:00,17.9354368,range,0.7952570075835796
2022-10-25 09:45:00,17.81633429,range,0.7839144015868764
2022-10-25 10:00:00,17.77429811,trend_down,0.5548862772930867
2022-10-25 10:15:00,17.49405691,trend_down,0.5439497965762365
2022-10-25 10:30:00,17.71824987,trend_down,0.6698813560924056
2022-10-25 10:45:00,17.5851353,trend_down,0.6785402064872875
2022-10-25 11:00:00,17.5851353,trend_down,0.9735686106763175
2022-10-25 11:15:00,17.76729208,trend_down,0.9653094962875512
2022-10-25 11:30:00,18.13160564,trend_down,0.5469491485924661
2022-10-25 13:15:00,18.05453931,trend_up,0.7999342837378464
2022-10-25 13:30:00,18.03352122,trend_up,0.532727735048976
2022-10-25 13:45:00,18.04753328,range,0.9000228764327376
2022-10-25 14:00:00,18.04753328,range,0.6440708278961718
2022-10-25 14:15:00,18.11058755,range,0.6289806507036747
2022-10-25 14:30:00,18.11759358,range,0.6289806507036747
2022-10-25 14:45:00,18.11058755,trend_up,0.6519587470986764
2022-10-25 15:00:00,18.04052725,trend_up,0.5356352519973492
2022-10-26 09:45:00,17.7252559,range,0.5168886633652346
2022-10-26 10:00:00,17.91441871,range,0.5521940070910744
2022-10-26 10:15:00,18.17364182,range,0.7428245249135514
2022-10-26 10:30:00,18.18765388,range,0.7446388367843573
2022-10-26 10:45:00,18.215678,range,0.7468608850248072
2022-10-26 11:00:00,18.2857383,trend_up,0.5527330669356515
2022-10-26 11:15:00,18.40484081,trend_up,0.7657788390968802
2022-10-26 11:30:00,18.34178654,trend_up,0.5599915953733177
2022-10-26 13:15:00,18.27873227,trend_up,0.5391141109803282
2022-10-26 13:30:00,18.22268403,range,0.5139883482674685
2022-10-26 13:45:00,18.25070815,range,0.509221080622764
2022-10-26 14:00:00,18.16663579,range,0.6727978863934905
2022-10-26 14:15:00,18.27873227,range,0.509221080622764
2022-10-26 14:30:00,18.26472021,range,0.509221080622764
2022-10-26 14:45:00,18.2857383,trend_up,0.5117996031386879
2022-10-26 15:00:00,18.29975036,trend_up,0.5117996031386879
2022-10-27 09:45:00,18.29975036,range,0.5366527849446335
2022-10-27 10:00:00,18.11759358,range,0.6341739504397705
2022-10-27 10:15:00,18.25070815,range,0.685759807008504
2022-10-27 10:30:00,18.33478051,range,0.685759807008504
2022-10-27 10:45:00,18.20166594,range,0.685759807008504
2022-10-27 11:00:00,18.18765388,range,0.7960741648574148
2022-10-27 11:15:00,18.19465991,range,0.6356567985997432
2022-10-27 11:30:00,18.20166594,range,0.6356567985997432
2022-10-27 13:15:00,18.13160564,trend_down,0.8414240059105436
2022-10-27 13:30:00,18.10358152,trend_down,0.5628047618033174
2022-10-27 13:45:00,18.13160564,trend_down,0.7010959321612099
2022-10-27 14:00:00,18.16663579,trend_down,0.7010959321612099
2022-10-27 14:15:00,18.11759358,trend_down,0.5142803300338894
2022-10-27 14:30:00,18.11058755,range,0.5525671821101094
2022-10-27 14:45:00,18.01950916,range,0.48200848510418903
2022-10-27 15:00:00,18.01950916,range,0.5077243257208133
2022-10-28 09:45:00,17.76028605,breakout_down,0.3977295170061822
2022-10-28 10:00:00,17.62717148,trend_down,0.7925450076466012
2022-10-28 10:15:00,17.57812927,trend_down,0.9547697896415398
2022-10-28 10:30:00,17.5851353,trend_down,0.9569306208080132
2022-10-28 10:45:00,17.56411721,trend_down,0.5238087613397967
2022-10-28 11:00:00,17.59214133,trend_down,0.8264601616968841
2022-10-28 11:15:00,17.67621369,trend_down,0.968840342841616
2022-10-28 11:30:00,17.71124384,trend_down,0.9742323281814625
2022-10-28 13:15:00,17.57112324,trend_down,0.9742323281814625
2022-10-28 13:30:00,17.4450147,trend_down,0.5407135016471885
2022-10-28 13:45:00,17.38896646,trend_down,0.49455936351631785
2022-10-28 14:00:00,17.45902676,trend_down,0.9742323281814625
2022-10-28 14:15:00,17.40998455,trend_down,0.9679511336517824
2022-10-28 14:30:00,17.39597249,trend_down,0.8219355018305541
2022-10-28 14:45:00,17.24183983,trend_down,0.8212706281870592
2022-10-28 15:00:00,17.3048941,trend_down,0.4832842696407707
2022-10-31 09:45:00,17.81633429,trend_up,0.6433232816460183
2022-10-31 10:00:00,18.29274433,trend_up,0.7373206742879431
2022-10-31 10:15:00,18.20166594,trend_up,0.7454886979526159
2022-10-31 10:30:00,17.99849107,trend_up,0.872919724035682
2022-10-31 10:45:00,17.96346092,trend_up,0.9321427773149108
2022-10-31 11:00:00,17.9354368,trend_up,0.9526892231117793
2022-10-31 11:15:00,18.11759358,trend_up,0.9470025662049734
2022-10-31 11:30:00,18.09657549,trend_up,0.8705313301600581
2022-10-31 13:15:00,18.09657549,trend_up,0.7428243732053119
2022-10-31 13:30:00,17.97046695,trend_up,0.9185084996151939
2022-10-31 13:45:00,17.94944886,trend_up,0.648246343667833
2022-10-31 14:00:00,18.09657549,trend_up,0.9015062663814333
2022-10-31 14:15:00,18.04753328,trend_up,0.9096603708933312
2022-10-31 14:30:00,18.0755574,trend_up,0.9187684356464907
2022-10-31 14:45:00,18.0755574,trend_up,0.9029645626213624
2022-10-31 15:00:00,18.17364182,trend_up,0.9735686106763175
2022-11-01 09:45:00,17.94944886,reversal,0.6017897605048871
2022-11-01 10:00:00,17.97046695,trend_down,0.5739474073462888
2022-11-01 10:15:00,18.27873227,trend_up,0.934401781259849
2022-11-01 10:30:00,18.23669609,trend_up,0.8403711591520251
2022-11-01 10:45:00,18.29274433,trend_up,0.8808754331114961
2022-11-01 11:00:00,18.27172624,trend_up,0.6711023924907564
2022-11-01 11:15:00,18.18064785,trend_up,0.6738534638853216
2022-11-01 11:30:00,18.11058755,range,0.5024058566247694
2022-11-01 13:15:00,18.15262373,range,0.7853306308178706
2022-11-01 13:30:00,18.215678,trend_up,0.7080317345949005
2022-11-01 13:45:00,18.27172624,trend_up,0.5804954938016856
2022-11-01 14:00:00,18.34879257,trend_up,0.5614865361371383
2022-11-01 14:15:00,18.40484081,trend_up,0.6993941092947085
2022-11-01 14:30:00,18.47490111,trend_up,0.9092393249727394
2022-11-01 14:45:00,18.46789508,trend_up,0.9254264981159408
2022-11-01 15:00:00,18.48891317,trend_up,0.9254264981159408
2022-11-02 09:45:00,18.69909407,trend_up,0.9377262209536074
2022-11-02 10:00:00,18.7061001,trend_up,0.6372585403282437
2022-11-02 10:15:00,18.85322673,trend_up,0.6372585403282437
2022-11-02 10:30:00,19.25257044,breakout_up,0.48512049459319745
2022-11-02 10:45:00,19.09143175,trend_up,0.9742323281814625
2022-11-02 11:00:00,19.18251014,trend_up,0.9742323281814625
2022-11-02 11:15:00,19.25257044,trend_up,0.9742323281814625
2022-11-02 11:30:00,19.31562471,trend_up,0.8237904192896002
2022-11-02 13:15:00,19.53281164,trend_up,0.5280567246047543
2022-11-02 13:30:00,19.64490812,trend_up,0.5390484451925946
2022-11-02 13:45:00,19.7570046,trend_up,0.968840342841616
2022-11-02 14:00:00,19.65191415,trend_up,0.968840342841616
2022-11-02 14:15:00,19.37167295,trend_up,0.968840342841616
2022-11-02 14:30:00,19.3366428,trend_up,0.9680422957267861
2022-11-02 14:45:00,19.38568501,trend_up,0.9212211388208612
2022-11-02 15:00:00,19.58885988,trend_up,0.9735686106763175
2022-11-03 09:45:00,20.07227595,trend_up,0.634565033529252
2022-11-03 10:00:00,19.6869443,trend_up,0.9742323281814625
2022-11-03 10:15:00,19.98119756,trend_up,0.9742323281814625
2022-11-03 10:30:00,19.98119756,trend_up,0.8003153026697971
2022-11-03 10:45:00,20.15634831,trend_up,0.9742323281814625
2022-11-03 11:00:00,20.21239655,trend_up,0.6512932984250939
2022-11-03 11:15:00,20.05125786,trend_up,0.968840342841616
2022-11-03 11:30:00,19.98119756,trend_up,0.8958711337427966
2022-11-03 13:15:00,20.05826389,trend_up,0.9680422957267861
2022-11-03 13:30:00,20.00221565,trend_up,0.9212211388208612
2022-11-03 13:45:00,19.95317344,trend_up,0.8153836840655707
2022-11-03 14:00:00,20.00922168,trend_up,0.8107846739053404
2022-11-03 14:15:00,19.91113726,trend_up,0.7639905614354506
2022-11-03 14:30:00,19.9671855,trend_up,0.8107846739053404
2022-11-03 14:45:00,19.9671855,trend_up,0.8107846739053404
2022-11-03 15:00:00,19.94616741,trend_up,0.7639905614354506
2022-11-04 09:45:00,19.97419153,trend_up,0.8857496497524557
2022-11-04 10:00:00,20.14934228,trend_up,0.9187684356464907
2022-11-04 10:15:00,20.33149906,trend_up,0.6931259865653578
2022-11-04 10:30:00,20.26844479,trend_up,0.5699155043903241
2022-11-04 10:45:00,20.28946288,trend_up,0.8073184292404629
2022-11-04 11:00:00,20.24042067,trend_up,0.5724831428293697
2022-11-04 11:15:00,20.40155936,trend_up,0.8858263562040415
2022-11-04 11:30:00,20.47862569,trend_up,0.9630431473640584
2022-11-04 13:15:00,20.77988498,breakout_up,0.48399826794247963
2022-11-04 13:30:00,20.64677041,trend_up,0.968840342841616
2022-11-04 13:45:00,20.70281865,trend_up,0.968840342841616
2022-11-04 14:00:00,20.6677885,trend_up,0.8958711337427966
2022-11-04 14:15:00,20.66078247,trend_up,0.8958711337427966
2022-11-04 14:30:00,20.61174026,trend_up,0.9230955164120815
2022-11-04 14:45:00,20.49263775,trend_up,0.8983132835346506
2022-11-04 15:00:00,20.5276679,trend_up,0.8983132835346506
2022-11-07 09:45:00,20.56269805,trend_up,0.9680422957267861
2022-11-07 10:00:00,20.3875473,trend_up,0.7970122181324113
2022-11-07 10:15:00,20.21239655,trend_down,0.7310250647575071
2022-11-07 10:30:00,20.40856539,trend_down,0.8993481562721959
2022-11-07 10:45:00,20.27545082,trend_down,0.8993481562721959
2022-11-07 11:00:00,20.21940258,trend_down,0.7707603053954855
2022-11-07 11:15:00,20.20539052,trend_down,0.8976590831882497
2022-11-07 11:30:00,20.317487,trend_down,0.808111438353901
2022-11-07 13:15:00,19.93215535,trend_down,0.8345934490918775
2022-11-07 13:30:00,20.04425183,trend_down,0.9450935403116844
2022-11-07 13:45:00,20.03023977,trend_down,0.8672707799644854
2022-11-07 14:00:00,19.86209505,trend_down,0.943735358284888
2022-11-07 14:15:00,19.79203475,trend_down,0.8939032702006827
2022-11-07 14:30:00,19.93215535,trend_down,0.9460652390401708
2022-11-07 14:45:00,20.02323374,trend_down,0.8672707799644854
2022-11-07 15:00:00,19.91113726,trend_down,0.8672707799644854
2022-11-08 09:45:00,19.83407093,trend_down,0.9465750139341989
2022-11-08 10:00:00,19.79904078,trend_down,0.9470025662049734
2022-11-08 10:15:00,19.89011917,trend_down,0.8705313301600581
2022-11-08 10:30:00,19.74999857,trend_down,0.8705313301600581
2022-11-08 10:45:00,19.91113726,trend_down,0.9470025662049734
2022-11-08 11:00:00,19.8270649,trend_down,0.8989569418665566
2022-11-08 11:15:00,19.86209505,trend_down,0.8989569418665566
2022-11-08 11:30:00,19.80604681,trend_down,0.6925943798714477
2022-11-08 13:15:00,19.8270649,trend_down,0.8705313301600581
2022-11-08 13:30:00,19.83407093,trend_down,0.6925943798714477
2022-11-08 13:45:00,19.7570046,trend_down,0.6925943798714477
2022-11-08 14:00:00,19.82005887,range,0.5819078489731289
2022-11-08 14:15:00,19.83407093,range,0.5819078489731289
2022-11-08 14:30:00,19.85508902,range,0.5851334218962132
2022-11-08 14:45:00,19.84107696,range,0.5882663822619455
2022-11-08 15:00:00,19.92514932,range,0.6672452894031764
2022-11-09 09:45:00,19.72197445,trend_up,0.6412619597296555
2022-11-09 10:00:00,19.73598651,range,0.45611619011967564
2022-11-09 10:15:00,19.85508902,range,0.5521940070910744
2022-11-09 10:30:00,19.94616741,range,0.5521940070910744
2022-11-09 10:45:00,19.86209505,range,0.5521940070910744
2022-11-09 11:00:00,19.8270649,range,0.7669299850682175
2022-11-09 11:15:00,19.82005887,range,0.7446388367843573
2022-11-09 11:30:00,19.76401063,range,0.5449917909084168
2022-11-09 13:15:00,19.74999857,range,0.5751730443407856
2022-11-09 13:30:00,19.70796239,range,0.5573333498773062
2022-11-09 13:45:00,19.70796239,trend_down,0.5033135422878728
2022-11-09 14:00:00,19.6869443,range,0.5113481417697953
2022-11-09 14:15:00,19.73598651,range,0.505364549151805
2022-11-09 14:30:00,19.77101666,range,0.8183073316692365
2022-11-09 14:45:00,19.81305284,range,0.7630617427116327
2022-11-09 15:00:00,19.74999857,range,0.7799300752217643
2022-11-10 09:45:00,19.4767634,breakout_down,0.44196131766233154
2022-11-10 10:00:00,19.43472722,trend_down,0.7854902754014125
2022-11-10 10:15:00,19.37167295,trend_down,0.9096603708933312
2022-11-10 10:30:00,19.41370913,trend_down,0.9569306208080132
2022-11-10 10:45:00,19.55382973,trend_down,0.9741497011086431
2022-11-10 11:00:00,19.616884,trend_down,0.9666699543776186
2022-11-10 11:15:00,19.63089606,trend_down,0.8447160309961037
2022-11-10 11:30:00,19.60987797,trend_up,0.8827596709537892
2022-11-10 13:15:00,19.42071516,trend_down,0.8609048307728409
2022-11-10 13:30:00,19.4067031,trend_down,0.9029645626213624
2022-11-10 13:45:00,19.4067031,trend_down,0.9569306208080132
2022-11-10 14:00:00,19.57484782,trend_up,0.8156601237330515
2022-11-10 14:15:00,19.48376943,trend_down,0.9300320838400228
2022-11-10 14:30:00,19.46975737,trend_down,0.641881695646907
2022-11-10 14:45:00,19.48376943,trend_down,0.9146143664395545
2022-11-10 15:00:00,19.43472722,trend_down,0.8037830379511186
2022-11-11 09:45:00,20.03023977,trend_up,0.7791129098472483
2022-11-11 10:00:00,19.89011917,trend_up,0.9423709533776204
2022-11-11 10:15:00,19.79203475,trend_up,0.9423709533776204
2022-11-11 10:30:00,19.66592621,trend_up,0.8156601237330515
2022-11-11 10:45:00,19.616884,trend_up,0.6491959135829651
2022-11-11 11:00:00,19.78502872,trend_up,0.790893365222354
2022-11-11 11:15:00,19.71496842,trend_up,0.8156601237330515
2022-11-11 11:30:00,19.81305284,trend_up,0.8156601237330515
2022-11-11 13:15:00,19.69395033,trend_up,0.8156601237330515
2022-11-11 13:30:00,19.79904078,trend_up,0.9423709533776204
2022-11-11 13:45:00,20.31048097,trend_up,0.8038187486333015
2022-11-11 14:00:00,20.27545082,trend_up,0.8865005343779316
2022-11-11 14:15:00,20.07928198,trend_up,0.9272834127062634
2022-11-11 14:30:00,20.0372458,trend_up,0.8070118257097992
2022-11-11 14:45:00,20.00922168,trend_up,0.8192822453641552
2022-11-11 15:00:00,20.14233625,trend_up,0.8905993395434422
2022-11-14 09:45:00,20.14934228,trend_up,0.8927688997878027
2022-11-14 10:00:00,20.16335434,trend_up,0.9254264981159408
2022-11-14 10:15:00,20.67479453,trend_up,0.5293985367695945
2022-11-14 10:30:00,20.37353524,trend_up,0.938106489634533
2022-11-14 10:45:00,20.47161966,trend_up,0.9742323281814625
2022-11-14 11:00:00,20.50664981,trend_up,0.9742323281814625
2022-11-14 11:15:00,20.42958348,trend_up,0.9742323281814625
2022-11-14 11:30:00,20.58371614,trend_up,0.9713217933116737
2022-11-14 13:15:00,20.5276679,trend_up,0.9742323281814625
2022-11-14 13:30:00,20.1773664,trend_up,0.9423709533776204
2022-11-14 13:45:00,20.13533022,trend_up,0.8156601237330515
2022-11-14 14:00:00,20.25443273,trend_up,0.8027671989238353
2022-11-14 14:15:00,20.46461363,trend_up,0.8840769116367145
2022-11-14 14:30:00,20.55569202,trend_up,0.7700400436625
2022-11-14 14:45:00,20.3875473,trend_up,0.8840769116367145
2022-11-14 15:00:00,20.5977282,trend_up,0.9098701378212136
2022-11-15 09:45:00,20.75886689,trend_up,0.8908878348166255
2022-11-15 10:00:00,20.96204176,trend_up,0.7936326106986372
2022-11-15 10:15:00,20.77988498,trend_up,0.9305391037088924
2022-11-15 10:30:00,20.70281865,trend_up,0.7773152170942038
2022-11-15 10:45:00,20.75186086,trend_up,0.7763790741090452
2022-11-15 11:00:00,20.75186086,trend_up,0.7769491061590438
2022-11-15 11:15:00,20.56269805,trend_up,0.7746312740965805
2022-11-15 11:30:00,20.63976438,range,0.5056560035513842
2022-11-15 13:15:00,20.86395734,trend_up,0.9010931355770299
2022-11-15 13:30:00,21.00407794,trend_up,0.9272834127062634
2022-11-15 13:45:00,20.85695131,trend_up,0.7077603272823539
2022-11-15 14:00:00,20.89898749,trend_up,0.5836001449388807
2022-11-15 14:15:00,20.9480297,trend_up,0.5901611865688013
2022-11-15 14:30:00,21.21425884,trend_up,0.6087729815489267
2022-11-15 14:45:00,21.32635532,trend_up,0.48037484687676546
2022-11-15 15:00:00,21.22126487,trend_up,0.5585561380050836
2022-11-16 09:45:00,21.46647592,trend_up,0.5207176245157485
2022-11-16 10:00:00,21.66264476,trend_up,0.9742323281814625
2022-11-16 10:15:00,21.53653622,trend_up,0.5407135016471885
2022-11-16 10:30:00,21.73270506,trend_up,0.8264601616968841
2022-11-16 10:45:00,21.44545783,trend_up,0.9742323281814625
2022-11-16 11:00:00,21.4384518,trend_up,0.9705246689210671
2022-11-16 11:15:00,21.30533723,trend_up,0.8674730476995611
2022-11-16 11:30:00,21.25629502,trend_up,0.9013151139342803
2022-11-16 13:15:00,21.3683915,trend_up,0.9735686106763175
2022-11-16 13:30:00,21.31234326,trend_up,0.9653094962875512
2022-11-16 13:45:00,21.08114427,trend_up,0.8156601237330515
2022-11-16 14:00:00,21.06713221,trend_down,0.6676344334317177
2022-11-16 14:15:00,21.39641562,trend_up,0.9423709533776204
2022-11-16 14:30:00,21.3683915,trend_up,0.7893231074994883
2022-11-16 14:45:00,21.17922869,trend_up,0.7123691467602389
2022-11-16 15:00:00,21.27030708,range,0.49209851201904514
2022-11-17 09:45:00,21.27030708,trend_up,0.4743077528822412
2022-11-17 10:00:00,20.91299955,trend_up,0.7939991758485883
2022-11-17 10:15:00,21.07413824,trend_down,0.5784702925237408
2022-11-17 10:30:00,20.9480297,trend_down,0.5739474073462888
2022-11-17 10:45:00,20.93401764,trend_down,0.5894533561033574
2022-11-17 11:00:00,20.9480297,trend_down,0.8414240059105436
2022-11-17 11:15:00,20.82192116,trend_down,0.808111438353901
2022-11-17 11:30:00,20.82892719,trend_down,0.8699959614160676
2022-11-17 13:15:00,20.7378488,trend_down,0.8047177853325848
2022-11-17 13:30:00,20.73084277,trend_down,0.808111438353901
2022-11-17 13:45:00,20.84293925,trend_down,0.5182498481931086
2022-11-17 14:00:00,20.70982468,trend_down,0.5182498481931086
2022-11-17 14:15:00,20.79389704,trend_down,0.5182498481931086
2022-11-17 14:30:00,20.70982468,trend_down,0.7604757499852173
2022-11-17 14:45:00,20.5977282,trend_down,0.5179937910100381
2022-11-17 15:00:00,20.73084277,trend_down,0.7040978686100972
2022-11-18 09:45:00,20.68180056,trend_down,0.48048064926439127
2022-11-18 10:00:00,20.81491513,trend_down,0.7604757499852173
2022-11-18 10:15:00,20.9480297,trend_up,0.5824918233590364
2022-11-18 10:30:00,21.06012618,trend_up,0.7604757499852173
2022-11-18 10:45:00,21.07413824,range,0.5016324948275044
2022-11-18 11:00:00,21.05312015,range,0.4845018156528271
2022-11-18 11:15:00,21.18623472,trend_up,0.8496947200701986
2022-11-18 11:30:00,21.17222266,trend_up,0.886942038506704
2022-11-18 13:15:00,21.09515633,trend_up,0.757483659280673
2022-11-18 13:30:00,21.0881503,trend_up,0.9380432031625056
2022-11-18 13:45:00,21.11617442,trend_up,0.8101823525557476
2022-11-18 14:00:00,21.11617442,trend_up,0.9182273385573261
2022-11-18 14:15:00,21.13719251,trend_up,0.9182273385573261
2022-11-18 14:30:00,21.14419854,trend_up,0.9182273385573261
2022-11-18 14:45:00,21.12318045,trend_up,0.8593193599846256
2022-11-18 15:00:00,21.15120457,trend_up,0.8593193599846256
2022-11-21 09:45:00,21.43144577,trend_up,0.6229716458371054
2022-11-21 10:00:00,21.2282709,trend_up,0.9679556215260039
2022-11-21 10:15:00,21.19324075,trend_up,0.9150883377066427
2022-11-21 10:30:00,21.2983312,trend_up,0.8874673079925345
2022-11-21 10:45:00,21.32635532,trend_up,0.7177877360565809
2022-11-21 11:00:00,21.38240356,trend_up,0.7226967175805254
2022-11-21 11:15:00,21.40342165,trend_up,0.7226967175805254
2022-11-21 11:30:00,21.54354225,trend_up,0.8958711337427966
2022-11-21 13:15:00,21.44545783,trend_up,0.8958711337427966
2022-11-21 13:30:00,21.56456034,trend_up,0.8958711337427966
2022-11-21 13:45:00,21.56456034,trend_up,0.7276226055667202
2022-11-21 14:00:00,21.82378345,trend_up,0.9339013390805402
2022-11-21 14:15:00,21.90785581,trend_up,0.9696978493388541
2022-11-21 14:30:00,21.93587993,trend_up,0.9339013390805402
2022-11-21 14:45:00,21.93587993,trend_up,0.8927688997878027
2022-11-21 15:00:00,21.9288739,trend_up,0.9254264981159408
2022-11-22 09:45:00,21.89384375,trend_up,0.938106489634533
2022-11-22 10:00:00,21.8588136,trend_up,0.9742323281814625
2022-11-22 10:15:00,21.94288596,trend_up,0.927690188616068
2022-11-22 10:30:00,22.0689945,trend_up,0.9705246689210671
2022-11-22 10:45:00,21.89384375,trend_up,0.9705246689210671
2022-11-22 11:00:00,21.9288739,trend_up,0.9254264981159408
2022-11-22 11:15:00,21.9288739,trend_up,0.9236042312450827
2022-11-22 11:30:00,21.87282566,trend_up,0.9013151139342803
2022-11-22 13:15:00,21.66264476,trend_up,0.8156601237330515
2022-11-22 13:30:00,21.82378345,trend_up,0.5963623155074708
2022-11-22 13:45:00,21.77474124,trend_up,0.5963623155074708
2022-11-22 14:00:00,21.75372315,range,0.6241366913594073
2022-11-22 14:15:00,21.80977139,trend_up,0.5894533561033574
2022-11-22 14:30:00,21.73270506,trend_up,0.3981116224126416
2022-11-22 14:45:00,21.68366285,trend_up,0.5183425986193364
2022-11-22 15:00:00,22.0689945,trend_up,0.7428785075558364
2022-11-23 09:45:00,21.54354225,range,0.4631792005966957
2022-11-23 10:00:00,21.01809,breakout_down,0.5727004839649499
2022-11-23 10:15:00,20.89198146,trend_down,0.8183169538160069
2022-11-23 10:30:00,20.61174026,trend_down,0.8487798613461252
2022-11-23 10:45:00,20.6677885,trend_down,0.6451374516401899
2022-11-23 11:00:00,21.07413824,trend_down,0.9526892231117793
2022-11-23 11:15:00,20.80090307,trend_down,0.9741497011086431
2022-11-23 11:30:00,20.75886689,trend_down,0.8924256327184921
2022-11-23 13:15:00,20.70281865,trend_down,0.8927407182097999
2022-11-23 13:30:00,20.75186086,trend_down,0.967849029882141
2022-11-23 13:45:00,20.75186086,trend_down,0.8502105754691145
2022-11-23 14:00:00,20.74485483,trend_down,0.9647550446694093
2022-11-23 14:15:00,20.88497543,trend_down,0.9319157352306672
2022-11-23 14:30:00,20.91299955,trend_down,0.7904472738941067
2022-11-23 14:45:00,20.9480297,trend_up,0.6237146086002725
2022-11-23 15:00:00,20.8779694,trend_down,0.8402943511389828
2022-11-24 09:45:00,21.14419854,trend_up,0.5894533561033574
2022-11-24 10:00:00,21.1582106,range,0.6299592696573502
2022-11-24 10:15:00,21.31234326,trend_up,0.5824918233590364
2022-11-24 10:30:00,21.45946989,trend_up,0.8156601237330515
2022-11-24 10:45:00,21.66264476,trend_up,0.9423709533776204
2022-11-24 11:00:00,21.66264476,trend_up,0.9022001630276747
2022-11-24 11:15:00,21.68366285,trend_up,0.9025533180197977
2022-11-24 11:30:00,21.64162667,trend_up,0.9182273385573261
2022-11-24 13:15:00,21.9288739,trend_up,0.9220332733534924
2022-11-24 13:30:00,21.87282566,trend_up,0.967029182099857
2022-11-24 13:45:00,21.68366285,trend_up,0.967029182099857
2022-11-24 14:00:00,21.718693,trend_up,0.8895342149017359
2022-11-24 14:15:00,21.76072918,trend_up,0.8895342149017359
2022-11-24 14:30:00,21.718693,trend_up,0.9182273385573261
2022-11-24 14:45:00,21.66965079,trend_up,0.9182273385573261
2022-11-24 15:00:00,21.69767491,trend_up,0.9182273385573261
2022-11-25 09:45:00,21.16521663,trend_down,0.9096603708933312
2022-11-25 10:00:00,21.38940959,trend_down,0.8959112403874824
2022-11-25 10:15:00,21.46647592,trend_down,0.8959112403874824
2022-11-25 10:30:00,21.48749401,trend_down,0.808111438353901
2022-11-25 10:45:00,21.41743371,trend_down,0.9096603708933312
2022-11-25 11:00:00,21.30533723,trend_down,0.808111438353901
2022-11-25 11:15:00,21.25629502,trend_down,0.808111438353901
2022-11-25 11:30:00,21.33336135,trend_down,0.9096603708933312
2022-11-25 13:15:00,21.13719251,trend_down,0.8968911483091
2022-11-25 13:30:00,21.2282709,trend_down,0.8672707799644854
2022-11-25 13:45:00,21.14419854,trend_down,0.8964466843873214
2022-11-25 14:00:00,21.14419854,trend_down,0.9204558658492991
2022-11-25 14:15:00,21.13719251,trend_down,0.9204558658492991
2022-11-25 14:30:00,21.14419854,trend_down,0.9179802441287964
2022-11-25 14:45:00,21.1582106,trend_down,0.9179802441287964
2022-11-25 15:00:00,21.0881503,trend_down,0.9741497011086431
2022-11-28 09:45:00,20.79389704,trend_down,0.6537255360960815
2022-11-28 10:00:00,20.87096337,trend_down,0.9578115151458179
2022-11-28 10:15:00,20.89198146,trend_down,0.967849029882141
2022-11-28 10:30:00,20.99006588,trend_down,0.967849029882141
2022-11-28 10:45:00,21.03910809,trend_down,0.9647550446694093
2022-11-28 11:00:00,20.99707191,trend_down,0.967849029882141
2022-11-28 11:15:00,20.9480297,trend_down,0.7171215582709535
2022-11-28 11:30:00,21.04611412,trend_down,0.6974420134051905
2022-11-28 13:15:00,21.05312015,trend_down,0.5354630728391402
2022-11-28 13:30:00,21.03910809,trend_down,0.5354630728391402
2022-11-28 13:45:00,20.99707191,trend_down,0.8147834100446241
2022-11-28 14:00:00,21.26330105,trend_up,0.5111506662096559
2022-11-28 14:15:00,21.11617442,range,0.5662926162526309
2022-11-28 14:30:00,21.27731311,range,0.5662926162526309
2022-11-28 14:45:00,21.27731311,range,0.5016324948275044
2022-11-28 15:00:00,21.32635532,trend_up,0.8036700552552861
2022-11-29 09:45:00,21.07413824,trend_up,0.40458971843864033
2022-11-29 10:00:00,21.3683915,trend_up,0.532727735048976
2022-11-29 10:15:00,21.37539753,trend_up,0.8027671989238353
2022-11-29 10:30:00,21.37539753,range,0.6672066495870824
2022-11-29 10:45:00,21.41042768,trend_up,0.49081920708544224
2022-11-29 11:00:00,21.62761461,trend_up,0.8686975350599996
2022-11-29 11:15:00,21.59959049,trend_up,0.7276924160996306
2022-11-29 11:30:00,21.57156637,trend_up,0.6785402064872875
2022-11-29 13:15:00,21.62761461,trend_up,0.8319554797454806
2022-11-29 13:30:00,21.66965079,trend_up,0.9025359750836585
2022-11-29 13:45:00,21.68366285,trend_up,0.9025359750836585
2022-11-29 14:00:00,21.60659652,trend_up,0.9025359750836585
2022-11-29 14:15:00,21.53653622,trend_up,0.8749323741866393
2022-11-29 14:30:00,21.52252416,trend_up,0.9070739243975289
2022-11-29 14:45:00,21.53653622,trend_up,0.9070739243975289
2022-11-29 15:00:00,21.54354225,trend_up,0.8749323741866393
2022-11-30 09:45:00,21.38240356,range,0.4018854135201756
2022-11-30 10:00:00,21.41042768,reversal,0.45631320544866105
2022-11-30 10:15:00,21.62060858,trend_up,0.8452931260129471
2022-11-30 10:30:00,21.94989199,trend_up,0.5945804423040643
2022-11-30 10:45:00,22.15306686,trend_up,0.462877588370371
2022-11-30 11:00:00,22.07600053,trend_up,0.9526892231117793
2022-11-30 11:15:00,21.99192817,trend_up,0.9567949741861582
2022-11-30 11:30:00,21.96390405,trend_up,0.9251993854483096
2022-11-30 13:15:00,21.9989342,trend_up,0.9212211388208612
2022-11-30 13:30:00,21.97091008,trend_up,0.9212211388208612
2022-11-30 13:45:00,21.97791611,trend_up,0.9212211388208612
2022-11-30 14:00:00,21.90084978,trend_up,0.8983132835346506
2022-11-30 14:15:00,21.95689802,trend_up,0.9187684356464907
2022-11-30 14:30:00,21.9288739,trend_up,0.8541600792685552
2022-11-30 14:45:00,21.89384375,range,0.6617404317113765
2022-11-30 15:00:00,22.00594023,trend_up,0.8217245207147975
2022-12-01 09:45:00,22.47534424,breakout_up,0.44458211733406056
2022-12-01 10:00:00,22.49636233,trend_up,0.9558414499823895
2022-12-01 10:15:00,22.39127188,trend_up,0.9569306208080132
2022-12-01 10:30:00,22.22312716,trend_up,0.9569306208080132
2022-12-01 10:45:00,22.19510304,trend_up,0.9742323281814625
2022-12-01 11:00:00,22.21612113,trend_up,0.9742323281814625
2022-12-01 11:15:00,22.2091151,trend_up,0.9187684356464907
2022-12-01 11:30:00,22.2091151,trend_up,0.9653094962875512
2022-12-01 13:15:00,22.25115128,trend_up,0.9569493631443057
2022-12-01 13:30:00,22.31420555,trend_up,0.8829512133984158
2022-12-01 13:45:00,22.39127188,trend_up,0.9653094962875512
2022-12-01 14:00:00,22.38426585,trend_up,0.7945915081345013
2022-12-01 14:15:00,22.419296,trend_up,0.9735686106763175
2022-12-01 14:30:00,22.45432615,trend_up,0.8920597894315797
2022-12-01 14:45:00,22.419296,trend_up,0.9653094962875512
2022-12-01 15:00:00,22.37725982,trend_up,0.9653094962875512
2022-12-02 09:45:00,22.25115128,trend_up,0.5367166107313713
2022-12-02 10:00:00,22.419296,trend_up,0.79441816231226
2022-12-02 10:15:00,22.39827791,trend_up,0.635333649758702
2022-12-02 10:30:00,22.39827791,trend_up,0.635333649758702
2022-12-02 10:45:00,22.55241057,trend_up,0.7398631123240655
2022-12-02 11:00:00,22.38426585,range,0.6996090102286588
2022-12-02 11:15:00,22.3492357,range,0.8003767725410894
2022-12-02 11:30:00,22.28618143,range,0.836379350546799
2022-12-02 13:15:00,22.3492357,range,0.836379350546799
2022-12-02 13:30:00,22.3492357,range,0.9014195498544553
2022-12-02 13:45:00,22.3492357,range,0.9014195498544553
2022-12-02 14:00:00,22.3492357,range,0.8960555700076558
2022-12-02 14:15:00,22.35624173,range,0.6431739756886395
2022-12-02 14:30:00,22.37025379,range,0.5277859471530039
2022-12-02 14:45:00,22.4893563,range,0.4987464144289901
2022-12-02 15:00:00,22.419296,range,0.4962490207082196
2022-12-05 09:45:00,22.21612113,range,0.8947105530629855
2022-12-05 10:00:00,22.2791754,range,0.8939982410047287
2022-12-05 10:15:00,22.419296,range,0.7826346264475538
2022-12-05 10:30:00,22.35624173,range,0.8939982410047287
2022-12-05 10:45:00,22.35624173,range,0.9087239378754662
2022-12-05 11:00:00,22.3492357,range,0.8939982410047287
2022-12-05 11:15:00,22.2791754,range,0.8932580625140008
2022-12-05 11:30:00,22.44031409,range,0.7799300752217643
2022-12-05 13:15:00,22.419296,range,0.6659571391723047
2022-12-05 13:30:00,22.40528394,range,0.6612416373902367
2022-12-05 13:45:00,22.34222967,range,0.8932580625140008
2022-12-05 14:00:00,22.31420555,range,0.8056630769228262
2022-12-05 14:15:00,22.35624173,range,0.8840769116367145
2022-12-05 14:30:00,22.42630203,range,0.5512490956745526
2022-12-05 14:45:00,22.39127188,range,0.6612416373902367
2022-12-05 15:00:00,22.3492357,range,0.9066359072356446
2022-12-06 09:45:00,22.15306686,range,0.7916573956174334
2022-12-06 10:00:00,22.25815731,range,0.8924889773448861
2022-12-06 10:15:00,22.43330806,range,0.8932580625140008
2022-12-06 10:30:00,22.41228997,trend_up,0.5187488591469637
2022-12-06 10:45:00,22.43330806,range,0.5072765235432344
2022-12-06 11:00:00,22.45432615,range,0.5077243257208134
2022-12-06 11:15:00,22.99379046,trend_up,0.4756945445915684
2022-12-06 11:30:00,22.72055529,trend_up,0.770153502353129
2022-12-06 13:15:00,22.83265177,trend_up,0.878459223905384
2022-12-06 13:30:00,22.93774222,trend_up,0.9567949741861582
2022-12-06 13:45:00,22.9797784,trend_up,0.8003153026697971
2022-12-06 14:00:00,22.95876031,trend_up,0.9206961464705191
2022-12-06 14:15:00,23.00780252,trend_up,0.8883657240708963
2022-12-06 14:30:00,23.10588694,trend_up,0.5293985367695945
2022-12-06 14:45:00,23.00780252,trend_up,0.9742323281814625
2022-12-06 15:00:00,23.00079649,trend_up,0.9742323281814625
2022-12-07 09:45:00,22.81163368,trend_up,0.9653094962875512
2022-12-07 10:00:00,22.69253117,trend_down,0.9096603708933312
2022-12-07 10:15:00,22.6294769,trend_down,0.8976590831882497
2022-12-07 10:30:00,22.76259147,trend_down,0.8976590831882497
2022-12-07 10:45:00,22.6294769,trend_down,0.6073029387372603
2022-12-07 11:00:00,22.64348896,range,0.455445798709778
2022-12-07 11:15:00,22.6294769,range,0.455445798709778
2022-12-07 11:30:00,22.63648293,range,0.455445798709778
2022-12-07 13:15:00,22.74157338,trend_up,0.8156601237330515
2022-12-07 13:30:00,22.64348896,trend_down,0.45769042081438654
2022-12-07 13:45:00,22.62247087,range,0.700716910698857
2022-12-07 14:00:00,22.64348896,range,0.455445798709778
2022-12-07 14:15:00,22.62247087,trend_down,0.6073029387372603
2022-12-07 14:30:00,22.60845881,trend_down,0.5182498481931086
2022-12-07 14:45:00,22.63648293,trend_down,0.5182498481931086
2022-12-07 15:00:00,22.6294769,trend_down,0.5126015124029761
2022-12-08 09:45:00,22.18809701,breakout_down,0.4469816828598642
2022-12-08 10:00:00,22.10402465,trend_down,0.7387241672517241
2022-12-08 10:15:00,22.2791754,trend_down,0.8491236163364417
2022-12-08 10:30:00,22.21612113,trend_down,0.9526892231117793
2022-12-08 10:45:00,22.2091151,trend_down,0.8938647944710887
2022-12-08 11:00:00,22.16007289,trend_down,0.9182273385573261
2022-12-08 11:15:00,22.2091151,trend_down,0.8892108789204528
2022-12-08 11:30:00,22.25115128,trend_down,0.9741497011086431
2022-12-08 13:15:00,22.2091151,trend_down,0.9179802441287964
2022-12-08 13:30:00,22.1390548,trend_down,0.9741497011086431
2022-12-08 13:45:00,21.94989199,trend_down,0.5272643557394641
2022-12-08 14:00:00,21.97791611,trend_down,0.5293985367695945
2022-12-08 14:15:00,21.9288739,trend_down,0.9741497011086431
2022-12-08 14:30:00,21.9288739,trend_down,0.9379154030189935
2022-12-08 14:45:00,21.93587993,trend_down,0.8883657240708963
2022-12-08 15:00:00,21.9288739,trend_down,0.8880393983702881
2022-12-09 09:45:00,21.9288739,trend_down,0.7997895977746737
2022-12-09 10:00:00,21.69767491,trend_down,0.8003153026697971
2022-12-09 10:15:00,21.8588136,trend_down,0.9741497011086431
2022-12-09 10:30:00,21.83779551,trend_down,0.922861896497621
2022-12-09 10:45:00,21.74671712,trend_down,0.9687409804976631
2022-12-09 11:00:00,21.74671712,trend_down,0.8955641684077396
2022-12-09 11:15:00,21.718693,trend_down,0.9742323281814625
2022-12-09 11:30:00,21.80977139,trend_down,0.913210072468972
2022-12-09 13:15:00,21.80276536,trend_down,0.913210072468972
2022-12-09 13:30:00,21.80276536,trend_down,0.913210072468972
2022-12-09 13:45:00,21.73971109,trend_down,0.913210072468972
2022-12-09 14:00:00,21.64162667,trend_down,0.9293420397512221
2022-12-09 14:15:00,21.718693,trend_down,0.9293420397512221
2022-12-09 14:30:00,21.76072918,trend_down,0.913210072468972
2022-12-09 14:45:00,21.718693,trend_down,0.9187684356464907
2022-12-09 15:00:00,21.69066888,trend_down,0.9162450753751263
2022-12-12 09:45:00,21.25629502,trend_down,0.4850766622556711
2022-12-12 10:00:00,20.8779694,trend_down,0.7991902473970328
2022-12-12 10:15:00,20.8779694,trend_down,0.8612978915360555
2022-12-12 10:30:00,20.92701161,trend_down,0.9569306208080132
2022-12-12 10:45:00,21.06713221,trend_down,0.9742323281814625
2022-12-12 11:00:00,21.11617442,trend_down,0.9742323281814625
2022-12-12 11:15:00,21.12318045,trend_down,0.9182273385573261
2022-12-12 11:30:00,21.06012618,trend_down,0.967029182099857
2022-12-12 13:15:00,21.02509603,trend_down,0.9182273385573261
2022-12-12 13:30:00,21.07413824,trend_down,0.9182273385573261
2022-12-12 13:45:00,21.01809,trend_down,0.9735686106763175
2022-12-12 14:00:00,20.96904779,trend_down,0.9735686106763175
2022-12-12 14:15:00,21.03910809,trend_down,0.9162450753751263
2022-12-12 14:30:00,21.06012618,trend_down,0.9162450753751263
2022-12-12 14:45:00,21.06713221,trend_down,0.9661863672976857
2022-12-12 15:00:00,21.03210206,trend_down,0.886942038506704
2022-12-13 09:45:00,20.63275835,breakout_down,0.48909477186817496
2022-12-13 10:00:00,20.5276679,trend_down,0.938106489634533
2022-12-13 10:15:00,20.53467393,trend_down,0.9075479579203247
2022-12-13 10:30:00,20.19137846,trend_down,0.7437327736490063
2022-12-13 10:45:00,20.26143876,trend_down,0.938106489634533
2022-12-13 11:00:00,20.30347494,trend_down,0.9254264981159408
2022-12-13 11:15:00,20.1773664,trend_down,0.9254264981159408
2022-12-13 11:30:00,20.1073061,trend_down,0.9310376619313472
2022-12-13 13:15:00,19.99520962,trend_down,0.6537255360960813
2022-12-13 13:30:00,20.05125786,trend_down,0.8958711337427966
2022-12-13 13:45:00,20.14233625,trend_down,0.968840342841616
2022-12-13 14:00:00,20.13533022,trend_down,0.968840342841616
2022-12-13 14:15:00,20.05826389,trend_down,0.968840342841616
2022-12-13 14:30:00,20.00922168,trend_down,0.968840342841616
2022-12-13 14:45:00,20.07928198,trend_down,0.8934098402710774
2022-12-13 15:00:00,20.05826389,trend_down,0.8934098402710774
2022-12-14 09:45:00,20.30347494,trend_down,0.9446804050685637
2022-12-14 10:00:00,20.47862569,trend_down,0.7970122181324113
2022-12-14 10:15:00,20.47161966,trend_down,0.6615824891304735
2022-12-14 10:30:00,20.54167996,trend_down,0.6615824891304735
2022-12-14 10:45:00,20.42958348,trend_down,0.8156601237330515
2022-12-14 11:00:00,20.49263775,trend_up,0.8123414493055849
2022-12-14 11:15:00,20.42958348,trend_up,0.808111438353901
2022-12-14 11:30:00,20.40155936,trend_down,0.6491959135829651
2022-12-14 13:15:00,20.35952318,trend_down,0.8724350267186767
2022-12-14 13:30:00,20.33850509,trend_down,0.7389997268581178
2022-12-14 13:45:00,20.27545082,trend_down,0.7771188216318986
2022-12-14 14:00:00,20.24042067,trend_down,0.789382834594456
2022-12-14 14:15:00,20.34551112,trend_down,0.9176443744606801
2022-12-14 14:30:00,20.30347494,trend_down,0.8014343705471025
2022-12-14 14:45:00,20.38054127,trend_down,0.7018222888918412
2022-12-14 15:00:00,20.36652921,range,0.5799617300945734
2022-12-15 09:45:00,20.2474267,trend_down,0.6307169833089916
2022-12-15 10:00:00,20.17036037,trend_down,0.8325009323973218
2022-12-15 10:15:00,20.2474267,trend_down,0.7896842717487778
2022-12-15 10:30:00,20.1773664,trend_down,0.7896842717487778
2022-12-15 10:45:00,20.07928198,trend_down,0.88625147446568
2022-12-15 11:00:00,20.05125786,trend_down,0.8859120759409637
2022-12-15 11:15:00,20.0372458,trend_down,0.8715821182867544
2022-12-15 11:30:00,20.1773664,trend_down,0.817846146647
2022-12-15 13:15:00,20.14233625,trend_down,0.8593193599846256
2022-12-15 13:30:00,20.20539052,trend_down,0.6463336002171052
2022-12-15 13:45:00,20.14233625,trend_down,0.886942038506704
2022-12-15 14:00:00,20.18437243,trend_down,0.5946728142793603
2022-12-15 14:15:00,20.28946288,trend_down,0.5111506662096559
2022-12-15 14:30:00,20.43658951,trend_down,0.5824918233590364
2022-12-15 14:45:00,20.34551112,trend_down,0.5824918233590364
2022-12-15 15:00:00,20.28245685,range,0.5731823569743637
2022-12-16 09:45:00,20.0372458,trend_down,0.581296581514587
2022-12-16 10:00:00,20.0372458,trend_down,0.6783166106105781
2022-12-16 10:15:00,20.0372458,trend_down,0.7653156989197472
2022-12-16 10:30:00,20.12131816,trend_down,0.7611910281167401
2022-12-16 10:45:00,20.27545082,range,0.5521940070910744
2022-12-16 11:00:00,20.48563172,trend_up,0.8205066479738508
2022-12-16 11:15:00,20.49964378,trend_up,0.6676344334317177
2022-12-16 11:30:00,20.41557142,trend_up,0.6735886903367564
2022-12-16 13:15:00,20.50664981,trend_up,0.8276269318251934
2022-12-16 13:30:00,20.79389704,trend_up,0.6829203592648547
2022-12-16 13:45:00,20.68180056,trend_up,0.7619640374637603
2022-12-16 14:00:00,20.9480297,breakout_up,0.6079943587464786
2022-12-16 14:15:00,20.99006588,trend_up,0.49008716648916617
2022-12-16 14:30:00,20.8079091,trend_up,0.9255911984234733
2022-12-16 14:45:00,20.91299955,trend_up,0.9741497011086431
2022-12-16 15:00:00,21.00407794,trend_up,0.9298877270666909
2022-12-19 09:45:00,21.38240356,breakout_up,0.48589058392090845
2022-12-19 10:00:00,20.85695131,trend_up,0.9716442844366692
2022-12-19 10:15:00,20.83593322,trend_up,0.9692937763013261
2022-12-19 10:30:00,20.79389704,trend_up,0.8990551702756995
2022-12-19 10:45:00,20.69581262,trend_down,0.9040789645113964
2022-12-19 11:00:00,20.75186086,trend_down,0.824442379215678
2022-12-19 11:15:00,20.68880659,trend_down,0.6676344334317177
2022-12-19 11:30:00,20.6677885,trend_down,0.6676344334317177
2022-12-19 13:15:00,20.79389704,trend_up,0.9096603708933312
2022-12-19 13:30:00,20.92000558,trend_up,0.8205066479738508
2022-12-19 13:45:00,20.98305985,trend_up,0.6609137486792392
2022-12-19 14:00:00,20.93401764,trend_up,0.8029122368642262
2022-12-19 14:15:00,20.83593322,trend_up,0.6659238703068803
2022-12-19 14:30:00,20.8779694,trend_up,0.7994502574154313
2022-12-19 14:45:00,20.89898749,trend_up,0.7994502574154313
2022-12-19 15:00:00,21.05312015,trend_up,0.7994502574154313
2022-12-20 09:45:00,21.15120457,trend_up,0.9072718521831746
2022-12-20 10:00:00,21.25629502,trend_up,0.9507160989322379
2022-12-20 10:15:00,21.20725281,trend_up,0.9507160989322379
2022-12-20 10:30:00,21.10916839,trend_up,0.8927407182097999
2022-12-20 10:45:00,21.2282709,trend_up,0.967849029882141
2022-12-20 11:00:00,21.16521663,trend_up,0.8892108789204528
2022-12-20 11:15:00,21.15120457,trend_up,0.9179802441287964
2022-12-20 11:30:00,21.19324075,trend_up,0.9179802441287964
2022-12-20 13:15:00,21.06713221,trend_up,0.9448570951446239
2022-12-20 13:30:00,21.05312015,trend_up,0.8357690306418118
2022-12-20 13:45:00,20.8779694,trend_down,0.8156601237330515
2022-12-20 14:00:00,20.8079091,trend_down,0.808111438353901
2022-12-20 14:15:00,20.78689101,trend_down,0.5414110904703863
2022-12-20 14:30:00,20.77287895,trend_down,0.7604757499852173
2022-12-20 14:45:00,20.74485483,trend_down,0.8639326827781951
2022-12-20 15:00:00,20.76587292,trend_down,0.8375576247161503
2022-12-21 09:45:00,20.4576076,reversal,0.5188880299153538
2022-12-21 10:00:00,20.63976438,trend_down,0.934401781259849
2022-12-21 10:15:00,20.63976438,trend_down,0.934401781259849
2022-12-21 10:30:00,20.5977282,trend_down,0.934401781259849
2022-12-21 10:45:00,20.63976438,trend_down,0.9332347807542475
2022-12-21 11:00:00,20.54167996,trend_down,0.9162450753751263
2022-12-21 11:15:00,20.5276679,trend_down,0.9162450753751263
2022-12-21 11:30:00,20.41557142,trend_down,0.5407135016471885
2022-12-21 13:15:00,20.40155936,trend_down,0.5407135016471885
2022-12-21 13:30:00,20.30347494,trend_down,0.9742323281814625
2022-12-21 13:45:00,20.34551112,trend_down,0.9206961464705191
2022-12-21 14:00:00,20.5276679,trend_down,0.9735686106763175
2022-12-21 14:15:00,20.54868599,trend_down,0.9735686106763175
2022-12-21 14:30:00,20.57671011,trend_down,0.8827596709537892
2022-12-21 14:45:00,20.67479453,trend_up,0.5428647267691095
2022-12-21 15:00:00,20.69581262,range,0.5294037623753223
2022-12-22 09:45:00,20.28245685,trend_down,0.5529036999713479
2022-12-22 10:00:00,20.1773664,trend_down,0.8405112352464331
2022-12-22 10:15:00,20.1073061,trend_down,0.8609048307728409
2022-12-22 10:30:00,20.02323374,trend_down,0.6000708584546597
2022-12-22 10:45:00,20.0372458,trend_down,0.9742323281814625
2022-12-22 11:00:00,19.9671855,trend_down,0.9310376619313472
2022-12-22 11:15:00,19.94616741,trend_down,0.9206961464705191
2022-12-22 11:30:00,19.85508902,trend_down,0.650891337907891
2022-12-22 13:15:00,19.85508902,trend_down,0.49247547729211216
2022-12-22 13:30:00,20.00221565,trend_down,0.968840342841616
2022-12-22 13:45:00,20.07227595,trend_down,0.8934098402710774
2022-12-22 14:00:00,19.93215535,trend_down,0.968840342841616
2022-12-22 14:15:00,20.02323374,trend_down,0.8902144987503774
2022-12-22 14:30:00,19.93916138,trend_down,0.9735686106763175
2022-12-22 14:45:00,19.91113726,trend_down,0.9187684356464907
2022-12-22 15:00:00,19.90413123,trend_down,0.9187684356464907
2022-12-23 09:45:00,19.53281164,trend_down,0.5275383222724065
2022-12-23 10:00:00,19.55382973,trend_down,0.8927407182097999
2022-12-23 10:15:00,19.72197445,trend_down,0.9679511336517824
2022-12-23 10:30:00,19.72197445,trend_down,0.9679511336517824
2022-12-23 10:45:00,19.76401063,trend_down,0.886942038506704
2022-12-23 11:00:00,19.72898048,trend_down,0.9735686106763175
2022-12-23 11:15:00,19.71496842,trend_down,0.9735686106763175
2022-12-23 11:30:00,19.79904078,trend_down,0.8920597894315797
2022-12-23 13:15:00,19.72197445,trend_down,0.9735686106763175
2022-12-23 13:30:00,19.72197445,trend_down,0.9162450753751263
2022-12-23 13:45:00,19.76401063,trend_down,0.8920597894315797
2022-12-23 14:00:00,19.6869443,trend_down,0.8061339348240945
2022-12-23 14:15:00,19.77802269,trend_down,0.8745430853198968
2022-12-23 14:30:00,19.85508902,range,0.6412288529727601
2022-12-23 14:45:00,20.00922168,range,0.636678816530835
2022-12-23 15:00:00,20.04425183,trend_up,0.5529036999713479
2022-12-26 09:45:00,20.26143876,reversal,0.6191690191516286
2022-12-26 10:00:00,20.26844479,trend_up,0.9423709533776204
2022-12-26 10:15:00,20.36652921,trend_up,0.939525812953996
2022-12-26 10:30:00,20.32449303,trend_up,0.8375576247161503
2022-12-26 10:45:00,20.3875473,trend_up,0.8375576247161503
2022-12-26 11:00:00,20.43658951,trend_up,0.9096603708933312
2022-12-26 11:15:00,20.44359554,trend_up,0.5239737120696346
2022-12-26 11:30:00,20.44359554,trend_up,0.6412619597296555
2022-12-26 13:15:00,20.3875473,trend_up,0.5239737120696346
2022-12-26 13:30:00,20.34551112,trend_up,0.5239737120696346
2022-12-26 13:45:00,20.35952318,trend_up,0.5239737120696346
2022-12-26 14:00:00,20.27545082,trend_up,0.7656634859672273
2022-12-26 14:15:00,20.33149906,trend_up,0.6974420134051905
2022-12-26 14:30:00,20.27545082,trend_up,0.5354630728391402
2022-12-26 14:45:00,20.26143876,range,0.649697269389171
2022-12-26 15:00:00,20.19137846,range,0.5294037623753223
2022-12-27 09:45:00,20.11431213,trend_down,0.3981116224126416
2022-12-27 10:00:00,20.19137846,trend_down,0.5183425986193364
2022-12-27 10:15:00,20.15634831,trend_down,0.5894533561033574
2022-12-27 10:30:00,20.08628801,trend_down,0.8596638413505254
2022-12-27 10:45:00,20.00221565,trend_down,0.7083516709142998
2022-12-27 11:00:00,19.97419153,trend_down,0.661998402994536
2022-12-27 11:15:00,19.91113726,trend_down,0.8778575576386534
2022-12-27 11:30:00,19.99520962,trend_down,0.968840342841616
2022-12-27 13:15:00,20.0372458,trend_down,0.9230955164120815
2022-12-27 13:30:00,19.98119756,trend_down,0.9742323281814625
2022-12-27 13:45:00,19.96017947,trend_down,0.9206961464705191
2022-12-27 14:00:00,20.00221565,trend_down,0.9679511336517824
2022-12-27 14:15:00,20.14233625,trend_down,0.7990807723304278
2022-12-27 14:30:00,20.17036037,range,0.6867188572832681
2022-12-27 14:45:00,20.16335434,range,0.6813037943603433
2022-12-27 15:00:00,20.12131816,range,0.6299592696573502
2022-12-28 09:45:00,19.97419153,trend_down,0.7440418506114453
2022-12-28 10:00:00,19.95317344,trend_down,0.7487028855071993
2022-12-28 10:15:00,19.98119756,trend_down,0.8489039039438464
2022-12-28 10:30:00,19.83407093,trend_down,0.7974433338817221
2022-12-28 10:45:00,19.99520962,trend_down,0.7581182291274897
2022-12-28 11:00:00,19.9671855,trend_down,0.6030095566366166
2022-12-28 11:15:00,20.04425183,trend_down,0.7120327792700281
2022-12-28 11:30:00,19.98820359,trend_down,0.7126098734898108
2022-12-28 13:15:00,19.96017947,trend_down,0.7126098734898108
2022-12-28 13:30:00,19.95317344,trend_down,0.5930967358889728
2022-12-28 13:45:00,19.93916138,trend_down,0.592303400395336
2022-12-28 14:00:00,19.90413123,trend_down,0.5964619998421714
2022-12-28 14:15:00,19.8971252,trend_down,0.7720697697379999
2022-12-28 14:30:00,19.88311314,trend_down,0.5964619998421714
2022-12-28 14:45:00,19.84808299,trend_down,0.5964619998421714
2022-12-28 15:00:00,19.88311314,trend_down,0.5964619998421714
2022-12-29 09:45:00,20.14934228,trend_up,0.46988365510783436
2022-12-29 10:00:00,20.34551112,trend_up,0.6450384795752891
2022-12-29 10:15:00,20.8779694,breakout_up,0.5021561055244707
2022-12-29 10:30:00,20.9480297,trend_up,0.7698894863212941
2022-12-29 10:45:00,21.24928899,trend_up,0.48210764873326295
2022-12-29 11:00:00,21.34737341,trend_up,0.48210764873326295
2022-12-29 11:15:00,21.5785724,trend_up,0.5195010918436814
2022-12-29 11:30:00,21.45246386,trend_up,0.5195010918436814
2022-12-29 13:15:00,21.1582106,trend_up,0.9679556215260039
2022-12-29 13:30:00,21.15120457,trend_up,0.9742323281814625
2022-12-29 13:45:00,21.1582106,trend_up,0.9182273385573261
2022-12-29 14:00:00,21.05312015,trend_up,0.967029182099857
2022-12-29 14:15:00,21.20725281,trend_up,0.9742323281814625
2022-12-29 14:30:00,21.10916839,trend_up,0.9742323281814625
2022-12-29 14:45:00,21.30533723,trend_up,0.9742323281814625
2022-12-29 15:00:00,21.29132517,trend_up,0.9742323281814625
2022-12-30 09:45:00,21.49450004,trend_up,0.5272643557394641
2022-12-30 10:00:00,21.46647592,trend_up,0.967029182099857
2022-12-30 10:15:00,21.38940959,trend_up,0.967029182099857
2022-12-30 10:30:00,21.53653622,trend_up,0.967029182099857
2022-12-30 10:45:00,21.52252416,trend_up,0.9652070575927774
2022-12-30 11:00:00,21.52252416,trend_up,0.9136500667948829
2022-12-30 11:15:00,21.5785724,trend_up,0.9136500667948829
2022-12-30 11:30:00,21.69767491,trend_up,0.9179802441287964
2022-12-30 13:15:00,21.6486327,trend_up,0.9742323281814625
2022-12-30 13:30:00,21.56456034,trend_up,0.9735686106763175
2022-12-30 13:45:00,21.52953019,trend_up,0.9735686106763175
2022-12-30 14:00:00,21.5785724,trend_up,0.9671310851438669
2022-12-30 14:15:00,21.51551813,trend_up,0.8952284811874971
2022-12-30 14:30:00,21.68366285,trend_up,0.9735686106763175
2022-12-30 14:45:00,21.63462064,trend_up,0.9671310851438669
2022-12-30 15:00:00,21.57156637,trend_up,0.8902144987503774
2023-01-03 09:45:00,19.84107696,trend_down,0.4937850020109617
2023-01-03 10:00:00,19.65191415,trend_down,0.7829384443132585
2023-01-03 10:15:00,19.67993827,trend_down,0.7829384443132585
2023-01-03 10:30:00,19.91113726,trend_down,0.7829384443132585
2023-01-03 10:45:00,19.43472722,trend_down,0.7986623257322079
2023-01-03 11:00:00,19.59586591,trend_down,0.9742323281814625
2023-01-03 11:15:00,19.63089606,trend_down,0.9742323281814625
2023-01-03 11:30:00,19.74999857,trend_down,0.9742323281814625
2023-01-03 13:15:00,20.00221565,trend_down,0.968840342841616
2023-01-03 13:30:00,20.00221565,trend_down,0.9230955164120815
2023-01-03 13:45:00,20.21940258,trend_down,0.9735686106763175
2023-01-03 14:00:00,20.14233625,trend_down,0.9187684356464907
2023-01-03 14:15:00,20.1773664,trend_down,0.8920597894315797
2023-01-03 14:30:00,20.25443273,trend_down,0.8920597894315797
2023-01-03 14:45:00,20.11431213,trend_down,0.9182273385573261
2023-01-03 15:00:00,20.317487,trend_down,0.8156601237330515
2023-01-04 09:45:00,19.86209505,trend_down,0.8135403095324131
2023-01-04 10:00:00,19.72197445,trend_down,0.8375576247161503
2023-01-04 10:15:00,19.63790209,trend_down,0.8722053219439819
2023-01-04 10:30:00,19.58885988,trend_down,0.8747281281567539
2023-01-04 10:45:00,19.41370913,trend_down,0.9178630123221301
2023-01-04 11:00:00,19.50478752,trend_down,0.8895342149017359
2023-01-04 11:15:00,19.53981767,trend_down,0.7622483889464412
2023-01-04 11:30:00,19.70796239,trend_down,0.7622483889464412
2023-01-04 13:15:00,19.67993827,trend_down,0.8061339348240945
2023-01-04 13:30:00,19.5468237,trend_down,0.8014343705471025
2023-01-04 13:45:00,19.53281164,trend_down,0.8055572556698548
2023-01-04 14:00:00,19.53981767,trend_down,0.9156880955987667
2023-01-04 14:15:00,19.57484782,trend_down,0.9154340349285539
2023-01-04 14:30:00,19.51879958,trend_down,0.9136500667948829
2023-01-04 14:45:00,19.52580561,trend_down,0.9136500667948829
2023-01-04 15:00:00,19.51179355,trend_down,0.9136500667948829
2023-01-05 09:45:00,19.51879958,trend_down,0.9647938596389675
2023-01-05 10:00:00,19.59586591,trend_down,0.9544574003068366
2023-01-05 10:15:00,19.55382973,trend_down,0.8835923464260621
2023-01-05 10:30:00,19.58185385,trend_down,0.6409101477555205
2023-01-05 10:45:00,19.59586591,trend_down,0.5898751691437624
2023-01-05 11:00:00,19.58185385,trend_down,0.6409101477555205
2023-01-05 11:15:00,19.56083576,trend_down,0.6556305938754268
2023-01-05 11:30:00,19.55382973,trend_down,0.7026083875862044
2023-01-05 13:15:00,19.53981767,trend_down,0.5547125544476372
2023-01-05 13:30:00,19.51879958,trend_down,0.5547125544476372
2023-01-05 13:45:00,19.48376943,trend_down,0.5864142170964854
2023-01-05 14:00:00,19.62389003,range,0.6498108345124656
2023-01-05 14:15:00,19.56784179,range,0.8881710623963003
2023-01-05 14:30:00,19.64490812,range,0.8034067673847938
2023-01-05 14:45:00,19.60287194,range,0.7705357985483827
2023-01-05 15:00:00,19.63790209,range,0.8872046872473589
2023-01-06 09:45:00,19.67993827,range,0.8953960049953154
2023-01-06 10:00:00,19.79203475,range,0.8953960049953154
2023-01-06 10:15:00,19.63790209,range,0.8947105530629855
2023-01-06 10:30:00,19.67293224,range,0.6671987597552126
2023-01-06 10:45:00,19.63089606,range,0.9088724338911096
2023-01-06 11:00:00,19.63790209,range,0.9088724338911096
2023-01-06 11:15:00,19.65191415,range,0.9070860827310898
2023-01-06 11:30:00,19.72197445,range,0.8862011044689261
2023-01-06 13:15:00,19.78502872,range,0.7428470856908108
2023-01-06 13:30:00,19.8270649,trend_up,0.44469835439457056
2023-01-06 13:45:00,19.86209505,range,0.4962490207082196
2023-01-06 14:00:00,19.96017947,breakout_up,0.6079821653655706
2023-01-06 14:15:00,20.02323374,trend_up,0.9526892231117793
2023-01-06 14:30:00,20.00221565,trend_up,0.8705313301600581
2023-01-06 14:45:00,20.03023977,trend_up,0.8705313301600581
2023-01-06 15:00:00,19.9671855,trend_up,0.9470025662049734
2023-01-09 09:45:00,20.12832419,trend_up,0.7946187600511018
2023-01-09 10:00:00,20.43658951,breakout_up,0.484551305289336
2023-01-09 10:15:00,20.5977282,breakout_up,0.47683102472388567
2023-01-09 10:30:00,20.4576076,trend_up,0.9379154030189935
2023-01-09 10:45:00,20.33149906,trend_up,0.9678535315793385
2023-01-09 11:00:00,20.32449303,trend_up,0.9741497011086431
2023-01-09 11:15:00,20.32449303,trend_up,0.9669242414729065
2023-01-09 11:30:00,20.2474267,trend_up,0.9716442844366692
2023-01-09 13:15:00,20.317487,trend_up,0.9741497011086431
2023-01-09 13:30:00,20.317487,trend_up,0.9179802441287964
2023-01-09 13:45:00,20.317487,trend_up,0.9105308622735405
2023-01-09 14:00:00,20.317487,trend_up,0.9105308622735405
2023-01-09 14:15:00,20.28245685,trend_up,0.8357690306418118
2023-01-09 14:30:00,20.317487,trend_up,0.9716442844366692
2023-01-09 14:45:00,20.42958348,trend_up,0.9716442844366692
2023-01-09 15:00:00,20.3875473,trend_up,0.9716442844366692
2023-01-10 09:45:00,20.32449303,trend_up,0.8357690306418118
2023-01-10 10:00:00,20.22640861,trend_down,0.6491959135829651
2023-01-10 10:15:00,20.30347494,trend_down,0.6491959135829651
2023-01-10 10:30:00,20.18437243,trend_down,0.6428670560630614
2023-01-10 10:45:00,20.06526992,trend_down,0.8912103162014117
2023-01-10 11:00:00,20.10030007,trend_down,0.7389997268581178
2023-01-10 11:15:00,20.12131816,trend_down,0.5567597230667899
2023-01-10 11:30:00,20.11431213,trend_down,0.5597440010896125
2023-01-10 13:15:00,20.12832419,trend_down,0.8992337021191241
2023-01-10 13:30:00,20.26844479,trend_down,0.7071502087268331
2023-01-10 13:45:00,20.20539052,range,0.4998880512009192
2023-01-10 14:00:00,20.23341464,range,0.4998880512009192
2023-01-10 14:15:00,20.19137846,range,0.4998880512009192
2023-01-10 14:30:00,20.16335434,range,0.7521371808182002
2023-01-10 14:45:00,20.1773664,range,0.8072668076257075
2023-01-10 15:00:00,20.19137846,range,0.8072668076257075
2023-01-11 09:45:00,20.12131816,range,0.4862657206461071
2023-01-11 10:00:00,20.28245685,range,0.7863367821971079
2023-01-11 10:15:00,20.20539052,range,0.6340762323724056
2023-01-11 10:30:00,20.13533022,range,0.7722451375612671
2023-01-11 10:45:00,20.14233625,range,0.8072668076257075
2023-01-11 11:00:00,20.1773664,range,0.810331639320977
2023-01-11 11:15:00,20.14934228,range,0.810331639320977
2023-01-11 11:30:00,20.14934228,range,0.5011696763574541
2023-01-11 13:15:00,20.17036037,range,0.5537895366448894
2023-01-11 13:30:00,20.19137846,range,0.8072668076257075
2023-01-11 13:45:00,20.1773664,range,0.7722451375612671
2023-01-11 14:00:00,20.18437243,range,0.8076301088394207
2023-01-11 14:15:00,20.11431213,range,0.8105769839318411
2023-01-11 14:30:00,20.12832419,range,0.6187056663958851
2023-01-11 14:45:00,20.14233625,range,0.6846598222607139
2023-01-11 15:00:00,20.1073061,range,0.6813037943603433
2023-01-12 09:45:00,20.12131816,trend_down,0.5399519951386192
2023-01-12 10:00:00,19.9671855,trend_down,0.5441454856170344
2023-01-12 10:15:00,20.12131816,trend_down,0.548382430468689
2023-01-12 10:30:00,20.00221565,trend_down,0.8489039039438464
2023-01-12 10:45:00,19.94616741,trend_down,0.883838202927371
2023-01-12 11:00:00,19.84107696,trend_down,0.8484507479265224
2023-01-12 11:15:00,19.8270649,trend_down,0.5117820884132003
2023-01-12 11:30:00,19.79203475,trend_down,0.4358274625075009
2023-01-12 13:15:00,19.93215535,trend_down,0.8656902338736445
2023-01-12 13:30:00,19.77101666,trend_down,0.8656902338736445
2023-01-12 13:45:00,19.77101666,trend_down,0.8656902338736445
2023-01-12 14:00:00,19.78502872,trend_down,0.8656902338736445
2023-01-12 14:15:00,19.82005887,trend_down,0.8656902338736445
2023-01-12 14:30:00,19.79203475,trend_down,0.8656902338736445
2023-01-12 14:45:00,19.8270649,trend_down,0.8656902338736445
2023-01-12 15:00:00,19.84107696,trend_down,0.7274146089053374
2023-01-13 09:45:00,19.70796239,trend_down,0.49008716648916617
2023-01-13 10:00:00,19.63089606,trend_down,0.5057365292143334
2023-01-13 10:15:00,19.59586591,trend_down,0.46645162945616797
2023-01-13 10:30:00,19.4767634,trend_down,0.8609048307728409
2023-01-13 10:45:00,19.41370913,trend_down,0.5407135016471885
2023-01-13 11:00:00,19.37867898,trend_down,0.5293985367695945
2023-01-13 11:15:00,19.34364883,trend_down,0.5238087613397967
2023-01-13 11:30:00,19.39969707,trend_down,0.9206961464705191
2023-01-13 13:15:00,19.43472722,trend_down,0.9742323281814625
2023-01-13 13:30:00,19.45574531,trend_down,0.8927407182097999
2023-01-13 13:45:00,19.42772119,trend_down,0.9679511336517824
2023-01-13 14:00:00,19.46275134,trend_down,0.8927407182097999
2023-01-13 14:15:00,19.48376943,trend_down,0.9653094962875512
2023-01-13 14:30:00,19.616884,trend_up,0.72875264539322
2023-01-13 14:45:00,19.65892018,trend_up,0.8375576247161503
2023-01-13 15:00:00,19.65191415,trend_up,0.6491959135829651
2023-01-16 09:45:00,19.73598651,trend_up,0.5693234864679636
2023-01-16 10:00:00,19.59586591,breakout_down,0.4434248391633026
2023-01-16 10:15:00,19.60287194,trend_up,0.6073029387372603
2023-01-16 10:30:00,19.71496842,trend_up,0.6073029387372603
2023-01-16 10:45:00,19.70796239,trend_up,0.6073029387372603
2023-01-16 11:00:00,19.72898048,trend_up,0.5824918233590364
2023-01-16 11:15:00,19.74999857,range,0.6412288529727601
2023-01-16 11:30:00,19.63089606,range,0.5542730275260896
2023-01-16 13:15:00,19.69395033,range,0.8071915136673933
2023-01-16 13:30:00,19.69395033,range,0.8071915136673933
2023-01-16 13:45:00,19.73598651,range,0.8071915136673933
2023-01-16 14:00:00,19.65191415,range,0.636678816530835
2023-01-16 14:15:00,19.58185385,range,0.8071915136673933
2023-01-16 14:30:00,19.46975737,trend_down,0.7574034296925503
2023-01-16 14:45:00,19.4767634,trend_down,0.6527351637932037
2023-01-16 15:00:00,19.5468237,trend_down,0.6475430874033102
2023-01-17 09:45:00,19.72197445,range,0.8071915136673933
2023-01-17 10:00:00,20.12131816,breakout_up,0.4897087634238109
2023-01-17 10:15:00,20.14233625,trend_up,0.5412166186205083
2023-01-17 10:30:00,20.09329404,trend_up,0.45134527247218387
2023-01-17 10:45:00,20.05125786,trend_up,0.78186981235211
2023-01-17 11:00:00,20.09329404,trend_up,0.8096764468495843
2023-01-17 11:15:00,20.08628801,trend_up,0.7616523128325627
2023-01-17 11:30:00,20.18437243,trend_up,0.9742323281814625
2023-01-17 13:15:00,20.21239655,trend_up,0.5275383222724065
2023-01-17 13:30:00,20.05826389,trend_up,0.967849029882141
2023-01-17 13:45:00,20.04425183,trend_up,0.967849029882141
2023-01-17 14:00:00,20.09329404,trend_up,0.8924256327184921
2023-01-17 14:15:00,20.09329404,trend_up,0.8927407182097999
2023-01-17 14:30:00,20.10030007,trend_up,0.9204558658492991
2023-01-17 14:45:00,20.09329404,trend_up,0.9206961464705191
2023-01-17 15:00:00,20.1073061,trend_up,0.913210072468972
2023-01-18 09:45:00,20.05125786,trend_up,0.9448570951446239
2023-01-18 10:00:00,19.93916138,trend_down,0.8156601237330515
2023-01-18 10:15:00,20.01622771,trend_down,0.8156601237330515
2023-01-18 10:30:00,19.93916138,trend_down,0.8156601237330515
2023-01-18 10:45:00,19.93215535,trend_down,0.5239737120696346
2023-01-18 11:00:00,19.98820359,range,0.6299592696573502
2023-01-18 11:15:00,19.97419153,range,0.6299592696573502
2023-01-18 11:30:00,19.98820359,range,0.6299592696573502
2023-01-18 13:15:00,20.06526992,range,0.5882663822619455
2023-01-18 13:30:00,20.00922168,range,0.5882663822619455
2023-01-18 13:45:00,19.9671855,range,0.7521371808182002
2023-01-18 14:00:00,19.98119756,range,0.7521371808182002
2023-01-18 14:15:00,19.99520962,range,0.7544736893571622
2023-01-18 14:30:00,20.00221565,range,0.5913082628701426
2023-01-18 14:45:00,19.9671855,range,0.6412288529727601
2023-01-18 15:00:00,19.99520962,range,0.6170851789055269
2023-01-19 09:45:00,19.89011917,range,0.4753787197593186
2023-01-19 10:00:00,20.11431213,range,0.4701744239248355
2023-01-19 10:15:00,20.23341464,trend_up,0.829061585206718
2023-01-19 10:30:00,20.11431213,trend_up,0.8218641240887279
2023-01-19 10:45:00,20.09329404,trend_up,0.9203653755158664
2023-01-19 11:00:00,20.04425183,trend_up,0.9380440685375927
2023-01-19 11:15:00,20.17036037,trend_up,0.9272834127062634
2023-01-19 11:30:00,20.12832419,trend_up,0.9287205086326954
2023-01-19 13:15:00,20.12131816,trend_up,0.9287205086326954
2023-01-19 13:30:00,20.12832419,trend_up,0.8108443757392524
2023-01-19 13:45:00,20.21239655,trend_up,0.9452333998711213
2023-01-19 14:00:00,20.23341464,trend_up,0.9468914776435289
2023-01-19 14:15:00,20.26844479,trend_up,0.7818025507973966
2023-01-19 14:30:00,20.21940258,trend_up,0.7818025507973966
2023-01-19 14:45:00,20.21940258,trend_up,0.7583667589936373
2023-01-19 15:00:00,20.24042067,trend_up,0.7818025507973966
2023-01-20 09:45:00,20.4576076,trend_up,0.8747098127653208
2023-01-20 10:00:00,20.56269805,trend_up,0.5293985367695945
2023-01-20 10:15:00,20.49263775,trend_up,0.504032890722713
2023-01-20 10:30:00,20.40856539,trend_up,0.9569306208080132
2023-01-20 10:45:00,20.34551112,trend_up,0.9735686106763175
2023-01-20 11:00:00,20.27545082,trend_up,0.9689210597843152
2023-01-20 11:15:00,20.30347494,trend_up,0.9592704627017886
2023-01-20 11:30:00,20.33850509,trend_up,0.9735686106763175
2023-01-20 13:15:00,20.30347494,trend_up,0.8754655967026245
2023-01-20 13:30:00,20.45060157,trend_up,0.9558414499823895
2023-01-20 13:45:00,20.40856539,trend_up,0.9049463233551722
2023-01-20 14:00:00,20.42958348,trend_up,0.9558414499823895
2023-01-20 14:15:00,20.41557142,trend_up,0.9005271499839334
2023-01-20 14:30:00,20.42257745,trend_up,0.8061339348240945
2023-01-20 14:45:00,20.38054127,trend_up,0.7585322054351483
2023-01-20 15:00:00,20.41557142,trend_up,0.8014343705471025
2023-01-30 09:45:00,20.81491513,breakout_up,0.4554899194733661
2023-01-30 10:00:00,20.83593322,trend_up,0.8612978915360555
2023-01-30 10:15:00,20.6677885,trend_up,0.8612978915360555
2023-01-30 10:30:00,20.70982468,trend_up,0.9569306208080132
2023-01-30 10:45:00,20.61174026,trend_up,0.9742323281814625
2023-01-30 11:00:00,20.5276679,trend_up,0.9735686106763175
2023-01-30 11:15:00,20.57671011,trend_up,0.855628419547505
2023-01-30 11:30:00,20.6677885,trend_up,0.9735686106763175
2023-01-30 13:15:00,20.5977282,trend_up,0.9735686106763175
2023-01-30 13:30:00,20.56269805,trend_up,0.8724350267186767
2023-01-30 13:45:00,20.56970408,trend_up,0.8920597894315797
2023-01-30 14:00:00,20.59072217,trend_up,0.9162450753751263
2023-01-30 14:15:00,20.56970408,trend_up,0.8920597894315797
2023-01-30 14:30:00,20.60473423,trend_up,0.8061339348240945
2023-01-30 14:45:00,20.56269805,trend_up,0.7585322054351483
2023-01-30 15:00:00,20.56269805,trend_up,0.7585322054351483
2023-01-31 09:45:00,20.71683071,trend_up,0.8132982949520555
2023-01-31 10:00:00,20.79389704,trend_up,0.9028419690136968
2023-01-31 10:15:00,20.84293925,trend_up,0.9052286302355669
2023-01-31 10:30:00,20.84293925,trend_up,0.9569306208080132
2023-01-31 10:45:00,20.81491513,trend_up,0.9742323281814625
2023-01-31 11:00:00,20.79389704,trend_up,0.9254264981159408
2023-01-31 11:15:00,20.79389704,trend_up,0.8958711337427966
2023-01-31 11:30:00,20.74485483,trend_up,0.8934098402710774
2023-01-31 13:15:00,20.74485483,trend_up,0.8983132835346506
2023-01-31 13:30:00,20.75186086,trend_up,0.9212211388208612
2023-01-31 13:45:00,20.74485483,trend_up,0.8983132835346506
2023-01-31 14:00:00,20.70982468,trend_up,0.8983132835346506
2023-01-31 14:15:00,20.69581262,trend_up,0.6615824891304735
2023-01-31 14:30:00,20.69581262,trend_up,0.6615824891304735
2023-01-31 14:45:00,20.68180056,range,0.6241366913594073
2023-01-31 15:00:00,20.70281865,range,0.41839624138336945
2023-02-01 09:45:00,20.70281865,reversal,0.4456787637059864
2023-02-01 10:00:00,20.68180056,trend_up,0.44258257630733017
2023-02-01 10:15:00,20.7378488,trend_up,0.5963623155074708
2023-02-01 10:30:00,20.66078247,range,0.5278516112988646
2023-02-01 10:45:00,20.5977282,range,0.5278516112988646
2023-02-01 11:00:00,20.60473423,range,0.6767270180912871
2023-02-01 11:15:00,20.63275835,range,0.6130512033176081
2023-02-01 11:30:00,20.63275835,trend_down,0.7100613190755783
2023-02-01 13:15:00,20.72383674,range,0.6289200282351567
2023-02-01 13:30:00,20.74485483,trend_up,0.5858872534115398
2023-02-01 13:45:00,20.8079091,trend_up,0.8395691478859472
2023-02-01 14:00:00,20.79389704,trend_up,0.7990807723304278
2023-02-01 14:15:00,20.86395734,trend_up,0.8572684278457645
2023-02-01 14:30:00,20.88497543,trend_up,0.6702327384077174
2023-02-01 14:45:00,20.91299955,trend_up,0.8880247045817357
2023-02-01 15:00:00,20.91299955,trend_up,0.9206961464705191
2023-02-02 09:45:00,21.00407794,trend_up,0.9285794203562051
2023-02-02 10:00:00,21.14419854,trend_up,0.4850766622556711
2023-02-02 10:15:00,21.06713221,trend_up,0.9742323281814625
2023-02-02 10:30:00,20.95503573,trend_up,0.9742323281814625
2023-02-02 10:45:00,21.01108397,trend_up,0.9742323281814625
2023-02-02 11:00:00,21.05312015,trend_up,0.9742323281814625
2023-02-02 11:15:00,21.1582106,trend_up,0.9322810957908073
2023-02-02 11:30:00,21.10216236,trend_up,0.8225765820481383
2023-02-02 13:15:00,21.08114427,trend_up,0.9331059479786932
2023-02-02 13:30:00,21.12318045,trend_up,0.968840342841616
2023-02-02 13:45:00,21.08114427,trend_up,0.8927407182097999
2023-02-02 14:00:00,21.13018648,trend_up,0.8927407182097999
2023-02-02 14:15:00,21.13719251,trend_up,0.9206961464705191
2023-02-02 14:30:00,21.16521663,trend_up,0.9742323281814625
2023-02-02 14:45:00,21.13719251,trend_up,0.9735686106763175
2023-02-02 15:00:00,21.14419854,trend_up,0.9162450753751263
2023-02-03 09:45:00,20.79389704,trend_down,0.7161579417419216
2023-02-03 10:00:00,20.77287895,trend_down,0.808111438353901
2023-02-03 10:15:00,20.6677885,trend_down,0.8612691837992035
2023-02-03 10:30:00,20.69581262,trend_down,0.9332347807542475
2023-02-03 10:45:00,20.56970408,trend_down,0.9483254052857735
2023-02-03 11:00:00,20.5276679,trend_down,0.9387267266872417
2023-02-03 11:15:00,20.56970408,trend_down,0.8668512096281611
2023-02-03 11:30:00,20.52066187,trend_down,0.9558414499823895
2023-02-03 13:15:00,20.58371614,trend_down,0.9522565217787161
2023-02-03 13:30:00,20.6677885,trend_down,0.9526892231117793
2023-02-03 13:45:00,20.66078247,trend_down,0.9526892231117793
2023-02-03 14:00:00,20.70281865,trend_down,0.9105308622735405
2023-02-03 14:15:00,20.74485483,trend_down,0.8357690306418118
2023-02-03 14:30:00,20.77287895,trend_up,0.8156601237330515
2023-02-03 14:45:00,20.78689101,trend_up,0.8156601237330515
2023-02-03 15:00:00,20.8079091,trend_up,0.6491959135829651
2023-02-06 09:45:00,20.6677885,trend_up,0.5529036999713479
2023-02-06 10:00:00,20.68180056,trend_up,0.790893365222354
2023-02-06 10:15:00,20.62575232,range,0.685759807008504
2023-02-06 10:30:00,20.5276679,trend_down,0.596558045177641
2023-02-06 10:45:00,20.54167996,trend_down,0.8895342149017359
2023-02-06 11:00:00,20.56970408,trend_down,0.757483659280673
2023-02-06 11:15:00,20.5977282,trend_down,0.743964654572322
2023-02-06 11:30:00,20.53467393,trend_down,0.743964654572322
2023-02-06 13:15:00,20.54868599,trend_down,0.7945915081345013
2023-02-06 13:30:00,20.47161966,trend_down,0.9286505123722527
2023-02-06 13:45:00,20.51365584,trend_down,0.7896851392921523
2023-02-06 14:00:00,20.5276679,trend_down,0.9320707198211117
2023-02-06 14:15:00,20.51365584,trend_down,0.9077766284665878
2023-02-06 14:30:00,20.49964378,trend_down,0.8835923464260621
2023-02-06 14:45:00,20.48563172,trend_down,0.9154340349285539
2023-02-06 15:00:00,20.50664981,trend_down,0.8888063780690166
2023-02-07 09:45:00,20.9480297,trend_up,0.5366100519903155
2023-02-07 10:00:00,20.82192116,trend_up,0.8491236163364417
2023-02-07 10:15:00,20.72383674,trend_up,0.9423709533776204
2023-02-07 10:30:00,20.96904779,trend_up,0.9423709533776204
2023-02-07 10:45:00,20.94102367,trend_up,0.7983857808832704
2023-02-07 11:00:00,21.03210206,trend_up,0.938106489634533
2023-02-07 11:15:00,21.0881503,trend_up,0.8612978915360555
2023-02-07 11:30:00,21.06713221,trend_up,0.9206961464705191
2023-02-07 13:15:00,20.88497543,trend_up,0.9735686106763175
2023-02-07 13:30:00,20.8779694,trend_up,0.8902144987503774
2023-02-07 13:45:00,20.89198146,trend_up,0.9679511336517824
2023-02-07 14:00:00,20.96904779,trend_up,0.9742323281814625
2023-02-07 14:15:00,20.94102367,trend_up,0.9187684356464907
2023-02-07 14:30:00,20.8779694,trend_up,0.9653094962875512
2023-02-07 14:45:00,20.78689101,reversal,0.6191690191516286
2023-02-07 15:00:00,20.88497543,trend_up,0.7939991758485883
2023-02-08 09:45:00,20.89198146,trend_up,0.7939991758485883
2023-02-08 10:00:00,20.84994528,range,0.4463221082749991
2023-02-08 10:15:00,20.90599352,trend_up,0.6554353925269597
2023-02-08 10:30:00,21.01108397,trend_up,0.5534757380526303
2023-02-08 10:45:00,21.01809,trend_up,0.5064275484656714
2023-02-08 11:00:00,20.86395734,range,0.8881710623963003
2023-02-08 11:15:00,20.74485483,range,0.8953960049953154
2023-02-08 11:30:00,20.72383674,range,0.7995050735526689
2023-02-08 13:15:00,20.68880659,range,0.7701978300799129
2023-02-08 13:30:00,20.70281865,trend_down,0.6404397157067302
2023-02-08 13:45:00,20.62575232,trend_down,0.6938670157602796
2023-02-08 14:00:00,20.66078247,range,0.49269090891140954
2023-02-08 14:15:00,20.57671011,trend_down,0.5955169052916834
2023-02-08 14:30:00,20.63275835,trend_down,0.9159011764317418
2023-02-08 14:45:00,20.60473423,trend_down,0.9270965109926975
2023-02-08 15:00:00,20.56970408,trend_down,0.9051697349585158
2023-02-09 09:45:00,20.68180056,trend_down,0.8922437563678579
2023-02-09 10:00:00,20.82192116,trend_down,0.48857625313101755
2023-02-09 10:15:00,20.8779694,trend_up,0.8614997794086688
2023-02-09 10:30:00,20.8779694,trend_up,0.8282807928201137
2023-02-09 10:45:00,20.82192116,trend_up,0.8282807928201137
2023-02-09 11:00:00,20.82892719,trend_up,0.7822106959010607
2023-02-09 11:15:00,20.85695131,trend_up,0.7822106959010607
2023-02-09 11:30:00,20.88497543,trend_up,0.600148039035548
2023-02-09 13:15:00,20.98305985,trend_up,0.9025359750836585
2023-02-09 13:30:00,21.04611412,trend_up,0.8252626711104348
2023-02-09 13:45:00,21.06713221,trend_up,0.9016137202431637
2023-02-09 14:00:00,21.05312015,trend_up,0.9016137202431637
2023-02-09 14:15:00,21.06713221,trend_up,0.927690188616068
2023-02-09 14:30:00,21.01809,trend_up,0.9696978493388541
2023-02-09 14:45:00,21.01108397,trend_up,0.8965282913525047
2023-02-09 15:00:00,21.01809,trend_up,0.8934098402710774
2023-02-10 09:45:00,21.03210206,trend_up,0.9676266672416617
2023-02-10 10:00:00,21.11617442,trend_up,0.9671310851438669
2023-02-10 10:15:00,21.09515633,trend_up,0.8892108789204528
2023-02-10 10:30:00,21.0881503,trend_up,0.8859197621083211
2023-02-10 10:45:00,21.11617442,trend_up,0.9741497011086431
2023-02-10 11:00:00,21.07413824,trend_up,0.8749138171278051
2023-02-10 11:15:00,21.06012618,trend_up,0.8835923464260621
2023-02-10 11:30:00,20.9480297,range,0.8391249478557303
2023-02-10 13:15:00,21.05312015,range,0.7272474280313435
2023-02-10 13:30:00,20.99707191,range,0.7393026099605919
2023-02-10 13:45:00,20.99707191,range,0.861983580007161
2023-02-10 14:00:00,21.15120457,range,0.7272474280313435
2023-02-10 14:15:00,21.20725281,trend_up,0.6087659975745587
2023-02-10 14:30:00,21.31234326,trend_up,0.41592823191907996
2023-02-10 14:45:00,21.39641562,trend_up,0.5770509136651125
2023-02-10 15:00:00,21.43144577,trend_up,0.9379154030189935
2023-02-13 09:45:00,21.49450004,trend_up,0.6372585403282437
2023-02-13 10:00:00,21.68366285,trend_up,0.6229716458371053
2023-02-13 10:15:00,21.63462064,trend_up,0.9742323281814625
2023-02-13 10:30:00,21.73971109,trend_up,0.5195010918436814
2023-02-13 10:45:00,21.9989342,trend_up,0.5195010918436814
2023-02-13 11:00:00,22.05498244,trend_up,0.5387744558789236
2023-02-13 11:15:00,21.94989199,trend_up,0.9679556215260039
2023-02-13 11:30:00,21.88683772,trend_up,0.9679556215260039
2023-02-13 13:15:00,21.92186787,trend_up,0.967029182099857
2023-02-13 13:30:00,21.88683772,trend_up,0.8895342149017359
2023-02-13 13:45:00,21.9288739,trend_up,0.9182273385573261
2023-02-13 14:00:00,21.8588136,trend_up,0.9182273385573261
2023-02-13 14:15:00,21.9288739,trend_up,0.9182273385573261
2023-02-13 14:30:00,21.97091008,trend_up,0.9735686106763175
2023-02-13 14:45:00,22.04097038,trend_up,0.9742323281814625
2023-02-13 15:00:00,21.96390405,trend_up,0.9661863672976857
2023-02-14 09:45:00,21.89384375,trend_up,0.9557253993927181
2023-02-14 10:00:00,21.8588136,trend_up,0.855628419547505
2023-02-14 10:15:00,21.73270506,trend_up,0.790893365222354
2023-02-14 10:30:00,21.72569903,trend_down,0.5824918233590364
2023-02-14 10:45:00,21.68366285,trend_up,0.790893365222354
2023-02-14 11:00:00,21.69066888,trend_down,0.6491959135829651
2023-02-14 11:15:00,21.68366285,trend_down,0.8724350267186767
2023-02-14 11:30:00,21.69767491,trend_down,0.8724350267186767
2023-02-14 13:15:00,21.70468094,trend_down,0.641881695646907
2023-02-14 13:30:00,21.718693,trend_down,0.641881695646907
2023-02-14 13:45:00,21.68366285,trend_down,0.8037830379511186
2023-02-14 14:00:00,21.80977139,trend_up,0.8156601237330515
2023-02-14 14:15:00,21.9288739,trend_up,0.9558414499823894
2023-02-14 14:30:00,21.87282566,trend_up,0.8912103162014117
2023-02-14 14:45:00,21.87983169,trend_up,0.8912103162014117
2023-02-14 15:00:00,21.88683772,trend_up,0.9136500667948829
2023-02-15 09:45:00,21.9989342,trend_up,0.9742323281814625
2023-02-15 10:00:00,21.87282566,trend_up,0.9742323281814625
2023-02-15 10:15:00,21.88683772,trend_up,0.8459161839655458
2023-02-15 10:30:00,21.84480154,trend_up,0.5898751691437624
2023-02-15 10:45:00,21.9288739,trend_up,0.8216770192964161
2023-02-15 11:00:00,21.92186787,trend_up,0.6601022639809804
2023-02-15 11:15:00,21.94288596,trend_up,0.8722053219439818
2023-02-15 11:30:00,21.97091008,trend_up,0.8750877942147032
2023-02-15 13:15:00,21.87983169,trend_up,0.9557253993927181
2023-02-15 13:30:00,21.8588136,trend_up,0.5824918233590364
2023-02-15 13:45:00,21.88683772,range,0.5731823569743637
2023-02-15 14:00:00,21.7887533,range,0.6356567985997432
2023-02-15 14:15:00,21.87282566,range,0.7722451375612671
2023-02-15 14:30:00,21.90084978,trend_up,0.6359685894540297
2023-02-15 14:45:00,21.86581963,range,0.6356567985997432
2023-02-15 15:00:00,21.86581963,range,0.8881710623963003
2023-02-16 09:45:00,21.70468094,trend_down,0.41837868416127527
2023-02-16 10:00:00,21.89384375,trend_down,0.5084792978606634
2023-02-16 10:15:00,21.89384375,trend_up,0.7378201178256707
2023-02-16 10:30:00,21.8588136,range,0.7535994836059334
2023-02-16 10:45:00,21.83078948,range,0.7535994836059334
2023-02-16 11:00:00,21.80977139,range,0.7995050735526689
2023-02-16 11:15:00,21.77474124,range,0.795484194260536
2023-02-16 11:30:00,21.718693,range,0.7482809570184261
2023-02-16 13:15:00,21.8588136,range,0.7535994836059334
2023-02-16 13:30:00,21.83078948,range,0.8752594922767772
2023-02-16 13:45:00,21.80276536,range,0.8752594922767772
2023-02-16 14:00:00,21.68366285,range,0.7535994836059334
2023-02-16 14:15:00,21.52953019,trend_down,0.697616390348935
2023-02-16 14:30:00,21.51551813,trend_down,0.8041559452888828
2023-02-16 14:45:00,21.44545783,trend_down,0.47063842582576204
2023-02-16 15:00:00,21.40342165,trend_down,0.9526892231117793
2023-02-17 09:45:00,21.40342165,trend_down,0.5285797227738098
2023-02-17 10:00:00,21.38240356,trend_down,0.9204558658492991
2023-02-17 10:15:00,21.38240356,trend_down,0.9741497011086431
2023-02-17 10:30:00,21.37539753,trend_down,0.8955641684077396
2023-02-17 10:45:00,21.37539753,trend_down,0.8955641684077396
2023-02-17 11:00:00,21.34036738,trend_down,0.8924256327184921
2023-02-17 11:15:00,21.26330105,trend_down,0.9741497011086431
2023-02-17 11:30:00,21.27030708,trend_down,0.9741497011086431
2023-02-17 13:15:00,21.27030708,trend_down,0.539897264621503
2023-02-17 13:30:00,21.2983312,trend_down,0.9204558658492991
2023-02-17 13:45:00,21.2282709,trend_down,0.539897264621503
2023-02-17 14:00:00,21.15120457,trend_down,0.8264601616968841
2023-02-17 14:15:00,21.19324075,trend_down,0.9669242414729065
2023-02-17 14:30:00,21.11617442,trend_down,0.9669242414729065
2023-02-17 14:45:00,21.06012618,trend_down,0.8219355018305541
2023-02-17 15:00:00,21.10216236,trend_down,0.5390484451925946
2023-02-20 09:45:00,21.21425884,breakout_down,0.5059732327355273
2023-02-20 10:00:00,21.06012618,trend_down,0.938106489634533
2023-02-20 10:15:00,21.00407794,trend_down,0.9742323281814625
2023-02-20 10:30:00,21.24928899,trend_down,0.872919724035682
2023-02-20 10:45:00,21.19324075,trend_down,0.9096603708933312
2023-02-20 11:00:00,21.08114427,trend_down,0.9558414499823895
2023-02-20 11:15:00,21.07413824,trend_down,0.9533532414337434
2023-02-20 11:30:00,21.09515633,trend_down,0.8768205175429769
2023-02-20 13:15:00,21.17922869,trend_down,0.8064564900157929
2023-02-20 13:30:00,21.16521663,trend_down,0.8064564900157929
2023-02-20 13:45:00,21.28431914,trend_up,0.8156601237330515
2023-02-20 14:00:00,21.19324075,trend_up,0.6100032138997542
2023-02-20 14:15:00,21.19324075,range,0.7419692446177366
2023-02-20 14:30:00,21.1582106,trend_down,0.5429638378223093
2023-02-20 14:45:00,21.24928899,range,0.7650296528715808
2023-02-20 15:00:00,21.30533723,range,0.4418059513204379
2023-02-21 09:45:00,21.20024678,trend_up,0.5132192103417618
2023-02-21 10:00:00,21.17922869,trend_down,0.5275647866496265
2023-02-21 10:15:00,21.17922869,trend_down,0.6035789887180524
2023-02-21 10:30:00,21.22126487,trend_up,0.5972235963934063
2023-02-21 10:45:00,21.0881503,trend_down,0.9037099434649061
2023-02-21 11:00:00,21.00407794,trend_down,0.9029645626213623
2023-02-21 11:15:00,20.8079091,trend_down,0.8191860287994637
2023-02-21 11:30:00,20.82192116,trend_down,0.7516158153162651
2023-02-21 13:15:00,20.92000558,trend_down,0.9186956871811629
2023-02-21 13:30:00,20.84994528,trend_down,0.9230955164120815
2023-02-21 13:45:00,20.8079091,trend_down,0.772069769738
2023-02-21 14:00:00,20.77988498,trend_down,0.7769491061590438
2023-02-21 14:15:00,20.80090307,trend_down,0.9254264981159408
2023-02-21 14:30:00,20.8079091,trend_down,0.9254264981159408
2023-02-21 14:45:00,20.94102367,trend_down,0.9735686106763175
2023-02-21 15:00:00,21.03910809,trend_down,0.7999342837378464
2023-02-22 09:45:00,21.42443974,trend_up,0.5256026693431192
2023-02-22 10:00:00,21.80977139,trend_up,0.7791129098472483
2023-02-22 10:15:00,21.66965079,trend_up,0.47945256385452145
2023-02-22 10:30:00,21.70468094,trend_up,0.9558414499823895
2023-02-22 10:45:00,21.81677742,trend_up,0.9567949741861582
2023-02-22 11:00:00,21.92186787,trend_up,0.8003153026697971
2023-02-22 11:15:00,21.9989342,trend_up,0.5407135016471885
2023-02-22 11:30:00,22.27216937,trend_up,0.4850766622556711
2023-02-22 13:15:00,22.63648293,trend_up,0.5293985367695945
2023-02-22 13:30:00,22.6995372,trend_up,0.5195010918436814
2023-02-22 13:45:00,22.40528394,trend_up,0.9679556215260039
2023-02-22 14:00:00,22.44031409,trend_up,0.9254264981159408
2023-02-22 14:15:00,22.3492357,trend_up,0.9742323281814625
2023-02-22 14:30:00,22.47534424,trend_up,0.8927407182097999
2023-02-22 14:45:00,22.45432615,trend_up,0.9206961464705191
2023-02-22 15:00:00,22.39827791,trend_up,0.9182273385573261
2023-02-23 09:45:00,22.99379046,trend_up,0.5293985367695945
2023-02-23 10:00:00,23.39313417,trend_up,0.938106489634533
2023-02-23 10:15:00,23.21798342,trend_up,0.9742323281814625
2023-02-23 10:30:00,23.03582664,trend_up,0.9742323281814625
2023-02-23 10:45:00,23.07085679,trend_up,0.9230955164120815
2023-02-23 11:00:00,23.06385076,trend_up,0.8958711337427966
2023-02-23 11:15:00,23.21798342,trend_up,0.9742323281814625
2023-02-23 11:30:00,23.14792312,trend_up,0.9230955164120815
2023-02-23 13:15:00,23.119899,trend_up,0.9212211388208612
2023-02-23 13:30:00,23.00780252,trend_up,0.9212211388208612
2023-02-23 13:45:00,22.93073619,trend_up,0.9653094962875512
2023-02-23 14:00:00,22.92373016,trend_up,0.8983132835346506
2023-02-23 14:15:00,23.00079649,trend_up,0.9212211388208612
2023-02-23 14:30:00,23.03582664,trend_up,0.8192822453641552
2023-02-23 14:45:00,23.0498387,trend_up,0.8142617836188334
2023-02-23 15:00:00,23.00780252,trend_up,0.8107846739053404
2023-02-24 09:45:00,23.01480855,trend_up,0.9057469602671184
2023-02-24 10:00:00,23.07085679,trend_up,0.9187684356464907
2023-02-24 10:15:00,23.14091709,trend_up,0.7624714097997891
2023-02-24 10:30:00,23.09888091,trend_up,0.7624714097997891
2023-02-24 10:45:00,22.85366986,trend_up,0.8156601237330515
2023-02-24 11:00:00,22.92373016,trend_up,0.7939991758485883
2023-02-24 11:15:00,23.05684473,trend_up,0.79441816231226
2023-02-24 11:30:00,23.02181458,trend_up,0.6519047507389444
2023-02-24 13:15:00,22.92373016,trend_up,0.6491959135829651
2023-02-24 13:30:00,22.99379046,trend_up,0.6491959135829651
2023-02-24 13:45:00,23.00079649,trend_up,0.8722053219439819
2023-02-24 14:00:00,23.04283267,trend_up,0.8375576247161503
2023-02-24 14:15:00,23.00780252,range,0.6356567985997432
2023-02-24 14:30:00,23.08486885,trend_up,0.855628419547505
2023-02-24 14:45:00,23.09187488,trend_up,0.5662341119934622
2023-02-24 15:00:00,23.01480855,range,0.7677607354609383
2023-02-27 09:45:00,23.08486885,trend_up,0.5351435870835825
2023-02-27 10:00:00,23.21798342,trend_up,0.6898099268265825
2023-02-27 10:15:00,23.30205578,trend_up,0.9558414499823895
2023-02-27 10:30:00,23.1899593,trend_up,0.9053335040930582
2023-02-27 10:45:00,23.02181458,trend_down,0.8156601237330515
2023-02-27 11:00:00,23.06385076,trend_down,0.5963623155074708
2023-02-27 11:15:00,23.11289297,trend_up,0.8784154790480619
2023-02-27 11:30:00,23.02882061,trend_up,0.8156601237330515
2023-02-27 13:15:00,22.82564574,trend_up,0.8078349232993257
2023-02-27 13:30:00,22.81863971,trend_up,0.8156601237330515
2023-02-27 13:45:00,22.73456735,trend_down,0.6545042276127951
2023-02-27 14:00:00,22.70654323,trend_down,0.8642225455100365
2023-02-27 14:15:00,22.59444675,breakout_down,0.48547736096471145
2023-02-27 14:30:00,22.79061559,trend_down,0.8524900881344755
2023-02-27 14:45:00,22.79061559,trend_down,0.6545920166124131
2023-02-27 15:00:00,22.79061559,trend_down,0.6545920166124131
2023-02-28 09:45:00,22.92373016,range,0.795484194260536
2023-02-28 10:00:00,22.9797784,range,0.8862011044689261
2023-02-28 10:15:00,22.8396578,range,0.795484194260536
2023-02-28 10:30:00,22.66450705,range,0.795484194260536
2023-02-28 10:45:00,22.60845881,range,0.7497206378675046
2023-02-28 11:00:00,22.53839851,range,0.6231041029218852
2023-02-28 11:15:00,22.72055529,trend_down,0.5845824471871091
2023-02-28 11:30:00,22.72756132,range,0.5882663822619455
2023-02-28 13:15:00,22.62247087,range,0.6148610574654111
2023-02-28 13:30:00,22.6995372,trend_down,0.5824635468784413
2023-02-28 13:45:00,22.68552514,range,0.5882663822619455
2023-02-28 14:00:00,22.65750102,range,0.5882663822619455
2023-02-28 14:15:00,22.70654323,range,0.5882663822619455
2023-02-28 14:30:00,22.77660353,range,0.7521371808182002
2023-02-28 14:45:00,22.78360956,range,0.7521371808182002
2023-02-28 15:00:00,22.8396578,range,0.7521371808182002
2023-03-01 09:45:00,22.56642263,range,0.5215566425289972
2023-03-01 10:00:00,22.46833821,range,0.5759853302079764
2023-03-01 10:15:00,22.44732012,breakout_down,0.43813453971807614
2023-03-01 10:30:00,22.44031409,trend_down,0.6956124261749731
2023-03-01 10:45:00,22.419296,trend_down,0.5901611865688013
2023-03-01 11:00:00,22.44031409,trend_down,0.804258248728277
2023-03-01 11:15:00,22.49636233,trend_down,0.7542978664825581
2023-03-01 11:30:00,22.45432615,trend_down,0.9380440685375927
2023-03-01 13:15:00,22.41228997,trend_down,0.9380440685375927
2023-03-01 13:30:00,22.37725982,trend_down,0.8187951684133765
2023-03-01 13:45:00,22.419296,trend_down,0.8838890584219053
2023-03-01 14:00:00,22.41228997,trend_down,0.8863309620124101
2023-03-01 14:15:00,22.43330806,trend_down,0.9158152268647679
2023-03-01 14:30:00,22.4893563,trend_up,0.8827596709537892
2023-03-01 14:45:00,22.49636233,trend_up,0.8447160309961037
2023-03-01 15:00:00,22.53139248,trend_up,0.8164731192348211
2023-03-02 09:45:00,22.39827791,trend_up,0.5442715107740077
2023-03-02 10:00:00,22.42630203,trend_down,0.5963623155074708
2023-03-02 10:15:00,22.419296,range,0.6767270180912871
2023-03-02 10:30:00,22.34222967,range,0.7172378895645664
2023-03-02 10:45:00,22.32121158,trend_down,0.5105457909999255
2023-03-02 11:00:00,22.2791754,trend_down,0.6496847929471365
2023-03-02 11:15:00,22.30019349,trend_down,0.5988954486722259
2023-03-02 11:30:00,22.23713922,trend_down,0.6923523892331434
2023-03-02 13:15:00,22.29318746,trend_down,0.6923523892331434
2023-03-02 13:30:00,22.39127188,range,0.655257203448431
2023-03-02 13:45:00,22.29318746,trend_down,0.5182498481931086
2023-03-02 14:00:00,22.27216937,range,0.6148610574654111
2023-03-02 14:15:00,22.15306686,trend_down,0.6704056043027711
2023-03-02 14:30:00,22.11103068,trend_down,0.5981115284978522
2023-03-02 14:45:00,21.9989342,breakout_down,0.48512049459319745
2023-03-02 15:00:00,22.05498244,trend_down,0.938106489634533
2023-03-03 09:45:00,22.02695832,trend_down,0.938106489634533
2023-03-03 10:00:00,22.08300656,trend_down,0.9741497011086431
2023-03-03 10:15:00,22.17408495,trend_down,0.9716442844366692
2023-03-03 10:30:00,22.16707892,trend_down,0.9337363164491075
2023-03-03 10:45:00,22.0689945,trend_down,0.9680422957267861
2023-03-03 11:00:00,22.1390548,trend_down,0.9448570951446239
2023-03-03 11:15:00,22.17408495,trend_down,0.9448570951446239
2023-03-03 11:30:00,22.17408495,trend_up,0.9448570951446239
2023-03-03 13:15:00,22.20210907,trend_up,0.6615824891304735
2023-03-03 13:30:00,22.2791754,trend_up,0.9096603708933312
2023-03-03 13:45:00,22.29318746,trend_up,0.6545920166124131
2023-03-03 14:00:00,22.25115128,range,0.4842447860690605
2023-03-03 14:15:00,22.19510304,trend_down,0.8493096640531225
2023-03-03 14:30:00,22.33522364,range,0.5662926162526309
2023-03-03 14:45:00,22.35624173,trend_up,0.6050523688261711
2023-03-03 15:00:00,22.30719952,range,0.6767270180912871
2023-03-06 09:45:00,22.85366986,breakout_up,0.6466056491352301
2023-03-06 10:00:00,22.79762162,trend_up,0.8128570770732816
2023-03-06 10:15:00,22.58744072,trend_up,0.7454886979526159
2023-03-06 10:30:00,22.57342866,trend_up,0.9423709533776204
2023-03-06 10:45:00,22.57342866,trend_up,0.9735686106763175
2023-03-06 11:00:00,22.56642263,trend_up,0.9735686106763175
2023-03-06 11:15:00,22.53839851,trend_up,0.8902144987503774
2023-03-06 11:30:00,22.50336836,trend_up,0.8952284811874971
2023-03-06 13:15:00,22.51037439,trend_up,0.8952284811874971
2023-03-06 13:30:00,22.48235027,trend_up,0.8952284811874971
2023-03-06 13:45:00,22.4893563,trend_down,0.6980736040839369
2023-03-06 14:00:00,22.46133218,range,0.513511240368458
2023-03-06 14:15:00,22.39127188,range,0.7535994836059334
2023-03-06 14:30:00,22.44031409,range,0.8752594922767772
2023-03-06 14:45:00,22.44732012,range,0.7995050735526689
2023-03-06 15:00:00,22.42630203,range,0.7995050735526689
2023-03-07 09:45:00,22.2791754,trend_down,0.7130134589292391
2023-03-07 10:00:00,22.08300656,trend_down,0.7443540283789426
2023-03-07 10:15:00,22.0689945,trend_down,0.8403711591520251
2023-03-07 10:30:00,21.89384375,trend_down,0.8268928487385393
2023-03-07 10:45:00,21.96390405,trend_down,0.9639613855702905
2023-03-07 11:00:00,21.97791611,trend_down,0.922861896497621
2023-03-07 11:15:00,21.99192817,trend_down,0.9204558658492991
2023-03-07 11:30:00,21.94989199,trend_down,0.9206961464705191
2023-03-07 13:15:00,21.94288596,trend_down,0.8927407182097999
2023-03-07 13:30:00,21.9288739,trend_down,0.9206961464705191
2023-03-07 13:45:00,21.87282566,trend_down,0.9206961464705191
2023-03-07 14:00:00,21.86581963,trend_down,0.5238087613397967
2023-03-07 14:15:00,21.78174727,trend_down,0.8264601616968841
2023-03-07 14:30:00,21.78174727,trend_down,0.5146402051572644
2023-03-07 14:45:00,21.85180757,trend_down,0.9679511336517824
2023-03-07 15:00:00,21.8588136,trend_down,0.9679511336517824
2023-03-08 09:45:00,22.2091151,trend_up,0.7249164009497114
2023-03-08 10:00:00,22.24414525,trend_up,0.8204744981771703
2023-03-08 10:15:00,22.25115128,trend_up,0.8754655967026245
2023-03-08 10:30:00,22.29318746,trend_up,0.9526892231117793
2023-03-08 10:45:00,22.26516334,trend_up,0.9005271499839334
2023-03-08 11:00:00,22.25115128,trend_up,0.8639326827781951
2023-03-08 11:15:00,22.25115128,trend_up,0.8938647944710887
2023-03-08 11:30:00,22.21612113,trend_up,0.8938647944710887
2023-03-08 13:15:00,22.23713922,trend_up,0.8938647944710887
2023-03-08 13:30:00,22.1390548,trend_up,0.6073029387372603
2023-03-08 13:45:00,22.17408495,trend_up,0.6073029387372603
2023-03-08 14:00:00,22.09701862,trend_up,0.6073029387372603
2023-03-08 14:15:00,22.16007289,range,0.4645701428517306
2023-03-08 14:30:00,22.10402465,trend_up,0.6073029387372603
2023-03-08 14:45:00,22.16007289,range,0.4645701428517306
2023-03-08 15:00:00,22.23013319,range,0.8071915136673933
2023-03-09 09:45:00,22.42630203,trend_up,0.3855168832072628
2023-03-09 10:00:00,22.38426585,trend_up,0.5824918233590364
2023-03-09 10:15:00,22.40528394,trend_up,0.8938647944710887
2023-03-09 10:30:00,22.5594166,trend_up,0.8609773329160698
2023-03-09 10:45:00,22.54540454,trend_up,0.9399253461109718
2023-03-09 11:00:00,22.52438645,trend_up,0.8147582894121508
2023-03-09 11:15:00,22.48235027,trend_up,0.8147582894121508
2023-03-09 11:30:00,22.46833821,trend_up,0.8147582894121508
2023-03-09 13:15:00,22.37025379,trend_up,0.9187684356464907
2023-03-09 13:30:00,22.419296,trend_up,0.8147582894121508
2023-03-09 13:45:00,22.40528394,trend_up,0.8107846739053404
2023-03-09 14:00:00,22.45432615,trend_up,0.9206961464705191
2023-03-09 14:15:00,22.62247087,trend_up,0.8612978915360555
2023-03-09 14:30:00,22.54540454,trend_up,0.9742323281814625
2023-03-09 14:45:00,22.6294769,trend_up,0.5984640903807447
2023-03-09 15:00:00,22.67851911,trend_up,0.938106489634533
2023-03-10 09:45:00,22.79061559,breakout_up,0.48512049459319745
2023-03-10 10:00:00,22.51738042,trend_up,0.9052539220857752
2023-03-10 10:15:00,22.71354926,trend_up,0.9679556215260039
2023-03-10 10:30:00,22.69253117,trend_up,0.9569306208080132
2023-03-10 10:45:00,22.74857941,trend_up,0.9569306208080132
2023-03-10 11:00:00,22.73456735,trend_up,0.8812198463734437
2023-03-10 11:15:00,22.69253117,trend_up,0.9742323281814625
2023-03-10 11:30:00,22.57342866,trend_up,0.8156601237330515
2023-03-10 13:15:00,22.57342866,trend_up,0.8156601237330515
2023-03-10 13:30:00,22.58744072,trend_down,0.6554353925269597
2023-03-10 13:45:00,22.6995372,trend_up,0.9015062663814333
2023-03-10 14:00:00,22.67851911,trend_up,0.7984524515105773
2023-03-10 14:15:00,22.68552514,trend_up,0.5110918184132843
2023-03-10 14:30:00,22.67851911,trend_up,0.5804954938016856
2023-03-10 14:45:00,22.71354926,trend_up,0.5869865257032929
2023-03-10 15:00:00,22.67851911,trend_up,0.5869865257032929
2023-03-13 09:45:00,22.78360956,trend_up,0.6858507412432916
2023-03-13 10:00:00,22.67151308,trend_down,0.5415177694678753
2023-03-13 10:15:00,22.69253117,trend_up,0.6573104566453738
2023-03-13 10:30:00,22.69253117,range,0.5024058566247694
2023-03-13 10:45:00,22.72055529,trend_up,0.5210372069591409
2023-03-13 11:00:00,22.83265177,trend_up,0.8403711591520251
2023-03-13 11:15:00,22.82564574,trend_up,0.6697004484743548
2023-03-13 11:30:00,22.77660353,trend_up,0.5331812904942944
2023-03-13 13:15:00,22.86067589,trend_up,0.618329329741333
2023-03-13 13:30:00,22.83265177,trend_up,0.6090007448068095
2023-03-13 13:45:00,22.86067589,trend_up,0.6261284597162167
2023-03-13 14:00:00,22.86768192,trend_up,0.6692163404760045
2023-03-13 14:15:00,22.8396578,trend_up,0.6692163404760045
2023-03-13 14:30:00,22.83265177,trend_up,0.6044901311552546
2023-03-13 14:45:00,22.84666383,trend_up,0.6044901311552546
2023-03-13 15:00:00,22.83265177,trend_up,0.6044901311552546
2023-03-14 09:45:00,22.57342866,range,0.4412174231563997
2023-03-14 10:00:00,22.57342866,range,0.5785881912725127
2023-03-14 10:15:00,22.42630203,trend_down,0.5053990093299694
2023-03-14 10:30:00,22.36324776,trend_down,0.9088717738996209
2023-03-14 10:45:00,22.11803671,trend_down,0.5256026693431191
2023-03-14 11:00:00,22.01995229,trend_down,0.9423709533776204
2023-03-14 11:15:00,21.90084978,trend_down,0.5285797227738098
2023-03-14 11:30:00,22.08300656,trend_down,0.9735686106763175
2023-03-14 13:15:00,22.2091151,trend_down,0.9735686106763175
2023-03-14 13:30:00,22.14606083,trend_down,0.9689210597843152
2023-03-14 13:45:00,22.04097038,trend_down,0.9689210597843152
2023-03-14 14:00:00,22.06198847,trend_down,0.9742323281814625
2023-03-14 14:15:00,22.1390548,trend_down,0.9236042312450827
2023-03-14 14:30:00,22.03396435,trend_down,0.9735686106763175
2023-03-14 14:45:00,21.97791611,trend_down,0.9735686106763175
2023-03-14 15:00:00,21.92186787,trend_down,0.9204558658492991
2023-03-15 09:45:00,23.02181458,reversal,0.51737757908519
2023-03-15 10:00:00,23.0498387,trend_up,0.7520021900993366
2023-03-15 10:15:00,23.09187488,trend_up,0.7829384443132585
2023-03-15 10:30:00,23.0498387,trend_up,0.8134773068311062
2023-03-15 10:45:00,23.0498387,trend_up,0.9206961464705191
2023-03-15 11:00:00,23.01480855,trend_up,0.9206961464705191
2023-03-15 11:15:00,23.08486885,trend_up,0.9679511336517824
2023-03-15 11:30:00,23.09187488,trend_up,0.9206961464705191
2023-03-15 13:15:00,23.01480855,trend_up,0.9742323281814625
2023-03-15 13:30:00,23.02181458,trend_up,0.9206961464705191
2023-03-15 13:45:00,22.8396578,trend_up,0.9735686106763175
2023-03-15 14:00:00,22.79762162,trend_up,0.9162450753751263
2023-03-15 14:15:00,22.79762162,trend_up,0.9162450753751263
2023-03-15 14:30:00,22.80462765,trend_up,0.8920597894315797
2023-03-15 14:45:00,23.02181458,trend_up,0.9742323281814625
2023-03-15 15:00:00,23.07786282,trend_up,0.9028419690136968
2023-03-16 09:45:00,23.03582664,trend_up,0.9569306208080132
2023-03-16 10:00:00,22.93073619,trend_up,0.9423709533776204
2023-03-16 10:15:00,22.77660353,trend_down,0.5693234864679636
2023-03-16 10:30:00,22.83265177,range,0.836379350546799
2023-03-16 10:45:00,22.80462765,trend_down,0.5693234864679636
2023-03-16 11:00:00,22.6995372,trend_down,0.5693234864679636
2023-03-16 11:15:00,22.66450705,trend_down,0.8375576247161503
2023-03-16 11:30:00,22.59444675,trend_down,0.6765581050064949
2023-03-16 13:15:00,22.46133218,trend_down,0.6765581050064949
2023-03-16 13:30:00,22.33522364,trend_down,0.7372633366722833
2023-03-16 13:45:00,22.37025379,trend_down,0.7372633366722833
2023-03-16 14:00:00,22.36324776,trend_down,0.8605170046064232
2023-03-16 14:15:00,22.36324776,trend_down,0.8835923464260621
2023-03-16 14:30:00,22.44732012,trend_down,0.9652070575927774
2023-03-16 14:45:00,22.42630203,trend_down,0.9652070575927774
2023-03-16 15:00:00,22.50336836,trend_down,0.8515062925947642
2023-03-17 09:45:00,22.4893563,trend_down,0.9413521749717257
2023-03-17 10:00:00,22.64348896,trend_down,0.5645989289760663
2023-03-17 10:15:00,22.65049499,trend_up,0.6428670560630614
2023-03-17 10:30:00,22.62247087,range,0.4645701428517306
2023-03-17 10:45:00,22.46133218,trend_down,0.7896842717487778
2023-03-17 11:00:00,22.4893563,range,0.6412288529727601
2023-03-17 11:15:00,22.59444675,range,0.5542730275260896
2023-03-17 11:30:00,22.61546484,range,0.8071915136673933
2023-03-17 13:15:00,22.58043469,range,0.7874824008533569
2023-03-17 13:30:00,22.58043469,range,0.907698005859044
2023-03-17 13:45:00,22.63648293,range,0.5035202058056177
2023-03-17 14:00:00,22.63648293,range,0.5590753329608682
2023-03-17 14:15:00,22.60845881,range,0.5913082628701426
2023-03-17 14:30:00,22.58043469,range,0.9092841441982273
2023-03-17 14:45:00,22.55241057,range,0.5233487015796652
2023-03-17 15:00:00,22.73456735,range,0.71002903138491
2023-03-20 09:45:00,23.17594724,trend_up,0.5597684796710954
2023-03-20 10:00:00,23.03582664,trend_up,0.7751236939977609
2023-03-20 10:15:00,23.64535125,trend_up,0.5635474678706219
2023-03-20 10:30:00,23.63133919,trend_up,0.7698894863212941
2023-03-20 10:45:00,23.60331507,trend_up,0.9742323281814625
2023-03-20 11:00:00,23.64535125,trend_up,0.9742323281814625
2023-03-20 11:15:00,23.65235728,trend_up,0.9156880955987667
2023-03-20 11:30:00,23.56127889,trend_up,0.966073424863376
2023-03-20 13:15:00,23.6103211,trend_up,0.9742323281814625
2023-03-20 13:30:00,23.48421256,trend_up,0.9742323281814625
2023-03-20 13:45:00,23.5402608,trend_up,0.9742323281814625
2023-03-20 14:00:00,23.46319447,trend_up,0.9156880955987667
2023-03-20 14:15:00,23.50523065,trend_up,0.9156880955987667
2023-03-20 14:30:00,23.4001402,trend_up,0.9653094962875512
2023-03-20 14:45:00,23.42816432,trend_up,0.8888063780690166
2023-03-20 15:00:00,23.55427286,trend_up,0.9735686106763175
2023-03-21 09:45:00,23.49121859,trend_up,0.928832160172612
2023-03-21 10:00:00,23.52624874,trend_up,0.9652070575927774
2023-03-21 10:15:00,23.60331507,trend_up,0.9659655492834992
2023-03-21 10:30:00,23.51924271,trend_up,0.8835923464260621
2023-03-21 10:45:00,23.37912211,trend_up,0.7876930355509575
2023-03-21 11:00:00,23.37211608,range,0.6412288529727601
2023-03-21 11:15:00,23.32307387,range,0.7544736893571622
2023-03-21 11:30:00,23.28804372,range,0.5076080356158018
2023-03-21 13:15:00,23.38612814,range,0.700716910698857
2023-03-21 13:30:00,23.46319447,trend_up,0.8992337021191241
2023-03-21 13:45:00,23.35810402,range,0.7587811733891006
2023-03-21 14:00:00,23.39313417,range,0.7587811733891006
2023-03-21 14:15:00,23.39313417,range,0.9075020440909478
2023-03-21 14:30:00,23.44918241,range,0.8072668076257075
2023-03-21 14:45:00,23.47720653,range,0.5537895366448894
2023-03-21 15:00:00,23.54726683,trend_up,0.5058378422076463
2023-03-22 09:45:00,23.4702005,range,0.4862657206461071
2023-03-22 10:00:00,23.43517035,range,0.8231495188972847
2023-03-22 10:15:00,23.39313417,range,0.9091523182718814
2023-03-22 10:30:00,23.35109799,range,0.8872046872473589
2023-03-22 10:45:00,23.26702563,range,0.8872046872473589
2023-03-22 11:00:00,23.31606784,range,0.810076439693821
2023-03-22 11:15:00,23.18295327,trend_down,0.5237119689802744
2023-03-22 11:30:00,23.18295327,range,0.4987464144289901
2023-03-22 13:15:00,23.13391106,range,0.44507534840157575
2023-03-22 13:30:00,23.04283267,trend_down,0.6607608171135968
2023-03-22 13:45:00,23.05684473,trend_down,0.8414240059105436
2023-03-22 14:00:00,23.17594724,trend_down,0.8976590831882497
2023-03-22 14:15:00,23.08486885,trend_down,0.8959112403874824
2023-03-22 14:30:00,23.119899,trend_down,0.7604757499852173
2023-03-22 14:45:00,23.10588694,trend_down,0.7604757499852173
2023-03-22 15:00:00,23.09888091,range,0.5067820346763223
2023-03-23 09:45:00,23.20397136,trend_down,0.5651529061018096
2023-03-23 10:00:00,23.07786282,trend_down,0.7100613190755783
2023-03-23 10:15:00,22.98678443,trend_down,0.8976590831882497
2023-03-23 10:30:00,22.9097181,trend_down,0.9508698508057122
2023-03-23 10:45:00,22.95876031,trend_down,0.9052286302355669
2023-03-23 11:00:00,22.99379046,trend_down,0.8927407182097999
2023-03-23 11:15:00,22.91672413,trend_down,0.967849029882141
2023-03-23 11:30:00,22.88169398,trend_down,0.8892108789204528
2023-03-23 13:15:00,22.73456735,trend_down,0.5272643557394641
2023-03-23 13:30:00,22.69253117,trend_down,0.5293985367695945
2023-03-23 13:45:00,22.7695975,trend_down,0.9741497011086431
2023-03-23 14:00:00,22.74157338,trend_down,0.9204558658492991
2023-03-23 14:15:00,22.76259147,trend_down,0.9204558658492991
2023-03-23 14:30:00,22.76259147,trend_down,0.8924256327184921
2023-03-23 14:45:00,22.78360956,trend_down,0.9204558658492991
2023-03-23 15:00:00,22.86067589,trend_down,0.9448570951446239
2023-03-24 09:45:00,22.53839851,trend_down,0.7960716527001371
2023-03-24 10:00:00,22.46133218,trend_down,0.47171885530460705
2023-03-24 10:15:00,22.57342866,trend_down,0.9569306208080132
2023-03-24 10:30:00,22.67851911,trend_down,0.9567949741861582
2023-03-24 10:45:00,22.59444675,trend_down,0.9742323281814625
2023-03-24 11:00:00,22.53139248,trend_down,0.9679511336517824
2023-03-24 11:15:00,22.51037439,trend_down,0.9742323281814625
2023-03-24 11:30:00,22.49636233,trend_down,0.9206961464705191
2023-03-24 13:15:00,22.46833821,trend_down,0.9206961464705191
2023-03-24 13:30:00,22.49636233,trend_down,0.9206961464705191
2023-03-24 13:45:00,22.48235027,trend_down,0.9204558658492991
2023-03-24 14:00:00,22.45432615,trend_down,0.5714507064652435
2023-03-24 14:15:00,22.46133218,trend_down,0.7665807474802563
2023-03-24 14:30:00,22.46133218,trend_down,0.9187684356464907
2023-03-24 14:45:00,22.46133218,trend_down,0.9162450753751263
2023-03-24 15:00:00,22.46833821,trend_down,0.886942038506704
2023-03-27 09:45:00,22.54540454,breakout_down,0.5518738275201097
2023-03-27 10:00:00,22.44031409,trend_down,0.9671310851438669
2023-03-27 10:15:00,22.57342866,trend_up,0.5183425986193364
2023-03-27 10:30:00,22.48235027,trend_down,0.8414240059105436
2023-03-27 10:45:00,22.34222967,trend_down,0.8414240059105436
2023-03-27 11:00:00,22.30019349,trend_down,0.7990807723304278
2023-03-27 11:15:00,22.26516334,trend_down,0.6570666024131534
2023-03-27 11:30:00,22.23713922,trend_down,0.6578067227736748
2023-03-27 13:15:00,22.2091151,trend_down,0.8895342149017359
2023-03-27 13:30:00,22.19510304,trend_down,0.634168667883698
2023-03-27 13:45:00,22.33522364,trend_down,0.9661863672976857
2023-03-27 14:00:00,22.63648293,trend_up,0.7692881612965531
2023-03-27 14:15:00,22.61546484,trend_up,0.9203653755158664
2023-03-27 14:30:00,22.61546484,trend_up,0.7912276721569186
2023-03-27 14:45:00,22.72055529,trend_up,0.8989569418665566
2023-03-27 15:00:00,22.72055529,trend_up,0.8064994880514536
2023-03-28 09:45:00,22.77660353,trend_up,0.7095967520308387
2023-03-28 10:00:00,22.64348896,trend_up,0.907635003707718
2023-03-28 10:15:00,22.68552514,trend_up,0.907635003707718
2023-03-28 10:30:00,22.72756132,trend_up,0.9513612180331552
2023-03-28 10:45:00,22.68552514,trend_up,0.878459223905384
2023-03-28 11:00:00,22.65049499,trend_up,0.9053335040930582
2023-03-28 11:15:00,22.65049499,trend_up,0.9053335040930582
2023-03-28 11:30:00,22.59444675,trend_up,0.9096603708933312
2023-03-28 13:15:00,22.49636233,trend_up,0.6073029387372603
2023-03-28 13:30:00,22.59444675,trend_down,0.8156601237330515
2023-03-28 13:45:00,22.60145278,range,0.43720636478307423
2023-03-28 14:00:00,22.54540454,trend_down,0.6615824891304735
2023-03-28 14:15:00,22.48235027,trend_down,0.9558414499823894
2023-03-28 14:30:00,22.49636233,trend_down,0.8784154790480619
2023-03-28 14:45:00,22.50336836,trend_down,0.5169265270206646
2023-03-28 15:00:00,22.58744072,range,0.6813037943603433
2023-03-29 09:45:00,22.37025379,trend_down,0.7923953100796084
2023-03-29 10:00:00,22.40528394,range,0.4987464144289901
2023-03-29 10:15:00,22.44732012,trend_down,0.6412619597296555
2023-03-29 10:30:00,22.40528394,trend_down,0.6465933116478583
2023-03-29 10:45:00,22.4893563,trend_down,0.6518016609119309
2023-03-29 11:00:00,22.52438645,range,0.7705357985483827
2023-03-29 11:15:00,22.54540454,range,0.6299592696573502
2023-03-29 11:30:00,22.4893563,range,0.7851479446904522
2023-03-29 13:15:00,22.42630203,trend_down,0.5331812904942943
2023-03-29 13:30:00,22.39827791,trend_down,0.5014225454719323
2023-03-29 13:45:00,22.42630203,trend_down,0.5014225454719323
2023-03-29 14:00:00,22.49636233,range,0.7851479446904522
2023-03-29 14:15:00,22.46133218,range,0.5198817745810703
2023-03-29 14:30:00,22.45432615,range,0.810076439693821
2023-03-29 14:45:00,22.49636233,range,0.9090151530166732
2023-03-29 15:00:00,22.42630203,range,0.810076439693821
2023-03-30 09:45:00,22.33522364,range,0.519740378290216
2023-03-30 10:00:00,22.11103068,breakout_down,0.44961127588279565
2023-03-30 10:15:00,21.93587993,trend_down,0.5624189377113725
2023-03-30 10:30:00,21.9288739,trend_down,0.8609048307728409
2023-03-30 10:45:00,21.99192817,trend_down,0.9567949741861582
2023-03-30 11:00:00,21.9288739,trend_down,0.9742323281814625
2023-03-30 11:15:00,21.95689802,trend_down,0.9206961464705191
2023-03-30 11:30:00,21.90785581,trend_down,0.8895342149017359
2023-03-30 13:15:00,21.92186787,trend_down,0.8895342149017359
2023-03-30 13:30:00,21.90785581,trend_down,0.8895342149017359
2023-03-30 13:45:00,21.89384375,trend_down,0.8212706281870592
2023-03-30 14:00:00,21.9288739,trend_down,0.8895342149017359
2023-03-30 14:15:00,21.97091008,trend_down,0.967029182099857
2023-03-30 14:30:00,22.05498244,trend_down,0.9557253993927181
2023-03-30 14:45:00,21.96390405,trend_down,0.9661863672976857
2023-03-30 15:00:00,21.96390405,trend_down,0.886942038506704
2023-03-31 09:45:00,21.83779551,trend_down,0.9066776915682849
2023-03-31 10:00:00,21.97091008,trend_down,0.9332347807542475
2023-03-31 10:15:00,22.11803671,trend_down,0.790893365222354
2023-03-31 10:30:00,22.16007289,trend_up,0.9332347807542475
2023-03-31 10:45:00,22.22312716,trend_up,0.790893365222354
2023-03-31 11:00:00,22.16707892,trend_up,0.7939991758485883
2023-03-31 11:15:00,22.15306686,trend_up,0.8993481562721959
2023-03-31 11:30:00,22.1390548,trend_up,0.8164731192348211
2023-03-31 13:15:00,22.09001259,range,0.68742754267119
2023-03-31 13:30:00,22.16007289,trend_up,0.4702253666007526
2023-03-31 13:45:00,22.20210907,range,0.6941415031866094
2023-03-31 14:00:00,22.18109098,range,0.8752594922767772
2023-03-31 14:15:00,22.17408495,range,0.8752594922767772
2023-03-31 14:30:00,22.16707892,trend_up,0.5110918184132843
2023-03-31 14:45:00,22.18809701,trend_up,0.5239737120696346
2023-03-31 15:00:00,22.20210907,range,0.5016324948275044
2023-04-03 09:45:00,21.80977139,trend_down,0.7347672702298396
2023-04-03 10:00:00,21.87983169,trend_down,0.7949751495545794
2023-04-03 10:15:00,21.8588136,trend_down,0.8491236163364417
2023-04-03 10:30:00,21.91486184,trend_down,0.9423709533776204
2023-04-03 10:45:00,21.88683772,trend_down,0.9735686106763175
2023-04-03 11:00:00,21.86581963,trend_down,0.9236042312450827
2023-04-03 11:15:00,21.84480154,trend_down,0.8965282913525047
2023-04-03 11:30:00,21.87983169,trend_down,0.8989257226588602
2023-04-03 13:15:00,21.83078948,trend_down,0.8989257226588602
2023-04-03 13:30:00,21.93587993,trend_down,0.9581306173140381
2023-04-03 13:45:00,21.87983169,trend_down,0.9671310851438669
2023-04-03 14:00:00,21.80977139,trend_down,0.9306137682501783
2023-04-03 14:15:00,21.70468094,trend_down,0.8273627485107009
2023-04-03 14:30:00,21.73270506,trend_down,0.8581487862286942
2023-04-03 14:45:00,21.88683772,trend_down,0.9177303842893451
2023-04-03 15:00:00,21.93587993,trend_up,0.5529036999713479
2023-04-04 09:45:00,21.82378345,trend_down,0.5529036999713479
2023-04-04 10:00:00,22.10402465,trend_up,0.5133765058118164
2023-04-04 10:15:00,22.33522364,reversal,0.7023194402699939
2023-04-04 10:30:00,22.37725982,trend_up,0.6131217091751965
2023-04-04 10:45:00,22.32121158,trend_up,0.8156601237330515
2023-04-04 11:00:00,22.31420555,trend_up,0.8754655967026245
2023-04-04 11:15:00,22.32121158,trend_up,0.7604757499852173
2023-04-04 11:30:00,22.29318746,trend_up,0.641881695646907
2023-04-04 13:15:00,22.26516334,trend_up,0.8460384384782231
2023-04-04 13:30:00,22.22312716,trend_up,0.641881695646907
2023-04-04 13:45:00,22.18109098,trend_up,0.8357690306418118
2023-04-04 14:00:00,22.16007289,trend_up,0.9448570951446239
2023-04-04 14:15:00,22.11803671,range,0.8034067673847938
2023-04-04 14:30:00,22.23013319,trend_up,0.7604757499852173
2023-04-04 14:45:00,22.23713922,trend_up,0.6981159566911367
2023-04-04 15:00:00,22.23013319,range,0.6356567985997432
2023-04-06 09:45:00,21.92186787,trend_down,0.4348970672860595
2023-04-06 10:00:00,22.17408495,trend_down,0.5185954237697816
2023-04-06 10:15:00,22.09701862,trend_down,0.5111506662096559
2023-04-06 10:30:00,21.97091008,trend_down,0.8375576247161503
2023-04-06 10:45:00,21.9989342,trend_down,0.8753697464663617
2023-04-06 11:00:00,21.97791611,trend_down,0.7990807723304278
2023-04-06 11:15:00,22.01995229,trend_down,0.7029277703122272
2023-04-06 11:30:00,21.90084978,trend_down,0.8902144987503774
2023-04-06 13:15:00,21.92186787,trend_down,0.9206961464705191
2023-04-06 13:30:00,21.94989199,trend_down,0.9162450753751263
2023-04-06 13:45:00,21.90785581,trend_down,0.9384338008120603
2023-04-06 14:00:00,21.7887533,trend_down,0.8834041684533566
2023-04-06 14:15:00,21.86581963,trend_down,0.9075965057072248
2023-04-06 14:30:00,21.84480154,trend_down,0.8107846739053404
2023-04-06 14:45:00,21.87983169,trend_down,0.8107846739053404
2023-04-06 15:00:00,21.88683772,trend_down,0.7624714097997891
2023-04-07 09:45:00,21.97791611,trend_down,0.6554353925269597
2023-04-07 10:00:00,21.94288596,trend_up,0.4639852444248265
2023-04-07 10:15:00,21.9288739,range,0.8752594922767772
2023-04-07 10:30:00,22.00594023,range,0.8872046872473589
2023-04-07 10:45:00,21.90084978,range,0.6299592696573502
2023-04-07 11:00:00,21.92186787,range,0.810076439693821
2023-04-07 11:15:00,21.92186787,range,0.6629975606461551
2023-04-07 11:30:00,21.9288739,range,0.8068890267785982
2023-04-07 13:15:00,21.93587993,range,0.8202458644007781
2023-04-07 13:30:00,21.99192817,range,0.9075020440909478
2023-04-07 13:45:00,22.08300656,range,0.8770557665770973
2023-04-07 14:00:00,22.0689945,range,0.8072668076257075
2023-04-07 14:15:00,22.16707892,range,0.7262986189851544
2023-04-07 14:30:00,22.1390548,trend_up,0.7040978686100972
2023-04-07 14:45:00,22.06198847,trend_up,0.8959112403874824
2023-04-07 15:00:00,22.0689945,trend_up,0.5182498481931086
2023-04-10 09:45:00,22.25815731,trend_up,0.7249164009497114
2023-04-10 10:00:00,22.47534424,trend_up,0.7437327736490063
2023-04-10 10:15:00,22.46133218,trend_up,0.8612978915360555
2023-04-10 10:30:00,22.44031409,trend_up,0.5353414024884853
2023-04-10 10:45:00,22.51738042,trend_up,0.9742323281814625
2023-04-10 11:00:00,22.59444675,trend_up,0.8003153026697971
2023-04-10 11:15:00,22.58043469,trend_up,0.5230087383639261
2023-04-10 11:30:00,22.44031409,trend_up,0.9742323281814625
2023-04-10 13:15:00,22.47534424,trend_up,0.8895342149017359
2023-04-10 13:30:00,22.38426585,trend_up,0.9661863672976857
2023-04-10 13:45:00,22.39127188,trend_up,0.886942038506704
2023-04-10 14:00:00,22.419296,trend_up,0.9162450753751263
2023-04-10 14:15:00,22.39127188,trend_up,0.8920597894315797
2023-04-10 14:30:00,22.36324776,trend_up,0.8920597894315797
2023-04-10 14:45:00,22.419296,trend_up,0.9162450753751263
2023-04-10 15:00:00,22.46833821,trend_up,0.9162450753751263
2023-04-11 09:45:00,22.55241057,trend_up,0.8556631201099072
2023-04-11 10:00:00,22.4893563,trend_up,0.9005271499839334
2023-04-11 10:15:00,22.66450705,trend_up,0.5196592412577505
2023-04-11 10:30:00,22.56642263,trend_up,0.7671682660063865
2023-04-11 10:45:00,22.61546484,trend_up,0.7671682660063865
2023-04-11 11:00:00,22.65750102,trend_up,0.5657993980880497
2023-04-11 11:15:00,22.6294769,trend_up,0.5657993980880497
2023-04-11 11:30:00,22.60845881,trend_up,0.5933025115890171
2023-04-11 13:15:00,22.54540454,trend_up,0.7080317345949005
2023-04-11 13:30:00,22.5594166,trend_up,0.5177646269349031
2023-04-11 13:45:00,22.53839851,trend_up,0.5145769405993377
2023-04-11 14:00:00,22.50336836,range,0.7521371808182002
2023-04-11 14:15:00,22.54540454,range,0.5731823569743637
2023-04-11 14:30:00,22.5594166,trend_up,0.5079855202092495
2023-04-11 14:45:00,22.55241057,trend_up,0.5597440010896126
2023-04-11 15:00:00,22.61546484,trend_up,0.6901246879786478
2023-04-12 09:45:00,22.37725982,range,0.6442107565073955
2023-04-12 10:00:00,22.39127188,range,0.6241366913594073
2023-04-12 10:15:00,22.33522364,trend_down,0.5963623155074708
2023-04-12 10:30:00,22.47534424,range,0.5189241709150464
2023-04-12 10:45:00,22.44031409,trend_down,0.7757646083214381
2023-04-12 11:00:00,22.40528394,trend_down,0.900980090619673
2023-04-12 11:15:00,22.37025379,range,0.4963827801658542
2023-04-12 11:30:00,22.33522364,trend_down,0.7757646083214381
2023-04-12 13:15:00,22.32121158,trend_down,0.6509951471477557
2023-04-12 13:30:00,22.43330806,trend_down,0.7806749976032626
2023-04-12 13:45:00,22.39127188,trend_down,0.7806749976032626
2023-04-12 14:00:00,22.44031409,range,0.824442379215678
2023-04-12 14:15:00,22.44732012,range,0.9066359072356446
2023-04-12 14:30:00,22.50336836,range,0.7650296528715808
2023-04-12 14:45:00,22.46833821,range,0.7650296528715808
2023-04-12 15:00:00,22.44031409,range,0.8092477438843029
2023-04-13 09:45:00,22.11103068,breakout_down,0.41875665316498445
2023-04-13 10:00:00,22.03396435,breakout_down,0.41954489614218154
2023-04-13 10:15:00,22.17408495,trend_down,0.6167259434089779
2023-04-13 10:30:00,22.07600053,trend_down,0.9558414499823895
2023-04-13 10:45:00,22.0689945,trend_down,0.92746942966708
2023-04-13 11:00:00,22.0689945,trend_down,0.8989257226588602
2023-04-13 11:15:00,22.04097038,trend_down,0.9254264981159408
2023-04-13 11:30:00,22.01294626,trend_down,0.9230955164120815
2023-04-13 13:15:00,21.93587993,trend_down,0.5278023342409506
2023-04-13 13:30:00,21.87282566,trend_down,0.4839498821261851
2023-04-13 13:45:00,21.94989199,trend_down,0.9696978493388541
2023-04-13 14:00:00,22.04097038,trend_down,0.9680422957267861
2023-04-13 14:15:00,22.0689945,trend_down,0.9671310851438669
2023-04-13 14:30:00,22.04797641,trend_down,0.8952284811874971
2023-04-13 14:45:00,22.0689945,trend_down,0.8952284811874971
2023-04-13 15:00:00,22.07600053,trend_down,0.8952284811874971
2023-04-14 09:45:00,22.11103068,trend_down,0.9653094962875512
2023-04-14 10:00:00,22.09001259,trend_down,0.8952284811874971
2023-04-14 10:15:00,22.11103068,trend_down,0.9653094962875512
2023-04-14 10:30:00,22.11803671,trend_down,0.5183425986193364
2023-04-14 10:45:00,22.11103068,trend_down,0.5183425986193364
2023-04-14 11:00:00,21.96390405,trend_down,0.6412619597296555
2023-04-14 11:15:00,22.03396435,trend_down,0.6898099268265826
2023-04-14 11:30:00,21.97791611,trend_down,0.6956124261749731
2023-04-14 13:15:00,21.95689802,trend_down,0.5804954938016856
2023-04-14 13:30:00,21.9288739,trend_down,0.5933025115890171
2023-04-14 13:45:00,21.9288739,trend_down,0.5657993980880497
2023-04-14 14:00:00,21.89384375,trend_down,0.5534222006816018
2023-04-14 14:15:00,21.89384375,trend_down,0.5933025115890171
2023-04-14 14:30:00,21.8588136,trend_down,0.8798175658728664
2023-04-14 14:45:00,21.86581963,trend_down,0.9227273176045719
2023-04-14 15:00:00,21.83779551,trend_down,0.9742323281814625
2023-04-17 09:45:00,21.90785581,trend_down,0.9742323281814625
2023-04-17 10:00:00,21.7887533,trend_down,0.9360297430545271
2023-04-17 10:15:00,21.79575933,trend_down,0.9742323281814625
2023-04-17 10:30:00,21.81677742,trend_down,0.9254264981159408
2023-04-17 10:45:00,21.73270506,trend_down,0.853260352799138
2023-04-17 11:00:00,21.78174727,trend_down,0.9742323281814625
2023-04-17 11:15:00,21.83078948,trend_down,0.9697684139280737
2023-04-17 11:30:00,21.87282566,trend_down,0.9653094962875512
2023-04-17 13:15:00,21.87983169,trend_down,0.6684341537707239
2023-04-17 13:30:00,21.87983169,trend_down,0.6684341537707239
2023-04-17 13:45:00,21.9989342,reversal,0.45631320544866105
2023-04-17 14:00:00,21.94288596,range,0.5009286070616341
2023-04-17 14:15:00,21.96390405,range,0.7826849826654572
2023-04-17 14:30:00,21.96390405,range,0.7826849826654572
2023-04-17 14:45:00,21.97091008,range,0.6025973835262449
2023-04-17 15:00:00,21.96390405,range,0.5716610789165397
2023-04-18 09:45:00,22.09001259,trend_up,0.8105915465586094
2023-04-18 10:00:00,22.11803671,trend_up,0.6786552320121517
2023-04-18 10:15:00,22.11803671,trend_up,0.9468542648081081
2023-04-18 10:30:00,22.18809701,trend_up,0.594580442304064
2023-04-18 10:45:00,22.14606083,trend_up,0.9558414499823895
2023-04-18 11:00:00,22.19510304,trend_up,0.907635003707718
2023-04-18 11:15:00,22.18109098,trend_up,0.881474001786309
2023-04-18 11:30:00,22.17408495,trend_up,0.9513612180331552
2023-04-18 13:15:00,22.2091151,trend_up,0.9742323281814625
2023-04-18 13:30:00,22.20210907,trend_up,0.9230955164120815
2023-04-18 13:45:00,22.12504274,trend_up,0.9735686106763175
2023-04-18 14:00:00,22.05498244,trend_up,0.9423709533776204
2023-04-18 14:15:00,22.07600053,trend_down,0.6615824891304735
2023-04-18 14:30:00,22.09701862,trend_up,0.8156601237330515
2023-04-18 14:45:00,22.0689945,trend_up,0.8156601237330515
2023-04-18 15:00:00,22.0689945,trend_down,0.6491959135829651
2023-04-19 09:45:00,21.85180757,trend_down,0.8443284422905994
2023-04-19 10:00:00,21.75372315,trend_down,0.7431059212739862
2023-04-19 10:15:00,21.73270506,trend_down,0.809991442076938
2023-04-19 10:30:00,21.58557843,trend_down,0.8532603527991378
2023-04-19 10:45:00,21.5085121,trend_down,0.6372585403282437
2023-04-19 11:00:00,21.2983312,trend_down,0.5293985367695945
2023-04-19 11:15:00,21.3683915,trend_down,0.5407135016471885
2023-04-19 11:30:00,21.41743371,trend_down,0.9182273385573261
2023-04-19 13:15:00,21.33336135,trend_down,0.9742323281814625
2023-04-19 13:30:00,21.23527693,trend_down,0.8264601616968841
2023-04-19 13:45:00,21.21425884,trend_down,0.7948011508047491
2023-04-19 14:00:00,21.21425884,trend_down,0.88625147446568
2023-04-19 14:15:00,21.19324075,trend_down,0.88625147446568
2023-04-19 14:30:00,21.18623472,trend_down,0.966073424863376
2023-04-19 14:45:00,21.20024678,trend_down,0.88625147446568
2023-04-19 15:00:00,21.13719251,trend_down,0.8205811735144799
2023-04-20 09:45:00,21.5785724,trend_down,0.5529036999713479
2023-04-20 10:00:00,21.65563873,trend_down,0.8156601237330515
2023-04-20 10:15:00,21.58557843,trend_up,0.9491684281799966
2023-04-20 10:30:00,21.45246386,trend_down,0.8156601237330515
2023-04-20 10:45:00,21.41743371,trend_down,0.8912103162014117
2023-04-20 11:00:00,21.57156637,trend_up,0.8941029787259807
2023-04-20 11:15:00,21.45246386,trend_up,0.9096603708933312
2023-04-20 11:30:00,21.45946989,range,0.4645701428517306
2023-04-20 13:15:00,21.5085121,range,0.4645701428517306
2023-04-20 13:30:00,21.5085121,trend_up,0.45134527247218387
2023-04-20 13:45:00,21.4384518,range,0.5076080356158018
2023-04-20 14:00:00,21.41042768,range,0.5076080356158018
2023-04-20 14:15:00,21.29132517,trend_down,0.6846371050174314
2023-04-20 14:30:00,21.15120457,trend_down,0.7405014594123467
2023-04-20 14:45:00,21.10216236,trend_down,0.9487246146283509
2023-04-20 15:00:00,21.17922869,trend_down,0.8524080049268566
2023-04-21 09:45:00,21.12318045,trend_down,0.9285794203562051
2023-04-21 10:00:00,20.64677041,trend_down,0.9071142057193019
2023-04-21 10:15:00,20.70281865,trend_down,0.9742323281814625
2023-04-21 10:30:00,20.71683071,trend_down,0.9206961464705191
2023-04-21 10:45:00,20.74485483,trend_down,0.897989906797047
2023-04-21 11:00:00,20.6677885,trend_down,0.9230955164120815
2023-04-21 11:15:00,20.80090307,trend_down,0.968840342841616
2023-04-21 11:30:00,20.7378488,trend_down,0.968840342841616
2023-04-21 13:15:00,20.76587292,trend_down,0.8958711337427966
2023-04-21 13:30:00,20.82192116,trend_down,0.9742323281814625
2023-04-21 13:45:00,20.86395734,trend_down,0.8983132835346506
2023-04-21 14:00:00,20.99006588,trend_down,0.8156601237330515
2023-04-21 14:15:00,20.77988498,trend_down,0.9423709533776204
2023-04-21 14:30:00,20.8079091,trend_down,0.9423709533776204
2023-04-21 14:45:00,20.75186086,trend_down,0.8152824523550809
2023-04-21 15:00:00,20.68880659,trend_down,0.8152824523550809
2023-04-24 09:45:00,20.12832419,breakout_down,0.48512049459319745
2023-04-24 10:00:00,20.07928198,trend_down,0.8612978915360555
2023-04-24 10:15:00,20.06526992,trend_down,0.9052286302355669
2023-04-24 10:30:00,20.0372458,trend_down,0.9052286302355669
2023-04-24 10:45:00,20.11431213,trend_down,0.9182273385573261
2023-04-24 11:00:00,20.22640861,trend_down,0.967029182099857
2023-04-24 11:15:00,20.26143876,trend_down,0.8895342149017359
2023-04-24 11:30:00,20.2474267,trend_down,0.9182273385573261
2023-04-24 13:15:00,20.10030007,trend_down,0.9742323281814625
2023-04-24 13:30:00,20.04425183,trend_down,0.9156880955987667
2023-04-24 13:45:00,19.94616741,trend_down,0.9156880955987667
2023-04-24 14:00:00,19.74299254,trend_down,0.6337574937668937
2023-04-24 14:15:00,19.8270649,trend_down,0.6500417381001691
2023-04-24 14:30:00,19.86209505,trend_down,0.88625147446568
2023-04-24 14:45:00,19.90413123,trend_down,0.88625147446568
2023-04-24 15:00:00,19.98119756,trend_down,0.8835923464260621
2023-04-25 09:45:00,20.44359554,trend_up,0.7275557528240248
2023-04-25 10:00:00,20.44359554,trend_up,0.7275557528240248
2023-04-25 10:15:00,20.30347494,trend_up,0.8941029787259807
2023-04-25 10:30:00,20.40155936,trend_up,0.8037830379511186
2023-04-25 10:45:00,20.35251715,trend_up,0.8912103162014117
2023-04-25 11:00:00,20.32449303,trend_up,0.8605170046064232
2023-04-25 11:15:00,20.29646891,trend_up,0.8037830379511186
2023-04-25 11:30:00,20.317487,trend_up,0.635503098512167
2023-04-25 13:15:00,20.20539052,trend_down,0.7018222888918412
2023-04-25 13:30:00,20.19137846,trend_down,0.7771188216318986
2023-04-25 13:45:00,20.14934228,trend_down,0.8968908735351956
2023-04-25 14:00:00,20.25443273,trend_up,0.45134527247218387
2023-04-25 14:15:00,20.26844479,range,0.7638272540456548
2023-04-25 14:30:00,20.22640861,range,0.7544736893571622
2023-04-25 14:45:00,20.28245685,range,0.8780163445070504
2023-04-25 15:00:00,20.32449303,range,0.8780163445070504
2023-04-26 09:45:00,20.69581262,range,0.6438626110492927
2023-04-26 10:00:00,20.67479453,range,0.6412288529727601
2023-04-26 10:15:00,20.64677041,trend_up,0.8037830379511186
2023-04-26 10:30:00,20.67479453,trend_up,0.8724350267186767
2023-04-26 10:45:00,20.70982468,trend_up,0.8753697464663618
2023-04-26 11:00:00,20.63275835,trend_up,0.8672707799644854
2023-04-26 11:15:00,20.63976438,trend_up,0.8964466843873214
2023-04-26 11:30:00,20.49263775,trend_up,0.9526892231117793
2023-04-26 13:15:00,20.33149906,trend_down,0.7939991758485883
2023-04-26 13:30:00,20.37353524,trend_down,0.7939991758485883
2023-04-26 13:45:00,20.43658951,trend_down,0.5894533561033574
2023-04-26 14:00:00,20.3875473,trend_down,0.5894533561033574
2023-04-26 14:15:00,20.35251715,trend_down,0.8414240059105436
2023-04-26 14:30:00,20.33149906,trend_down,0.9029645626213624
2023-04-26 14:45:00,20.34551112,trend_down,0.9049463233551722
2023-04-26 15:00:00,20.33149906,trend_down,0.7124680888866436
2023-04-27 09:45:00,20.27545082,trend_down,0.8214889321553238
2023-04-27 10:00:00,20.35251715,trend_down,0.8579993070247722
2023-04-27 10:15:00,20.37353524,trend_down,0.9581306173140381
2023-04-27 10:30:00,20.39455333,trend_down,0.5963623155074708
2023-04-27 10:45:00,20.40155936,range,0.6767270180912871
2023-04-27 11:00:00,20.37353524,trend_down,0.6465933116478583
2023-04-27 11:15:00,20.34551112,trend_down,0.7077603272823539
2023-04-27 11:30:00,20.32449303,trend_down,0.7029277703122273
2023-04-27 13:15:00,20.33149906,trend_down,0.6981159566911367
2023-04-27 13:30:00,20.28946288,trend_down,0.7969808186965923
2023-04-27 13:45:00,20.3875473,trend_down,0.7990807723304278
2023-04-27 14:00:00,20.3875473,trend_down,0.5403066983971634
2023-04-27 14:15:00,20.37353524,range,0.5662926162526309
2023-04-27 14:30:00,20.36652921,range,0.7497206378675046
2023-04-27 14:45:00,20.41557142,range,0.5662926162526309
2023-04-27 15:00:00,20.45060157,range,0.7705357985483827
2023-04-28 09:45:00,20.33149906,trend_down,0.5856740640915326
2023-04-28 10:00:00,20.26844479,trend_down,0.6938756144642189
2023-04-28 10:15:00,20.28245685,trend_down,0.5930967358889728
2023-04-28 10:30:00,20.26143876,trend_down,0.5955446147595844
2023-04-28 10:45:00,20.21239655,trend_down,0.5996976465098526
2023-04-28 11:00:00,20.26844479,trend_down,0.7818025507973966
2023-04-28 11:15:00,20.28245685,trend_down,0.5732872608537251
2023-04-28 11:30:00,20.34551112,trend_down,0.6573542631442072
2023-04-28 13:15:00,20.40155936,range,0.5449917909084168
2023-04-28 13:30:00,20.35952318,range,0.7419692446177366
2023-04-28 13:45:00,20.36652921,range,0.7419692446177366
2023-04-28 14:00:00,20.33149906,trend_down,0.5900345128575731
2023-04-28 14:15:00,20.35251715,range,0.8707257407161615
2023-04-28 14:30:00,20.35952318,range,0.8722924988506529
2023-04-28 14:45:00,20.38054127,range,0.8722924988506529
2023-04-28 15:00:00,20.35952318,range,0.8722924988506529
2023-05-04 09:45:00,20.37353524,trend_up,0.4756191586589257
2023-05-04 10:00:00,20.44359554,trend_up,0.6099509534841757
2023-05-04 10:15:00,20.42958348,trend_up,0.6627757634874151
2023-05-04 10:30:00,20.31048097,range,0.8212073445816046
2023-05-04 10:45:00,20.30347494,trend_down,0.6100032138997542
2023-05-04 11:00:00,20.32449303,trend_down,0.8422827890128927
2023-05-04 11:15:00,20.35251715,trend_down,0.532727735048976
2023-05-04 11:30:00,20.33149906,trend_down,0.6465933116478583
2023-05-04 13:15:00,20.36652921,range,0.6241366913594073
2023-05-04 13:30:00,20.38054127,range,0.7995050735526689
2023-05-04 13:45:00,20.33149906,trend_down,0.7096770612318958
2023-05-04 14:00:00,20.30347494,trend_down,0.5906161733765932
2023-05-04 14:15:00,20.33850509,trend_down,0.5823844606452684
2023-05-04 14:30:00,20.32449303,trend_down,0.6268665679451039
2023-05-04 14:45:00,20.317487,trend_down,0.5593734999415976
2023-05-04 15:00:00,20.34551112,range,0.7851479446904522
2023-05-05 09:45:00,20.07928198,trend_down,0.49263848748115574
2023-05-05 10:00:00,20.11431213,trend_down,0.9423709533776204
2023-05-05 10:15:00,20.05826389,trend_down,0.9558414499823894
2023-05-05 10:30:00,19.98119756,trend_down,0.9569306208080132
2023-05-05 10:45:00,19.91814329,trend_down,0.9742323281814625
2023-05-05 11:00:00,20.03023977,trend_down,0.8212706281870592
2023-05-05 11:15:00,20.0372458,trend_down,0.967029182099857
2023-05-05 11:30:00,19.9671855,trend_down,0.967029182099857
2023-05-05 13:15:00,20.05125786,trend_down,0.967029182099857
2023-05-05 13:30:00,19.98820359,trend_down,0.9742323281814625
2023-05-05 13:45:00,19.9671855,trend_down,0.9182273385573261
2023-05-05 14:00:00,19.96017947,trend_down,0.9182273385573261
2023-05-05 14:15:00,20.00221565,trend_down,0.9742323281814625
2023-05-05 14:30:00,19.98820359,trend_down,0.9742323281814625
2023-05-05 14:45:00,19.98119756,trend_down,0.9742323281814625
2023-05-05 15:00:00,19.9671855,trend_down,0.9735686106763175
2023-05-08 09:45:00,19.9671855,trend_down,0.9090635430530795
2023-05-08 10:00:00,19.86910108,trend_down,0.9244569324478901
2023-05-08 10:15:00,19.76401063,trend_down,0.6504743209313293
2023-05-08 10:30:00,19.84808299,trend_down,0.8264601616968841
2023-05-08 10:45:00,19.79904078,trend_down,0.9206961464705191
2023-05-08 11:00:00,19.77802269,trend_down,0.7671682660063865
2023-05-08 11:15:00,19.86209505,trend_down,0.7654800114959829
2023-05-08 11:30:00,19.86910108,trend_down,0.7137135907345468
2023-05-08 13:15:00,19.90413123,trend_down,0.7050507489841378
2023-05-08 13:30:00,19.90413123,range,0.5872012849427013
2023-05-08 13:45:00,19.96017947,range,0.4463221082749991
2023-05-08 14:00:00,19.88311314,trend_down,0.7123691467602389
2023-05-08 14:15:00,19.82005887,trend_down,0.6554353925269597
2023-05-08 14:30:00,19.87610711,range,0.7497206378675046
2023-05-08 14:45:00,19.82005887,range,0.7497206378675046
2023-05-08 15:00:00,19.8270649,trend_down,0.5649918765583642
2023-05-09 09:45:00,19.35766089,trend_down,0.4562058154460489
2023-05-09 10:00:00,19.30161265,trend_down,0.4636947344470649
2023-05-09 10:15:00,19.36466692,trend_down,0.9569306208080132
2023-05-09 10:30:00,19.44173325,trend_down,0.9569306208080132
2023-05-09 10:45:00,19.30861868,trend_down,0.9742323281814625
2023-05-09 11:00:00,19.18951617,trend_down,0.5293985367695945
2023-05-09 11:15:00,19.09843778,trend_down,0.4850766622556711
2023-05-09 11:30:00,18.9863413,trend_down,0.4850766622556711
2023-05-09 13:15:00,19.02837748,trend_down,0.5293985367695945
2023-05-09 13:30:00,18.95831718,trend_down,0.9742323281814625
2023-05-09 13:45:00,19.07741969,trend_down,0.9742323281814625
2023-05-09 14:00:00,19.02137145,trend_down,0.9742323281814625
2023-05-09 14:15:00,18.97933527,trend_down,0.9679511336517824
2023-05-09 14:30:00,18.95131115,trend_down,0.9206961464705191
2023-05-09 14:45:00,18.8462207,trend_down,0.5407135016471885
2023-05-09 15:00:00,18.94430512,trend_down,0.9679511336517824
2023-05-10 09:45:00,18.71310613,trend_down,0.7960716527001371
2023-05-10 10:00:00,18.7761604,trend_down,0.9679511336517824
2023-05-10 10:15:00,18.86723879,trend_down,0.9679511336517824
2023-05-10 10:30:00,18.90226894,trend_down,0.9671310851438669
2023-05-10 10:45:00,18.88825688,trend_down,0.9671310851438669
2023-05-10 11:00:00,18.92328703,trend_down,0.9653094962875512
2023-05-10 11:15:00,19.11244984,trend_down,0.8156601237330515
2023-05-10 11:30:00,19.09143175,trend_down,0.8156601237330515
2023-05-10 13:15:00,19.14747999,trend_down,0.8156601237330515
2023-05-10 13:30:00,19.17550411,trend_up,0.9423709533776204
2023-05-10 13:45:00,19.11244984,trend_up,0.9470025662049734
2023-05-10 14:00:00,19.13346793,trend_up,0.7428243732053119
2023-05-10 14:15:00,19.14047396,trend_up,0.648246343667833
2023-05-10 14:30:00,19.10544381,trend_up,0.648246343667833
2023-05-10 14:45:00,19.15448602,trend_up,0.8123414493055849
2023-05-10 15:00:00,19.16149205,trend_up,0.8123414493055849
2023-05-11 09:45:00,19.02837748,trend_down,0.8156601237330515
2023-05-11 10:00:00,19.30161265,trend_up,0.5950244194958547
2023-05-11 10:15:00,19.44173325,trend_up,0.3962382467876507
2023-05-11 10:30:00,19.29460662,range,0.6130512033176081
2023-05-11 10:45:00,19.27358853,range,0.830606635488362
2023-05-11 11:00:00,19.11244984,range,0.6130512033176081
2023-05-11 11:15:00,19.14047396,range,0.830606635488362
2023-05-11 11:30:00,19.16149205,range,0.795484194260536
2023-05-11 13:15:00,19.14747999,range,0.5278516112988646
2023-05-11 13:30:00,19.1264619,range,0.6241366913594073
2023-05-11 13:45:00,19.07041366,trend_down,0.878459223905384
2023-05-11 14:00:00,19.11244984,trend_down,0.7077603272823539
2023-05-11 14:15:00,18.99334733,trend_down,0.9255028683958013
2023-05-11 14:30:00,18.99334733,trend_down,0.7515552165366696
2023-05-11 14:45:00,19.00735939,trend_down,0.7513716898445899
2023-05-11 15:00:00,19.02837748,trend_down,0.7516158153162651
2023-05-12 09:45:00,18.97232924,trend_down,0.9675462898052438
2023-05-12 10:00:00,19.04939557,trend_down,0.9679511336517824
2023-05-12 10:15:00,18.90226894,trend_down,0.9679511336517824
2023-05-12 10:30:00,18.92328703,trend_down,0.8923963322178328
2023-05-12 10:45:00,18.93029306,trend_down,0.8781908115835458
2023-05-12 11:00:00,18.92328703,trend_down,0.9052286302355669
2023-05-12 11:15:00,18.97232924,trend_down,0.9742323281814625
2023-05-12 11:30:00,18.9863413,trend_down,0.9162450753751263
2023-05-12 13:15:00,18.95831718,trend_down,0.9742323281814625
2023-05-12 13:30:00,18.9863413,trend_down,0.8920597894315797
2023-05-12 13:45:00,18.93729909,trend_down,0.9182273385573261
2023-05-12 14:00:00,18.97933527,trend_down,0.9105308622735405
2023-05-12 14:15:00,18.95131115,trend_down,0.8096764468495843
2023-05-12 14:30:00,19.00035336,range,0.5731823569743637
2023-05-12 14:45:00,19.07041366,range,0.5881910703937657
2023-05-12 15:00:00,19.09143175,range,0.5855079566371248
2023-05-15 09:45:00,19.16149205,trend_up,0.6073029387372603
2023-05-15 10:00:00,19.21754029,trend_up,0.9053624902036228
2023-05-15 10:15:00,19.18251014,trend_up,0.8724350267186767
2023-05-15 10:30:00,19.24556441,trend_up,0.9088717738996209
2023-05-15 10:45:00,19.20352823,trend_up,0.9450935403116844
2023-05-15 11:00:00,19.16149205,trend_up,0.8639326827781951
2023-05-15 11:15:00,19.1264619,trend_up,0.8938647944710887
2023-05-15 11:30:00,19.11945587,trend_up,0.808111438353901
2023-05-15 13:15:00,19.00035336,trend_up,0.6073029387372603
2023-05-15 13:30:00,19.08442572,trend_down,0.8156601237330515
2023-05-15 13:45:00,19.10544381,trend_down,0.6491959135829651
2023-05-15 14:00:00,19.11945587,trend_down,0.6491959135829651
2023-05-15 14:15:00,19.18251014,trend_up,0.6073029387372603
2023-05-15 14:30:00,19.28059456,trend_up,0.4639852444248265
2023-05-15 14:45:00,19.27358853,range,0.4987464144289901
2023-05-15 15:00:00,19.25257044,range,0.4987464144289901
2023-05-16 09:45:00,19.23855838,trend_up,0.4966302278547805
2023-05-16 10:00:00,19.21754029,range,0.6675815409009122
2023-05-16 10:15:00,19.14047396,range,0.8953960049953154
2023-05-16 10:30:00,19.09143175,range,0.7851479446904522
2023-05-16 10:45:00,19.09843778,range,0.6675815409009122
2023-05-16 11:00:00,19.25257044,range,0.7851479446904522
2023-05-16 11:15:00,19.28059456,range,0.8580254413004866
2023-05-16 11:30:00,19.23155235,range,0.5016324948275044
2023-05-16 13:15:00,19.24556441,trend_up,0.5858872534115398
2023-05-16 13:30:00,19.36466692,trend_up,0.8175958955320997
2023-05-16 13:45:00,19.25957647,trend_up,0.8448042037801068
2023-05-16 14:00:00,19.20352823,range,0.6210429185113224
2023-05-16 14:15:00,19.18251014,range,0.6464954620278734
2023-05-16 14:30:00,19.14747999,range,0.6464954620278734
2023-05-16 14:45:00,19.1264619,range,0.6324362144853907
2023-05-16 15:00:00,19.16149205,trend_down,0.5003864911894207
2023-05-17 09:45:00,19.18951617,range,0.7851479446904522
2023-05-17 10:00:00,19.18251014,range,0.7863367821971079
2023-05-17 10:15:00,19.25257044,range,0.6340762323724056
2023-05-17 10:30:00,19.21053426,range,0.810331639320977
2023-05-17 10:45:00,19.18251014,range,0.810331639320977
2023-05-17 11:00:00,19.21053426,range,0.8072668076257075
2023-05-17 11:15:00,19.17550411,range,0.6635394563209284
2023-05-17 11:30:00,19.16149205,range,0.6635394563209284
2023-05-17 13:15:00,19.11244984,range,0.7345938079499758
2023-05-17 13:30:00,19.08442572,trend_down,0.49704996163990445
2023-05-17 13:45:00,19.04238954,trend_down,0.4991011561986751
2023-05-17 14:00:00,19.02837748,trend_down,0.5568007806622373
2023-05-17 14:15:00,19.00035336,trend_down,0.5892732626566443
2023-05-17 14:30:00,19.02837748,trend_down,0.5838886751055224
2023-05-17 14:45:00,19.00735939,trend_down,0.9268281060548182
2023-05-17 15:00:00,19.04238954,trend_down,0.9661863672976857
2023-05-18 09:45:00,19.02837748,trend_down,0.9735686106763175
2023-05-18 10:00:00,18.97933527,trend_down,0.973148224235075
2023-05-18 10:15:00,19.04939557,trend_down,0.9653094962875512
2023-05-18 10:30:00,19.03538351,trend_down,0.9671310851438669
2023-05-18 10:45:00,19.02137145,trend_down,0.9671310851438669
2023-05-18 11:00:00,19.02137145,trend_down,0.8902144987503774
2023-05-18 11:15:00,18.99334733,trend_down,0.8902144987503774
2023-05-18 11:30:00,18.97232924,trend_down,0.8927407182097999
2023-05-18 13:15:00,19.02837748,trend_down,0.8596638413505254
2023-05-18 13:30:00,18.97933527,trend_down,0.8902144987503774
2023-05-18 13:45:00,18.90927497,trend_down,0.6097992685132878
2023-05-18 14:00:00,18.92328703,trend_down,0.43827566450133687
2023-05-18 14:15:00,18.94430512,trend_down,0.5647392265623256
2023-05-18 14:30:00,18.916281,trend_down,0.7276226055667202
2023-05-18 14:45:00,18.95131115,trend_down,0.7224166514371863
2023-05-18 15:00:00,18.95131115,trend_down,0.5643116812574618
2023-05-19 09:45:00,18.93729909,trend_down,0.7024381297024609
2023-05-19 10:00:00,19.03538351,range,0.7870762248465117
2023-05-19 10:15:00,19.04939557,range,0.441805951320438
2023-05-19 10:30:00,19.02837748,range,0.7419692446177366
2023-05-19 10:45:00,18.95831718,trend_down,0.6573542631442072
2023-05-19 11:00:00,19.03538351,range,0.7913419492900049
2023-05-19 11:15:00,18.9863413,range,0.6181897121652762
2023-05-19 11:30:00,19.0564016,range,0.8851589731971736
2023-05-19 13:15:00,19.0564016,range,0.7024534348183233
2023-05-19 13:30:00,19.0564016,range,0.8092477438843029
2023-05-19 13:45:00,19.06340763,range,0.8092477438843029
2023-05-19 14:00:00,19.04238954,range,0.6663871498291097
2023-05-19 14:15:00,19.10544381,trend_up,0.47444156717924113
2023-05-19 14:30:00,19.14047396,trend_up,0.5345795050306164
2023-05-19 14:45:00,19.11244984,trend_up,0.49102642257521434
2023-05-19 15:00:00,19.1264619,range,0.5785881912725127
2023-05-22 09:45:00,19.616884,breakout_up,0.4329780419048852
2023-05-22 10:00:00,19.66592621,trend_up,0.7991902473970328
2023-05-22 10:15:00,19.62389003,trend_up,0.7991902473970328
2023-05-22 10:30:00,19.70095636,trend_up,0.938106489634533
2023-05-22 10:45:00,19.79904078,trend_up,0.7779103232958292
2023-05-22 11:00:00,19.77802269,trend_up,0.9742323281814625
2023-05-22 11:15:00,19.84808299,trend_up,0.5407135016471885
2023-05-22 11:30:00,19.91113726,trend_up,0.5407135016471885
2023-05-22 13:15:00,20.01622771,trend_up,0.5407135016471885
2023-05-22 13:30:00,20.01622771,trend_up,0.9696978493388541
2023-05-22 13:45:00,19.95317344,trend_up,0.9696978493388541
2023-05-22 14:00:00,20.07928198,trend_up,0.8231946377914303
2023-05-22 14:15:00,20.02323374,trend_up,0.968840342841616
2023-05-22 14:30:00,20.08628801,trend_up,0.968840342841616
2023-05-22 14:45:00,20.15634831,trend_up,0.5390484451925946
2023-05-22 15:00:00,20.11431213,trend_up,0.5156789627930598
2023-05-23 09:45:00,19.89011917,breakout_up,0.5428641487785698
2023-05-23 10:00:00,19.93215535,trend_up,0.9581306173140381
2023-05-23 10:15:00,20.11431213,trend_up,0.9735686106763175
2023-05-23 10:30:00,19.97419153,trend_up,0.9581306173140381
2023-05-23 10:45:00,20.0372458,trend_up,0.8934098402710774
2023-05-23 11:00:00,20.07928198,trend_up,0.9212211388208612
2023-05-23 11:15:00,20.05125786,trend_up,0.9212211388208612
2023-05-23 11:30:00,20.04425183,trend_up,0.9212211388208612
2023-05-23 13:15:00,20.1073061,trend_up,0.9735686106763175
2023-05-23 13:30:00,20.05125786,trend_up,0.9403025693492182
2023-05-23 13:45:00,20.06526992,trend_up,0.8061339348240945
2023-05-23 14:00:00,20.1073061,trend_up,0.8014343705471025
2023-05-23 14:15:00,20.08628801,trend_up,0.8014343705471025
2023-05-23 14:30:00,20.07227595,trend_up,0.8014343705471025
2023-05-23 14:45:00,19.98119756,trend_up,0.7018222888918412
2023-05-23 15:00:00,19.95317344,range,0.5076080356158018
2023-05-24 09:45:00,20.24042067,trend_up,0.7626673472924793
2023-05-24 10:00:00,20.44359554,trend_up,0.7791129098472483
2023-05-24 10:15:00,20.317487,trend_up,0.9567949741861582
2023-05-24 10:30:00,20.22640861,trend_up,0.9558414499823894
2023-05-24 10:45:00,20.21239655,trend_up,0.9136500667948829
2023-05-24 11:00:00,20.28946288,trend_up,0.9735686106763175
2023-05-24 11:15:00,20.37353524,trend_up,0.967029182099857
2023-05-24 11:30:00,20.36652921,trend_up,0.967029182099857
2023-05-24 13:15:00,20.41557142,trend_up,0.6508913379078912
2023-05-24 13:30:00,20.41557142,trend_up,0.9206961464705191
2023-05-24 13:45:00,20.33149906,trend_up,0.9671310851438669
2023-05-24 14:00:00,20.3875473,trend_up,0.8107846739053404
2023-05-24 14:15:00,20.37353524,trend_up,0.8107846739053404
2023-05-24 14:30:00,20.317487,trend_up,0.7639905614354506
2023-05-24 14:45:00,20.32449303,trend_up,0.7639905614354506
2023-05-24 15:00:00,20.33850509,trend_up,0.8107846739053404
2023-05-25 09:45:00,20.28245685,trend_down,0.8799125526249812
2023-05-25 10:00:00,20.25443273,trend_down,0.8123414493055849
2023-05-25 10:15:00,20.23341464,trend_down,0.5845824471871092
2023-05-25 10:30:00,20.27545082,range,0.7535994836059334
2023-05-25 10:45:00,20.16335434,range,0.4463221082749991
2023-05-25 11:00:00,20.12832419,trend_down,0.5894533561033574
2023-05-25 11:15:00,20.2474267,trend_down,0.5784702925237408
2023-05-25 11:30:00,20.14934228,trend_down,0.582891918217398
2023-05-25 13:15:00,20.1773664,trend_down,0.582891918217398
2023-05-25 13:30:00,20.14233625,trend_down,0.6073029387372603
2023-05-25 13:45:00,20.12131816,trend_down,0.6615824891304735
2023-05-25 14:00:00,20.05125786,trend_down,0.7707603053954855
2023-05-25 14:15:00,20.05826389,trend_down,0.48597572407090905
2023-05-25 14:30:00,20.00922168,trend_down,0.7159611718510721
2023-05-25 14:45:00,20.12832419,trend_down,0.7159611718510721
2023-05-25 15:00:00,20.21239655,range,0.6130512033176081
2023-05-26 09:45:00,20.07227595,reversal,0.45101763990060156
2023-05-26 10:00:00,19.96017947,range,0.6049488934198607
2023-05-26 10:15:00,19.8971252,trend_down,0.5321124264739928
2023-05-26 10:30:00,19.79203475,trend_down,0.5543998839261588
2023-05-26 10:45:00,19.7570046,trend_down,0.929356564652179
2023-05-26 11:00:00,19.74999857,trend_down,0.8450624302615469
2023-05-26 11:15:00,19.98119756,trend_down,0.900980090619673
2023-05-26 11:30:00,20.12832419,trend_down,0.582891918217398
2023-05-26 13:15:00,20.12832419,trend_up,0.900980090619673
2023-05-26 13:30:00,20.26143876,trend_up,0.9002064655266292
2023-05-26 13:45:00,20.16335434,trend_up,0.8993481562721959
2023-05-26 14:00:00,20.1073061,trend_up,0.9671310851438669
2023-05-26 14:15:00,20.21940258,trend_up,0.9735686106763175
2023-05-26 14:30:00,20.21940258,trend_up,0.9187684356464907
2023-05-26 14:45:00,20.26143876,trend_up,0.9558414499823895
2023-05-26 15:00:00,20.21940258,trend_up,0.7984524515105774
2023-05-29 09:45:00,20.41557142,trend_up,0.5207512193427806
2023-05-29 10:00:00,20.56970408,trend_up,0.6372585403282437
2023-05-29 10:15:00,20.5977282,trend_up,0.7437327736490063
2023-05-29 10:30:00,20.65377644,trend_up,0.504032890722713
2023-05-29 10:45:00,20.62575232,trend_up,0.9156880955987667
2023-05-29 11:00:00,20.49964378,trend_up,0.9742323281814625
2023-05-29 11:15:00,20.49263775,trend_up,0.9156880955987667
2023-05-29 11:30:00,20.4576076,trend_up,0.88625147446568
2023-05-29 13:15:00,20.56269805,trend_up,0.966073424863376
2023-05-29 13:30:00,20.49964378,trend_up,0.9742323281814625
2023-05-29 13:45:00,20.47862569,trend_up,0.9136500667948829
2023-05-29 14:00:00,20.52066187,trend_up,0.9742323281814625
2023-05-29 14:15:00,20.54868599,trend_up,0.9154340349285539
2023-05-29 14:30:00,20.60473423,trend_up,0.9742323281814625
2023-05-29 14:45:00,20.70281865,trend_up,0.938106489634533
2023-05-29 15:00:00,20.64677041,trend_up,0.88625147446568
2023-05-30 09:45:00,20.8779694,trend_up,0.6372585403282438
2023-05-30 10:00:00,20.82192116,trend_up,0.8860670408144169
2023-05-30 10:15:00,20.94102367,trend_up,0.493864875391554
2023-05-30 10:30:00,20.87096337,trend_up,0.9742323281814625
2023-05-30 10:45:00,20.89198146,trend_up,0.9206961464705191
2023-05-30 11:00:00,20.95503573,trend_up,0.9742323281814625
2023-05-30 11:15:00,20.8779694,trend_up,0.9742323281814625
2023-05-30 11:30:00,20.85695131,trend_up,0.9679511336517824
2023-05-30 13:15:00,20.79389704,trend_up,0.9569493631443057
2023-05-30 13:30:00,20.77287895,trend_up,0.8596638413505254
2023-05-30 13:45:00,20.82892719,trend_up,0.9671310851438669
2023-05-30 14:00:00,20.75886689,trend_up,0.9569493631443057
2023-05-30 14:15:00,20.72383674,trend_up,0.8121087052871507
2023-05-30 14:30:00,20.75186086,trend_up,0.7939991758485883
2023-05-30 14:45:00,20.70982468,trend_up,0.7939991758485883
2023-05-30 15:00:00,20.7378488,range,0.566292616252631
2023-05-31 09:45:00,20.56970408,trend_down,0.8993481562721959
2023-05-31 10:00:00,20.65377644,trend_down,0.7217937969344603
2023-05-31 10:15:00,20.63275835,trend_down,0.900980090619673
2023-05-31 10:30:00,20.63275835,trend_down,0.9096603708933312
2023-05-31 10:45:00,20.54167996,trend_down,0.9037666730924747
2023-05-31 11:00:00,20.54167996,trend_down,0.9098701378212136
2023-05-31 11:15:00,20.5276679,trend_down,0.9558414499823895
2023-05-31 11:30:00,20.50664981,trend_down,0.9120400247192051
2023-05-31 13:15:00,20.49964378,trend_down,0.9060683318964575
2023-05-31 13:30:00,20.48563172,trend_down,0.9120400247192051
2023-05-31 13:45:00,20.46461363,trend_down,0.9060683318964575
2023-05-31 14:00:00,20.49263775,trend_down,0.9060683318964575
2023-05-31 14:15:00,20.45060157,trend_down,0.9060683318964575
2023-05-31 14:30:00,20.47862569,trend_down,0.9060683318964575
2023-05-31 14:45:00,20.47862569,trend_down,0.9060683318964575
2023-05-31 15:00:00,20.4576076,trend_down,0.5475586497718523
2023-06-01 09:45:00,20.49263775,trend_down,0.8498060578606496
2023-06-01 10:00:00,20.56970408,trend_down,0.7388548684234882
2023-06-01 10:15:00,20.47862569,trend_down,0.7388548684234882
2023-06-01 10:30:00,20.52066187,range,0.6571910843384243
2023-06-01 10:45:00,20.49263775,trend_up,0.41484635145863763
2023-06-01 11:00:00,20.47862569,range,0.6672066495870824
2023-06-01 11:15:00,20.49263775,trend_down,0.4855885179461443
2023-06-01 11:30:00,20.49964378,range,0.4910342603249249
2023-06-01 13:15:00,20.54868599,trend_up,0.532727735048976
2023-06-01 13:30:00,20.51365584,trend_up,0.5963623155074708
2023-06-01 13:45:00,20.46461363,range,0.7497206378675046
2023-06-01 14:00:00,20.4576076,range,0.6356567985997432
2023-06-01 14:15:00,20.42958348,trend_down,0.5182498481931086
2023-06-01 14:30:00,20.42958348,trend_down,0.5192473552444465
2023-06-01 14:45:00,20.3875473,trend_down,0.5657993980880497
2023-06-01 15:00:00,20.36652921,trend_down,0.8538453563977726
2023-06-02 09:45:00,20.41557142,trend_down,0.8619207163944743
2023-06-02 10:00:00,20.4576076,trend_down,0.8502105754691145
2023-06-02 10:15:00,20.36652921,trend_down,0.8924256327184921
2023-06-02 10:30:00,20.39455333,trend_down,0.8778388329315164
2023-06-02 10:45:00,20.40155936,trend_down,0.6981159566911366
2023-06-02 11:00:00,20.38054127,trend_down,0.635333649758702
2023-06-02 11:15:00,20.37353524,trend_down,0.6923523892331434
2023-06-02 11:30:00,20.40155936,trend_down,0.52948686991717
2023-06-02 13:15:00,20.42257745,trend_up,0.6159256428573411
2023-06-02 13:30:00,20.55569202,trend_up,0.5111506662096559
2023-06-02 13:45:00,20.64677041,breakout_up,0.6912064237602242
2023-06-02 14:00:00,20.63275835,trend_up,0.8938647944710887
2023-06-02 14:15:00,20.63976438,trend_up,0.9025533180197977
2023-06-02 14:30:00,20.5977282,trend_up,0.967029182099857
2023-06-02 14:45:00,20.60473423,trend_up,0.8895342149017359
2023-06-02 15:00:00,20.60473423,trend_up,0.9182273385573261
2023-06-05 09:45:00,20.60473423,trend_up,0.5387730654631989
2023-06-05 10:00:00,20.69581262,trend_up,0.967029182099857
2023-06-05 10:15:00,20.68180056,trend_up,0.967029182099857
2023-06-05 10:30:00,20.63275835,trend_up,0.967029182099857
2023-06-05 10:45:00,20.60473423,trend_up,0.9661863672976857
2023-06-05 11:00:00,20.5977282,trend_up,0.9162450753751263
2023-06-05 11:15:00,20.59072217,trend_up,0.9735686106763175
2023-06-05 11:30:00,20.54868599,trend_down,0.6491959135829651
2023-06-05 13:15:00,20.56970408,trend_down,0.6491959135829651
2023-06-05 13:30:00,20.53467393,trend_up,0.6491959135829651
2023-06-05 13:45:00,20.5276679,trend_down,0.6073029387372603
2023-06-05 14:00:00,20.57671011,trend_up,0.5824918233590364
2023-06-05 14:15:00,20.62575232,trend_up,0.8375576247161503
2023-06-05 14:30:00,20.62575232,trend_up,0.5182498481931086
2023-06-05 14:45:00,20.60473423,range,0.5882663822619455
2023-06-05 15:00:00,20.56970408,range,0.7829051940719706
2023-06-06 09:45:00,20.35251715,breakout_down,0.6858939144738117
2023-06-06 10:00:00,20.28245685,trend_down,0.3662726021615483
2023-06-06 10:15:00,20.33149906,trend_down,0.7249164009497114
2023-06-06 10:30:00,20.31048097,trend_down,0.9569306208080132
2023-06-06 10:45:00,20.28245685,trend_down,0.9738222142033667
2023-06-06 11:00:00,20.27545082,trend_down,0.9742323281814625
2023-06-06 11:15:00,20.17036037,trend_down,0.8003153026697971
2023-06-06 11:30:00,20.24042067,trend_down,0.5379563267041679
2023-06-06 13:15:00,20.1773664,trend_down,0.967849029882141
2023-06-06 13:30:00,20.07227595,trend_down,0.8219355018305541
2023-06-06 13:45:00,20.04425183,trend_down,0.4850766622556711
2023-06-06 14:00:00,19.99520962,trend_down,0.4850766622556711
2023-06-06 14:15:00,19.99520962,trend_down,0.5293985367695945
2023-06-06 14:30:00,19.95317344,trend_down,0.938106489634533
2023-06-06 14:45:00,19.9671855,trend_down,0.9742323281814625
2023-06-06 15:00:00,19.9671855,trend_down,0.9230955164120815
2023-06-07 09:45:00,20.05826389,trend_down,0.9742323281814625
2023-06-07 10:00:00,20.10030007,trend_down,0.8934098402710774
2023-06-07 10:15:00,19.98820359,trend_down,0.968840342841616
2023-06-07 10:30:00,20.05826389,trend_down,0.9653094962875512
2023-06-07 10:45:00,20.1073061,trend_down,0.9653094962875512
2023-06-07 11:00:00,20.12131816,trend_down,0.8983132835346506
2023-06-07 11:15:00,20.02323374,trend_down,0.9735686106763175
2023-06-07 11:30:00,20.08628801,trend_down,0.8983132835346506
2023-06-07 13:15:00,20.1073061,trend_down,0.9423709533776204
2023-06-07 13:30:00,20.21940258,trend_up,0.8156601237330515
2023-06-07 13:45:00,20.17036037,range,0.4463221082749991
2023-06-07 14:00:00,20.14934228,range,0.455445798709778
2023-06-07 14:15:00,20.12832419,range,0.700716910698857
2023-06-07 14:30:00,20.07227595,trend_down,0.8992337021191241
2023-06-07 14:45:00,20.09329404,range,0.4998880512009192
2023-06-07 15:00:00,20.12131816,range,0.8766633165993692
2023-06-08 09:45:00,20.15634831,range,0.8071915136673933
2023-06-08 10:00:00,20.12131816,range,0.8891015305300419
2023-06-08 10:15:00,20.07928198,range,0.6412288529727601
2023-06-08 10:30:00,20.07227595,range,0.5089692480864719
2023-06-08 10:45:00,20.0372458,range,0.5216441438981175
2023-06-08 11:00:00,19.98820359,trend_down,0.7035906648144485
2023-06-08 11:15:00,20.07227595,range,0.5260256456459346
2023-06-08 11:30:00,20.09329404,range,0.8198878479752015
2023-06-08 13:15:00,20.08628801,range,0.783641678197764
2023-06-08 13:30:00,20.22640861,range,0.5231965102933448
2023-06-08 13:45:00,20.18437243,trend_up,0.5353617316108232
2023-06-08 14:00:00,20.17036037,range,0.8851589731971736
2023-06-08 14:15:00,20.12832419,range,0.7913419492900049
2023-06-08 14:30:00,20.19838449,trend_up,0.6357521792152717
2023-06-08 14:45:00,20.21239655,range,0.49367613118705433
2023-06-08 15:00:00,20.26844479,trend_up,0.6298022530081752
2023-06-09 09:45:00,20.65377644,breakout_up,0.4340699153465984
2023-06-09 10:00:00,20.7378488,trend_up,0.4450736263702546
2023-06-09 10:15:00,20.85695131,trend_up,0.48210764873326295
2023-06-09 10:30:00,20.77287895,trend_up,0.938106489634533
2023-06-09 10:45:00,20.70281865,trend_up,0.9742323281814625
2023-06-09 11:00:00,20.72383674,trend_up,0.9742323281814625
2023-06-09 11:15:00,20.72383674,trend_up,0.9742323281814625
2023-06-09 11:30:00,20.68180056,trend_up,0.9696978493388541
2023-06-09 13:15:00,20.81491513,trend_up,0.5278023342409506
2023-06-09 13:30:00,20.80090307,trend_up,0.8958711337427966
2023-06-09 13:45:00,20.90599352,trend_up,0.5275383222724065
2023-06-09 14:00:00,20.97605382,trend_up,0.5293985367695945
2023-06-09 14:15:00,20.90599352,trend_up,0.9182273385573261
2023-06-09 14:30:00,20.88497543,trend_up,0.8895342149017359
2023-06-09 14:45:00,20.87096337,trend_up,0.88625147446568
2023-06-09 15:00:00,20.82192116,trend_up,0.8835923464260621
2023-06-12 09:45:00,20.86395734,trend_up,0.9365728327825781
2023-06-12 10:00:00,20.89198146,trend_up,0.9652070575927774
2023-06-12 10:15:00,21.04611412,trend_up,0.5204666016945536
2023-06-12 10:30:00,21.24928899,trend_up,0.6372585403282438
2023-06-12 10:45:00,21.35437944,trend_up,0.493864875391554
2023-06-12 11:00:00,21.20725281,trend_up,0.9742323281814625
2023-06-12 11:15:00,21.26330105,trend_up,0.9206961464705191
2023-06-12 11:30:00,21.26330105,trend_up,0.9206961464705191
2023-06-12 13:15:00,21.17222266,trend_up,0.9679511336517824
2023-06-12 13:30:00,21.13719251,trend_up,0.9187684356464907
2023-06-12 13:45:00,21.20725281,trend_up,0.9735686106763175
2023-06-12 14:00:00,21.25629502,trend_up,0.9742323281814625
2023-06-12 14:15:00,21.24228296,trend_up,0.9187684356464907
2023-06-12 14:30:00,21.22126487,trend_up,0.9187684356464907
2023-06-12 14:45:00,21.19324075,trend_up,0.9187684356464907
2023-06-12 15:00:00,21.2282709,trend_up,0.9306137682501783
2023-06-13 09:45:00,21.3683915,trend_up,0.7924102885147255
2023-06-13 10:00:00,21.24228296,trend_up,0.9421127839593577
2023-06-13 10:15:00,21.27731311,trend_up,0.9421127839593577
2023-06-13 10:30:00,21.36138547,trend_up,0.9212211388208612
2023-06-13 10:45:00,21.48048798,trend_up,0.9230955164120815
2023-06-13 11:00:00,21.5085121,trend_up,0.6239732067075859
2023-06-13 11:15:00,21.45946989,trend_up,0.7769491061590438
2023-06-13 11:30:00,21.43144577,trend_up,0.8244156377849533
2023-06-13 13:15:00,21.38940959,trend_up,0.8244156377849533
2023-06-13 13:30:00,21.34737341,trend_up,0.7747671801672509
2023-06-13 13:45:00,21.34036738,trend_up,0.7694034557279344
2023-06-13 14:00:00,21.34036738,trend_up,0.7694034557279344
2023-06-13 14:15:00,21.32635532,trend_up,0.7694034557279344
2023-06-13 14:30:00,21.31934929,trend_up,0.7694034557279344
2023-06-13 14:45:00,21.33336135,trend_up,0.7694034557279344
2023-06-13 15:00:00,21.34036738,trend_up,0.7694034557279344
2023-06-14 09:45:00,21.38240356,trend_up,0.9421127839593577
2023-06-14 10:00:00,21.36138547,trend_up,0.7674418169778482
2023-06-14 10:15:00,21.2282709,trend_up,0.532727735048976
2023-06-14 10:30:00,21.28431914,trend_up,0.532727735048976
2023-06-14 10:45:00,21.28431914,trend_up,0.5963623155074708
2023-06-14 11:00:00,21.2983312,range,0.6767270180912871
2023-06-14 11:15:00,21.25629502,trend_down,0.5297699603102178
2023-06-14 11:30:00,21.3683915,trend_up,0.8452061671728198
2023-06-14 13:15:00,21.34036738,trend_up,0.8452061671728198
2023-06-14 13:30:00,21.18623472,trend_up,0.4023418816377386
2023-06-14 13:45:00,21.24928899,trend_down,0.5255368726491012
2023-06-14 14:00:00,21.23527693,range,0.6813037943603433
2023-06-14 14:15:00,21.22126487,range,0.6813037943603433
2023-06-14 14:30:00,21.21425884,range,0.5016324948275044
2023-06-14 14:45:00,21.25629502,range,0.6125631315948684
2023-06-14 15:00:00,21.26330105,range,0.5851334218962132
2023-06-15 09:45:00,21.68366285,trend_up,0.5231143172792492
2023-06-15 10:00:00,22.26516334,breakout_up,0.4482922937390147
2023-06-15 10:15:00,21.9288739,trend_up,0.7698894863212941
2023-06-15 10:30:00,21.7887533,trend_up,0.936572832782578
2023-06-15 10:45:00,22.01294626,trend_up,0.9679556215260039
2023-06-15 11:00:00,22.04097038,trend_up,0.9679556215260039
2023-06-15 11:15:00,21.9989342,trend_up,0.9174585307035468
2023-06-15 11:30:00,21.99192817,trend_up,0.9230955164120815
2023-06-15 13:15:00,22.06198847,trend_up,0.9742323281814625
2023-06-15 13:30:00,22.06198847,trend_up,0.9230955164120815
2023-06-15 13:45:00,22.03396435,trend_up,0.9742323281814625
2023-06-15 14:00:00,21.9989342,trend_up,0.9742323281814625
2023-06-15 14:15:00,21.99192817,trend_up,0.9230955164120815
2023-06-15 14:30:00,21.91486184,trend_up,0.9653094962875512
2023-06-15 14:45:00,21.97791611,trend_up,0.9735686106763175
2023-06-15 15:00:00,21.98492214,trend_up,0.8927407182097999
2023-06-16 09:45:00,21.7887533,trend_up,0.7939991758485883
2023-06-16 10:00:00,21.87282566,trend_down,0.8976590831882497
2023-06-16 10:15:00,21.90785581,trend_up,0.7939991758485883
2023-06-16 10:30:00,21.86581963,trend_up,0.7939991758485883
2023-06-16 10:45:00,21.75372315,trend_down,0.8993481562721959
2023-06-16 11:00:00,21.73270506,range,0.7428245249135514
2023-06-16 11:15:00,21.76072918,trend_down,0.6073029387372603
2023-06-16 11:30:00,21.75372315,range,0.41902774149197514
2023-06-16 13:15:00,21.76072918,trend_down,0.824442379215678
2023-06-16 13:30:00,21.73971109,trend_down,0.8205066479738508
2023-06-16 13:45:00,21.7887533,trend_down,0.8205066479738508
2023-06-16 14:00:00,21.76773521,trend_down,0.5356352519973492
2023-06-16 14:15:00,21.73971109,trend_down,0.5356352519973492
2023-06-16 14:30:00,21.78174727,trend_down,0.5356352519973492
2023-06-16 14:45:00,21.88683772,reversal,0.45101763990060156
2023-06-16 15:00:00,21.79575933,range,0.6854685381004607
2023-06-19 09:45:00,21.77474124,range,0.596740290616225
2023-06-19 10:00:00,21.64162667,range,0.7372292887434525
2023-06-19 10:15:00,21.73971109,range,0.7314945313294168
2023-06-19 10:30:00,21.76773521,range,0.6252796426427076
2023-06-19 10:45:00,21.69066888,range,0.6252796426427076
2023-06-19 11:00:00,21.6486327,range,0.6655101684469562
2023-06-19 11:15:00,21.60659652,range,0.5498283070984177
2023-06-19 11:30:00,21.61360255,trend_down,0.5278680495371891
2023-06-19 13:15:00,21.66965079,trend_down,0.6163344414591359
2023-06-19 13:30:00,21.6486327,range,0.5716610789165397
2023-06-19 13:45:00,21.6486327,range,0.5751730443407856
2023-06-19 14:00:00,21.62761461,range,0.5785881912725127
2023-06-19 14:15:00,21.66264476,range,0.5785881912725127
2023-06-19 14:30:00,21.59959049,trend_down,0.5972235963934063
2023-06-19 14:45:00,21.54354225,trend_down,0.46574446579591067
2023-06-19 15:00:00,21.52953019,trend_down,0.40923708795339603
2023-06-20 09:45:00,21.54354225,breakout_down,0.4659925409912412
2023-06-20 10:00:00,21.64162667,trend_down,0.7854902754014125
2023-06-20 10:15:00,21.60659652,trend_down,0.7854902754014125
2023-06-20 10:30:00,21.5785724,range,0.6252796426427077
2023-06-20 10:45:00,21.55755431,range,0.535524567644386
2023-06-20 11:00:00,21.55054828,range,0.535524567644386
2023-06-20 11:15:00,21.55755431,range,0.5161775592550719
2023-06-20 11:30:00,21.58557843,range,0.7826346264475539
2023-06-20 13:15:00,21.6486327,range,0.6720283126002974
2023-06-20 13:30:00,21.5785724,range,0.6767270180912871
2023-06-20 13:45:00,21.62060858,range,0.7669299850682175
2023-06-20 14:00:00,21.58557843,range,0.8060877553041752
2023-06-20 14:15:00,21.64162667,range,0.5231965102933448
2023-06-20 14:30:00,21.65563873,range,0.6871992918809858
2023-06-20 14:45:00,21.65563873,trend_up,0.4757105801597081
2023-06-20 15:00:00,21.61360255,trend_up,0.7010959321612099
2023-06-21 09:45:00,21.62060858,trend_up,0.7062777258486425
2023-06-21 10:00:00,21.62761461,trend_up,0.6519587470986764
2023-06-21 10:15:00,21.62060858,range,0.49367613118705433
2023-06-21 10:30:00,21.63462064,trend_up,0.7126098734898108
2023-06-21 10:45:00,21.73971109,trend_up,0.7131320036987935
2023-06-21 11:00:00,21.65563873,trend_up,0.7611910281167401
2023-06-21 11:15:00,21.66965079,trend_up,0.5867797800326506
2023-06-21 11:30:00,21.65563873,trend_up,0.7659054292288926
2023-06-21 13:15:00,21.68366285,trend_up,0.7769491061590438
2023-06-21 13:30:00,21.70468094,trend_up,0.7119460028759711
2023-06-21 13:45:00,21.93587993,trend_up,0.504032890722713
2023-06-21 14:00:00,21.91486184,trend_up,0.9569306208080132
2023-06-21 14:15:00,21.94288596,trend_up,0.9569306208080132
2023-06-21 14:30:00,21.9288739,trend_up,0.8612978915360555
2023-06-21 14:45:00,21.76773521,trend_up,0.9365728327825781
2023-06-21 15:00:00,21.77474124,trend_up,0.9365728327825781
2023-06-26 09:45:00,21.74671712,trend_up,0.8204744981771703
2023-06-26 10:00:00,21.53653622,reversal,0.51737757908519
2023-06-26 10:15:00,21.65563873,reversal,0.5168815124439217
2023-06-26 10:30:00,21.48048798,trend_up,0.7499255974716508
2023-06-26 10:45:00,21.38940959,trend_down,0.9217742799779272
2023-06-26 11:00:00,21.44545783,trend_down,0.9567949741861582
2023-06-26 11:15:00,21.56456034,trend_down,0.9526892231117793
2023-06-26 11:30:00,21.5785724,trend_down,0.941721651888603
2023-06-26 13:15:00,21.45946989,trend_down,0.9735686106763175
2023-06-26 13:30:00,21.46647592,trend_down,0.9254264981159408
2023-06-26 13:45:00,21.3683915,trend_down,0.9741497011086431
2023-06-26 14:00:00,21.33336135,trend_down,0.8716528032338109
2023-06-26 14:15:00,21.37539753,trend_down,0.9251993854483096
2023-06-26 14:30:00,21.40342165,trend_down,0.9212211388208612
2023-06-26 14:45:00,21.34036738,trend_down,0.6241905761261055
2023-06-26 15:00:00,21.34737341,trend_down,0.6986521260384155
2023-06-27 09:45:00,21.69767491,trend_up,0.36703013471967044
2023-06-27 10:00:00,21.6486327,trend_up,0.5255368726491012
2023-06-27 10:15:00,21.59959049,trend_up,0.7970122181324113
2023-06-27 10:30:00,21.59959049,trend_up,0.7970122181324113
2023-06-27 10:45:00,21.55054828,trend_up,0.8414240059105436
2023-06-27 11:00:00,21.63462064,trend_up,0.9015062663814333
2023-06-27 11:15:00,21.67665682,trend_up,0.9255028683958013
2023-06-27 11:30:00,21.76072918,trend_up,0.8021008690794457
2023-06-27 13:15:00,21.79575933,trend_up,0.8450497981990024
2023-06-27 13:30:00,21.7887533,trend_up,0.8927407182097999
2023-06-27 13:45:00,22.2091151,trend_up,0.5293985367695945
2023-06-27 14:00:00,22.21612113,trend_up,0.9742323281814625
2023-06-27 14:15:00,22.21612113,trend_up,0.9206961464705191
2023-06-27 14:30:00,22.2091151,trend_up,0.9075479579203247
2023-06-27 14:45:00,22.24414525,trend_up,0.9230955164120815
2023-06-27 15:00:00,22.30719952,trend_up,0.8652316665699846
2023-06-28 09:45:00,22.34222967,trend_up,0.938106489634533
2023-06-28 10:00:00,22.30719952,trend_up,0.6372585403282438
2023-06-28 10:15:00,22.22312716,trend_up,0.9742323281814625
2023-06-28 10:30:00,22.19510304,trend_up,0.9742323281814625
2023-06-28 10:45:00,22.36324776,trend_up,0.9742323281814625
2023-06-28 11:00:00,22.33522364,trend_up,0.8958711337427966
2023-06-28 11:15:00,22.28618143,trend_up,0.9230955164120815
2023-06-28 11:30:00,22.30019349,trend_up,0.9230955164120815
2023-06-28 13:15:00,22.29318746,trend_up,0.9735686106763175
2023-06-28 13:30:00,22.31420555,trend_up,0.9212211388208612
2023-06-28 13:45:00,22.34222967,trend_up,0.9187684356464907
2023-06-28 14:00:00,22.36324776,trend_up,0.9206961464705191
2023-06-28 14:15:00,22.32821761,trend_up,0.9187684356464907
2023-06-28 14:30:00,22.37025379,trend_up,0.7075252337545701
2023-06-28 14:45:00,22.3492357,trend_up,0.7128994785324759
2023-06-28 15:00:00,22.33522364,trend_up,0.7075252337545701
2023-06-29 09:45:00,22.16007289,trend_down,0.7040978686100972
2023-06-29 10:00:00,22.03396435,trend_down,0.8037830379511186
2023-06-29 10:15:00,22.05498244,trend_down,0.9292426117971776
2023-06-29 10:30:00,22.06198847,trend_down,0.9096603708933312
2023-06-29 10:45:00,22.08300656,trend_down,0.9526892231117793
2023-06-29 11:00:00,22.09001259,trend_down,0.9096603708933312
2023-06-29 11:15:00,22.10402465,trend_down,0.7604757499852173
2023-06-29 11:30:00,22.11803671,trend_down,0.808111438353901
2023-06-29 13:15:00,22.06198847,trend_down,0.9096603708933312
2023-06-29 13:30:00,22.05498244,trend_down,0.808111438353901
2023-06-29 13:45:00,21.97791611,trend_down,0.5182498481931086
2023-06-29 14:00:00,21.98492214,trend_down,0.6359685894540297
2023-06-29 14:15:00,21.96390405,trend_down,0.6365404650970404
2023-06-29 14:30:00,21.9288739,trend_down,0.6359685894540297
2023-06-29 14:45:00,21.92186787,range,0.5067820346763223
2023-06-29 15:00:00,21.94989199,trend_down,0.7604757499852173
2023-06-30 09:45:00,21.93587993,trend_down,0.8951462918331922
2023-06-30 10:00:00,22.07600053,reversal,0.6191690191516286
2023-06-30 10:15:00,22.05498244,trend_down,0.6073029387372603
2023-06-30 10:30:00,22.03396435,range,0.5455324485346053
2023-06-30 10:45:00,22.06198847,trend_up,0.5111506662096559
2023-06-30 11:00:00,22.07600053,range,0.5067820346763223
2023-06-30 11:15:00,22.02695832,range,0.6356567985997432
2023-06-30 11:30:00,22.09701862,trend_up,0.5824918233590364
2023-06-30 13:15:00,21.97791611,range,0.4770973187220885
2023-06-30 13:30:00,22.02695832,range,0.5799617300945734
2023-06-30 13:45:00,22.02695832,range,0.7738946113840957
2023-06-30 14:00:00,22.04097038,range,0.7874824008533569
2023-06-30 14:15:00,22.0689945,range,0.7874824008533569
2023-06-30 14:30:00,22.01294626,range,0.8076301088394207
2023-06-30 14:45:00,22.01995229,range,0.71002903138491
2023-06-30 15:00:00,22.04097038,range,0.8105769839318411
2023-07-03 09:45:00,22.32121158,trend_up,0.4343949729128341
2023-07-03 10:00:00,22.14606083,trend_up,0.8992337021191241
2023-07-03 10:15:00,21.99192817,trend_up,0.7071502087268331
2023-07-03 10:30:00,21.90785581,trend_down,0.7071502087268331
2023-07-03 10:45:00,21.79575933,trend_down,0.5008115425279924
2023-07-03 11:00:00,21.87983169,trend_down,0.5034235427905931
2023-07-03 11:15:00,21.84480154,trend_down,0.8107846739053404
2023-07-03 11:30:00,21.93587993,trend_down,0.8993951529109669
2023-07-03 13:15:00,21.95689802,trend_down,0.598919878173491
2023-07-03 13:30:00,21.89384375,trend_down,0.749138364960829
2023-07-03 13:45:00,21.95689802,trend_down,0.5354630728391402
2023-07-03 14:00:00,21.94288596,trend_down,0.6974420134051905
2023-07-03 14:15:00,22.05498244,range,0.5662926162526309
2023-07-03 14:30:00,21.87282566,trend_down,0.5845824471871091
2023-07-03 14:45:00,21.80276536,trend_down,0.6412619597296555
2023-07-03 15:00:00,21.77474124,trend_down,0.6561309341238102
2023-07-04 09:45:00,21.83779551,breakout_down,0.5235952591522204
2023-07-04 10:00:00,21.98492214,range,0.6130512033176081
2023-07-04 10:15:00,22.10402465,trend_up,0.7707603053954855
2023-07-04 10:30:00,22.11103068,trend_up,0.7707603053954855
2023-07-04 10:45:00,22.26516334,trend_up,0.7989473837209382
2023-07-04 11:00:00,22.34222967,trend_up,0.7900940611261001
2023-07-04 11:15:00,22.47534424,trend_up,0.8605563331909072
2023-07-04 11:30:00,22.38426585,trend_up,0.7124680888866436
2023-07-04 13:15:00,22.419296,trend_up,0.8934098402710774
2023-07-04 13:30:00,22.35624173,trend_up,0.7124680888866436
2023-07-04 13:45:00,22.32821761,trend_up,0.6646317013055155
2023-07-04 14:00:00,22.2091151,trend_up,0.8596638413505254
2023-07-04 14:15:00,22.25815731,trend_up,0.6518016609119309
2023-07-04 14:30:00,22.25815731,trend_up,0.6518016609119309
2023-07-04 14:45:00,22.26516334,trend_up,0.7124680888866436
2023-07-04 15:00:00,22.24414525,range,0.649697269389171
2023-07-05 09:45:00,22.06198847,range,0.5367232051589758
2023-07-05 10:00:00,22.01995229,range,0.5367232051589758
2023-07-05 10:15:00,21.98492214,range,0.6299592696573502
2023-07-05 10:30:00,21.97791611,range,0.6299592696573502
2023-07-05 10:45:00,22.00594023,trend_down,0.6359685894540297
2023-07-05 11:00:00,21.90084978,trend_down,0.7656634859672273
2023-07-05 11:15:00,21.91486184,trend_down,0.8123414493055849
2023-07-05 11:30:00,21.89384375,trend_down,0.8123414493055849
2023-07-05 13:15:00,21.85180757,trend_down,0.9719927446022949
2023-07-05 13:30:00,21.95689802,trend_down,0.9687409804976631
2023-07-05 13:45:00,21.98492214,trend_down,0.9448570951446239
2023-07-05 14:00:00,21.99192817,trend_down,0.8447160309961037
2023-07-05 14:15:00,21.96390405,trend_down,0.8829512133984158
2023-07-05 14:30:00,21.99192817,trend_down,0.9448570951446239
2023-07-05 14:45:00,21.98492214,trend_down,0.9448570951446239
2023-07-05 15:00:00,21.98492214,trend_down,0.8402943511389828
2023-07-06 09:45:00,21.8588136,trend_down,0.9671310851438669
2023-07-06 10:00:00,21.88683772,trend_down,0.9496354774399214
2023-07-06 10:15:00,21.94288596,trend_down,0.8304383934931796
2023-07-06 10:30:00,21.95689802,trend_down,0.63984502046001
2023-07-06 10:45:00,21.87282566,trend_down,0.8572684278457645
2023-07-06 11:00:00,21.84480154,trend_down,0.861151193853239
2023-07-06 11:15:00,21.79575933,trend_down,0.7131320036987935
2023-07-06 11:30:00,21.80977139,trend_down,0.7179279360267924
2023-07-06 13:15:00,21.76072918,trend_down,0.8307425162253219
2023-07-06 13:30:00,21.68366285,trend_down,0.6349470762771683
2023-07-06 13:45:00,21.6486327,trend_down,0.6512932984250939
2023-07-06 14:00:00,21.718693,trend_down,0.6516806989816127
2023-07-06 14:15:00,21.73971109,trend_down,0.968840342841616
2023-07-06 14:30:00,21.76072918,trend_down,0.8958711337427966
2023-07-06 14:45:00,21.83779551,trend_down,0.7970122181324113
2023-07-06 15:00:00,21.77474124,trend_down,0.9355279931890701
2023-07-07 09:45:00,21.69066888,trend_down,0.9355279931890701
2023-07-07 10:00:00,21.66965079,trend_down,0.8808754331114961
2023-07-07 10:15:00,21.84480154,trend_down,0.5442715107740077
2023-07-07 10:30:00,21.88683772,trend_up,0.9199885464447993
2023-07-07 10:45:00,21.80977139,trend_up,0.6073029387372603
2023-07-07 11:00:00,21.94288596,trend_up,0.5492969148346772
2023-07-07 11:15:00,21.89384375,trend_up,0.605021008808193
2023-07-07 11:30:00,22.04797641,trend_up,0.8013708067860853
2023-07-07 13:15:00,22.09701862,breakout_up,0.5829860898991576
2023-07-07 13:30:00,22.12504274,trend_up,0.8606345623090061
2023-07-07 13:45:00,22.17408495,trend_up,0.5345238370200474
2023-07-07 14:00:00,22.0689945,trend_up,0.9558414499823895
2023-07-07 14:15:00,22.11803671,trend_up,0.9742323281814625
2023-07-07 14:30:00,22.1390548,trend_up,0.9360297430545271
2023-07-07 14:45:00,22.11803671,trend_up,0.8927688997878027
2023-07-07 15:00:00,22.11803671,trend_up,0.938106489634533
2023-07-10 09:45:00,22.30719952,trend_up,0.493864875391554
2023-07-10 10:00:00,22.32121158,trend_up,0.9742323281814625
2023-07-10 10:15:00,22.34222967,trend_up,0.9742323281814625
2023-07-10 10:30:00,22.2091151,trend_up,0.9742323281814625
2023-07-10 10:45:00,22.25115128,trend_up,0.9705246689210671
2023-07-10 11:00:00,22.27216937,trend_up,0.927690188616068
2023-07-10 11:15:00,22.17408495,trend_up,0.9735686106763175
2023-07-10 11:30:00,22.22312716,trend_up,0.9742323281814625
2023-07-10 13:15:00,22.2791754,trend_up,0.9742323281814625
2023-07-10 13:30:00,22.31420555,trend_up,0.9254264981159408
2023-07-10 13:45:00,22.32121158,trend_up,0.9075479579203247
2023-07-10 14:00:00,22.32121158,trend_up,0.9230955164120815
2023-07-10 14:15:00,22.32121158,trend_up,0.9230955164120815
2023-07-10 14:30:00,22.31420555,trend_up,0.9212211388208612
2023-07-10 14:45:00,22.22312716,trend_up,0.9247839297203075
2023-07-10 15:00:00,22.23013319,trend_up,0.5177646269349031
2023-07-11 09:45:00,23.13391106,trend_up,0.4450736263702546
2023-07-11 10:00:00,23.07786282,trend_up,0.7991902473970328
2023-07-11 10:15:00,23.04283267,trend_up,0.48210764873326295
2023-07-11 10:30:00,23.35109799,trend_up,0.6969627102459218
2023-07-11 10:45:00,23.28103769,trend_up,0.9074700472430703
2023-07-11 11:00:00,23.17594724,trend_up,0.9679556215260039
2023-07-11 11:15:00,23.10588694,trend_up,0.9742323281814625
2023-07-11 11:30:00,22.98678443,trend_up,0.9742323281814625
2023-07-11 13:15:00,23.00780252,trend_up,0.966073424863376
2023-07-11 13:30:00,22.87468795,trend_up,0.9735686106763175
2023-07-11 13:45:00,22.95876031,trend_up,0.9136500667948829
2023-07-11 14:00:00,22.91672413,trend_up,0.8888063780690166
2023-07-11 14:15:00,22.97277237,trend_up,0.9136500667948829
2023-07-11 14:30:00,23.14091709,trend_up,0.9742323281814625
2023-07-11 14:45:00,23.08486885,trend_up,0.9136500667948829
2023-07-11 15:00:00,23.06385076,trend_up,0.9136500667948829
2023-07-12 09:45:00,23.56828492,trend_up,0.5269800926302725
2023-07-12 10:00:00,23.35109799,trend_up,0.966073424863376
2023-07-12 10:15:00,23.38612814,trend_up,0.966073424863376
2023-07-12 10:30:00,23.23900151,trend_up,0.966073424863376
2023-07-12 10:45:00,23.38612814,trend_up,0.9156880955987667
2023-07-12 11:00:00,23.31606784,trend_up,0.8835923464260621
2023-07-12 11:15:00,23.28804372,trend_up,0.9136500667948829
2023-07-12 11:30:00,23.24600754,trend_up,0.7530322317007375
2023-07-12 13:15:00,23.28103769,trend_up,0.8014343705471025
2023-07-12 13:30:00,23.16193518,trend_up,0.9176443744606801
2023-07-12 13:45:00,23.11289297,range,0.5076080356158018
2023-07-12 14:00:00,23.11289297,range,0.5076080356158018
2023-07-12 14:15:00,23.13391106,range,0.5076080356158018
2023-07-12 14:30:00,23.10588694,range,0.5076080356158018
2023-07-12 14:45:00,23.00780252,trend_down,0.9096603708933312
2023-07-12 15:00:00,23.02181458,trend_down,0.8037830379511186
2023-07-13 09:45:00,22.8396578,trend_down,0.8404355430791532
2023-07-13 10:00:00,22.54540454,trend_down,0.8128570770732816
2023-07-13 10:15:00,22.39127188,trend_down,0.8499605516562848
2023-07-13 10:30:00,22.38426585,trend_down,0.8890574646649858
2023-07-13 10:45:00,22.25115128,trend_down,0.8499605516562848
2023-07-13 11:00:00,22.19510304,trend_down,0.9131755176070061
2023-07-13 11:15:00,22.22312716,trend_down,0.9005271499839334
2023-07-13 11:30:00,22.11803671,trend_down,0.8259883218862178
2023-07-13 13:15:00,22.2791754,trend_down,0.967849029882141
2023-07-13 13:30:00,22.35624173,trend_down,0.967849029882141
2023-07-13 13:45:00,22.32121158,trend_down,0.8924256327184921
2023-07-13 14:00:00,22.37725982,trend_down,0.9741497011086431
2023-07-13 14:15:00,22.35624173,trend_down,0.9741497011086431
2023-07-13 14:30:00,22.3492357,trend_down,0.9204558658492991
2023-07-13 14:45:00,22.38426585,trend_down,0.8402943511389828
2023-07-13 15:00:00,22.36324776,trend_down,0.9716442844366692
2023-07-14 09:45:00,22.3492357,trend_down,0.9258004773213111
2023-07-14 10:00:00,22.18809701,trend_down,0.9647550446694093
2023-07-14 10:15:00,22.17408495,trend_down,0.8902144987503774
2023-07-14 10:30:00,22.16007289,trend_down,0.8927407182097999
2023-07-14 10:45:00,22.23713922,trend_down,0.8448042037801068
2023-07-14 11:00:00,22.25115128,trend_down,0.6483396415591989
2023-07-14 11:15:00,22.31420555,trend_down,0.5354630728391402
2023-07-14 11:30:00,22.26516334,trend_down,0.5693664605098077
2023-07-14 13:15:00,22.20210907,trend_down,0.749138364960829
2023-07-14 13:30:00,22.17408495,trend_down,0.5869865257032929
2023-07-14 13:45:00,22.18109098,trend_down,0.5838886751055224
2023-07-14 14:00:00,22.17408495,trend_down,0.5808672690341824
2023-07-14 14:15:00,22.14606083,trend_down,0.7026083875862044
2023-07-14 14:30:00,22.17408495,trend_down,0.6872932051106249
2023-07-14 14:45:00,22.15306686,trend_down,0.6872932051106249
2023-07-14 15:00:00,22.15306686,trend_down,0.6872932051106249
2023-07-17 09:45:00,21.91486184,trend_down,0.923583436893831
2023-07-17 10:00:00,22.05498244,trend_down,0.9661863672976857
2023-07-17 10:15:00,22.26516334,trend_up,0.5414110904703863
2023-07-17 10:30:00,22.20210907,trend_up,0.790893365222354
2023-07-17 10:45:00,22.09001259,trend_down,0.7040978686100972
2023-07-17 11:00:00,22.09701862,trend_down,0.635333649758702
2023-07-17 11:15:00,22.1390548,range,0.685759807008504
2023-07-17 11:30:00,22.04797641,trend_down,0.9558414499823895
2023-07-17 13:15:00,22.06198847,trend_down,0.9735686106763175
2023-07-17 13:30:00,22.01995229,trend_down,0.9735686106763175
2023-07-17 13:45:00,21.91486184,trend_down,0.9238106434553279
2023-07-17 14:00:00,21.97791611,trend_down,0.9417516507203924
2023-07-17 14:15:00,21.9989342,trend_down,0.9417516507203924
2023-07-17 14:30:00,21.99192817,trend_down,0.8107846739053404
2023-07-17 14:45:00,21.99192817,trend_down,0.9187684356464907
2023-07-17 15:00:00,21.98492214,trend_down,0.739591233692864
2023-07-18 09:45:00,22.00594023,trend_down,0.7924102885147255
2023-07-18 10:00:00,22.10402465,trend_down,0.5529036999713479
2023-07-18 10:15:00,22.20210907,trend_up,0.8156601237330515
2023-07-18 10:30:00,22.2791754,trend_up,0.9096603708933312
2023-07-18 10:45:00,22.21612113,trend_up,0.9096603708933312
2023-07-18 11:00:00,22.21612113,trend_up,0.8812855876076623
2023-07-18 11:15:00,22.18809701,trend_up,0.8489039039438464
2023-07-18 11:30:00,22.17408495,trend_up,0.8812855876076623
2023-07-18 13:15:00,22.57342866,breakout_up,0.4557564543281618
2023-07-18 13:30:00,22.51738042,trend_up,0.8128570770732816
2023-07-18 13:45:00,22.65750102,trend_up,0.4794525638545215
2023-07-18 14:00:00,22.49636233,trend_up,0.5032113581315474
2023-07-18 14:15:00,22.51037439,trend_up,0.9558414499823895
2023-07-18 14:30:00,22.45432615,trend_up,0.927690188616068
2023-07-18 14:45:00,22.45432615,trend_up,0.9019048519618212
2023-07-18 15:00:00,22.46833821,trend_up,0.8989257226588602
2023-07-19 09:45:00,22.73456735,trend_up,0.5280567246047543
2023-07-19 10:00:00,22.91672413,trend_up,0.4839498821261851
2023-07-19 10:15:00,22.85366986,trend_up,0.8612978915360555
2023-07-19 10:30:00,22.65750102,trend_up,0.9569306208080132
2023-07-19 10:45:00,22.8396578,trend_up,0.8264601616968841
2023-07-19 11:00:00,22.74157338,trend_up,0.9742323281814625
2023-07-19 11:15:00,22.78360956,trend_up,0.9696978493388541
2023-07-19 11:30:00,22.72055529,trend_up,0.9742323281814625
2023-07-19 13:15:00,22.72055529,trend_up,0.9742323281814625
2023-07-19 13:30:00,22.6995372,trend_up,0.8983132835346506
2023-07-19 13:45:00,22.65750102,trend_up,0.8983132835346506
2023-07-19 14:00:00,22.73456735,trend_up,0.9212211388208612
2023-07-19 14:15:00,22.79762162,trend_up,0.8192822453641552
2023-07-19 14:30:00,22.86067589,trend_up,0.9272834127062634
2023-07-19 14:45:00,22.99379046,trend_up,0.5810083906086242
2023-07-19 15:00:00,22.95876031,trend_up,0.7671682660063865
2023-07-20 09:45:00,22.93073619,trend_up,0.47734043070350934
2023-07-20 10:00:00,22.93073619,trend_up,0.9435205639145571
2023-07-20 10:15:00,23.03582664,trend_up,0.9452333998711213
2023-07-20 10:30:00,22.92373016,trend_up,0.9452333998711213
2023-07-20 10:45:00,22.87468795,trend_up,0.7747671801672509
2023-07-20 11:00:00,22.90271207,trend_up,0.7723910181007572
2023-07-20 11:15:00,22.88169398,trend_up,0.7694034557279344
2023-07-20 11:30:00,22.86067589,trend_up,0.7694034557279344
2023-07-20 13:15:00,22.83265177,trend_up,0.922476408586515
2023-07-20 13:30:00,22.9097181,trend_up,0.9403025693492182
2023-07-20 13:45:00,22.72756132,trend_up,0.7123691467602389
2023-07-20 14:00:00,22.82564574,trend_up,0.7123691467602389
2023-07-20 14:15:00,22.73456735,trend_up,0.7123691467602389
2023-07-20 14:30:00,22.9797784,trend_up,0.5823844606452684
2023-07-20 14:45:00,22.95175428,trend_up,0.6268665679451039
2023-07-20 15:00:00,22.85366986,range,0.5662926162526309
2023-07-21 09:45:00,22.30719952,trend_down,0.7249164009497114
2023-07-21 10:00:00,22.6294769,trend_down,0.872919724035682
2023-07-21 10:15:00,22.60845881,trend_down,0.8164731192348211
2023-07-21 10:30:00,22.68552514,trend_down,0.9096603708933312
2023-07-21 10:45:00,22.6995372,trend_down,0.8672707799644854
2023-07-21 11:00:00,22.68552514,trend_down,0.8964466843873214
2023-07-21 11:15:00,22.67151308,trend_down,0.9583234597946254
2023-07-21 11:30:00,22.72055529,trend_down,0.8938647944710887
2023-07-21 13:15:00,22.66450705,trend_down,0.8938647944710887
2023-07-21 13:30:00,22.59444675,trend_down,0.9526892231117793
2023-07-21 13:45:00,22.52438645,trend_down,0.78186981235211
2023-07-21 14:00:00,22.54540454,trend_down,0.7939417205601699
2023-07-21 14:15:00,22.61546484,trend_down,0.78186981235211
2023-07-21 14:30:00,22.71354926,trend_down,0.8460384384782231
2023-07-21 14:45:00,22.74157338,trend_up,0.808111438353901
2023-07-21 15:00:00,22.70654323,trend_up,0.808111438353901
2023-07-24 09:45:00,24.85739444,trend_up,0.48210764873326295
2023-07-24 10:00:00,24.7312859,trend_up,0.7991902473970328
2023-07-24 10:15:00,24.3109241,trend_up,0.7991902473970328
2023-07-24 10:30:00,24.69625575,trend_up,0.7991902473970328
2023-07-24 10:45:00,24.31793013,trend_up,0.9679556215260039
2023-07-24 11:00:00,24.51409897,trend_up,0.9679556215260039
2023-07-24 11:15:00,24.59817133,trend_up,0.9608446534331625
2023-07-24 11:30:00,24.33894822,trend_up,0.9742323281814625
2023-07-24 13:15:00,24.26188189,trend_up,0.9742323281814625
2023-07-24 13:30:00,24.46505676,trend_up,0.9742323281814625
2023-07-24 13:45:00,24.50709294,trend_up,0.9182273385573261
2023-07-24 14:00:00,24.47906882,trend_up,0.9182273385573261
2023-07-24 14:15:00,24.40200249,trend_up,0.9182273385573261
2023-07-24 14:30:00,24.51409897,trend_up,0.9182273385573261
2023-07-24 14:45:00,24.50709294,trend_up,0.9735686106763175
2023-07-24 15:00:00,24.4510447,trend_up,0.9162450753751263
2023-07-25 09:45:00,24.36697234,trend_up,0.9177303842893451
2023-07-25 10:00:00,24.45805073,trend_up,0.9661863672976857
2023-07-25 10:15:00,24.25487586,trend_up,0.9653094962875512
2023-07-25 10:30:00,24.31793013,trend_up,0.8920597894315797
2023-07-25 10:45:00,24.36697234,trend_up,0.886942038506704
2023-07-25 11:00:00,24.46505676,trend_up,0.9384338008120603
2023-07-25 11:15:00,24.521105,trend_up,0.7939417205601699
2023-07-25 11:30:00,24.55613515,trend_up,0.5902189626508053
2023-07-25 13:15:00,24.50709294,trend_up,0.5808672690341824
2023-07-25 13:30:00,24.59817133,trend_up,0.5838886751055224
2023-07-25 13:45:00,24.60517736,trend_up,0.5838886751055224
2023-07-25 14:00:00,24.65421957,trend_up,0.8096764468495843
2023-07-25 14:15:00,24.59817133,trend_up,0.5902189626508053
2023-07-25 14:30:00,24.5911653,trend_up,0.8061339348240945
2023-07-25 14:45:00,24.68924972,trend_up,0.8107846739053404
2023-07-25 15:00:00,24.71727384,trend_up,0.8192822453641552
2023-07-26 09:45:00,24.21283968,trend_down,0.8487143361534752
2023-07-26 10:00:00,24.28289998,trend_down,0.8812855876076623
2023-07-26 10:15:00,24.35296028,trend_down,0.8205066479738508
2023-07-26 10:30:00,24.38799043,trend_down,0.5972235963934064
2023-07-26 10:45:00,24.40900852,trend_down,0.5972235963934064
2023-07-26 11:00:00,24.3109241,trend_down,0.855581000415728
2023-07-26 11:15:00,24.26188189,trend_down,0.855581000415728
2023-07-26 11:30:00,24.28990601,trend_down,0.6609137486792392
2023-07-26 13:15:00,24.19182159,trend_down,0.8585837581824726
2023-07-26 13:30:00,24.14978541,trend_down,0.8867905093980063
2023-07-26 13:45:00,24.1007432,trend_down,0.8842706324329411
2023-07-26 14:00:00,24.12176129,trend_down,0.6647708133142912
2023-07-26 14:15:00,24.1708035,trend_down,0.8320224970205874
2023-07-26 14:30:00,24.12176129,trend_down,0.8282807928201137
2023-07-26 14:45:00,24.13577335,trend_down,0.8282807928201137
2023-07-26 15:00:00,24.07972511,trend_down,0.7907749980828163
2023-07-27 09:45:00,24.08673114,trend_down,0.9040789645113964
2023-07-27 10:00:00,24.13577335,trend_down,0.9040789645113964
2023-07-27 10:15:00,24.21283968,trend_down,0.9025564970643071
2023-07-27 10:30:00,24.12876732,trend_down,0.7217937969344603
2023-07-27 10:45:00,24.07271908,range,0.4910342603249249
2023-07-27 11:00:00,23.90457436,trend_down,0.9096603708933312
2023-07-27 11:15:00,23.93259848,trend_down,0.5186553435579757
2023-07-27 11:30:00,23.79948391,breakout_down,0.6074114739814762
2023-07-27 13:15:00,23.57529095,breakout_down,0.6096172375593609
2023-07-27 13:30:00,23.70840552,trend_down,0.5288401072291053
2023-07-27 13:45:00,23.48421256,trend_down,0.5108067593954639
2023-07-27 14:00:00,23.41415226,trend_down,0.5407135016471885
2023-07-27 14:15:00,23.37912211,trend_down,0.5407135016471885
2023-07-27 14:30:00,23.53325477,trend_down,0.967849029882141
2023-07-27 14:45:00,23.66636934,trend_down,0.9258004773213111
2023-07-27 15:00:00,23.6103211,trend_down,0.9379154030189935
2023-07-28 09:45:00,23.30906181,trend_down,0.9308263606472233
2023-07-28 10:00:00,23.40714623,trend_down,0.967849029882141
2023-07-28 10:15:00,23.46319447,trend_down,0.967849029882141
2023-07-28 10:30:00,23.91158039,trend_up,0.8144270115893723
2023-07-28 10:45:00,24.28289998,trend_up,0.7373206742879431
2023-07-28 11:00:00,24.25487586,trend_up,0.9317285346185887
2023-07-28 11:15:00,24.28289998,trend_up,0.9526892231117793
2023-07-28 11:30:00,24.34595425,trend_up,0.9095309364386871
2023-07-28 13:15:00,24.47206279,trend_up,0.9360297430545271
2023-07-28 13:30:00,24.5911653,trend_up,0.9268955060706154
2023-07-28 13:45:00,24.32493616,trend_up,0.9696978493388541
2023-07-28 14:00:00,24.3109241,trend_up,0.8989257226588602
2023-07-28 14:15:00,24.38799043,trend_up,0.9696978493388541
2023-07-28 14:30:00,24.31793013,trend_up,0.9254264981159408
2023-07-28 14:45:00,24.27589395,trend_up,0.9254264981159408
2023-07-28 15:00:00,24.26188189,trend_up,0.9236042312450827
2023-07-31 09:45:00,24.33194219,trend_up,0.9339013390805402
2023-07-31 10:00:00,24.21984571,trend_up,0.9581306173140381
2023-07-31 10:15:00,24.42302058,trend_up,0.9680422957267861
2023-07-31 10:30:00,24.43002661,trend_up,0.9680422957267861
2023-07-31 10:45:00,24.41601455,trend_up,0.9496354774399214
2023-07-31 11:00:00,24.27589395,trend_up,0.5894533561033574
2023-07-31 11:15:00,24.27589395,trend_up,0.6237146086002725
2023-07-31 11:30:00,24.40900852,trend_up,0.8155130958834124
2023-07-31 13:15:00,24.22685174,range,0.8600395340794738
2023-07-31 13:30:00,24.35296028,range,0.7968608643409986
2023-07-31 13:45:00,24.28990601,range,0.9092841441982273
2023-07-31 14:00:00,24.40900852,range,0.8105769839318411
2023-07-31 14:15:00,24.37397837,range,0.8076301088394207
2023-07-31 14:30:00,24.22685174,range,0.8891015305300419
2023-07-31 14:45:00,24.29691204,range,0.8891015305300419
2023-07-31 15:00:00,24.3109241,range,0.907698005859044
2023-08-01 09:45:00,24.14277938,range,0.8891015305300419
2023-08-01 10:00:00,23.98864672,range,0.8886600870828226
2023-08-01 10:15:00,23.91158039,range,0.7899309531449189
2023-08-01 10:30:00,23.98164069,range,0.6302882454312341
2023-08-01 10:45:00,24.05170099,trend_down,0.5126015124029761
2023-08-01 11:00:00,24.14978541,range,0.5913082628701426
2023-08-01 11:15:00,24.03768893,range,0.5913082628701426
2023-08-01 11:30:00,23.98164069,range,0.5913082628701426
2023-08-01 13:15:00,23.96762863,trend_down,0.5720665698542747
2023-08-01 13:30:00,23.89756833,trend_down,0.8912103162014117
2023-08-01 13:45:00,23.8905623,trend_down,0.9156880955987667
2023-08-01 14:00:00,23.86253818,trend_down,0.9136500667948829
2023-08-01 14:15:00,23.86954421,trend_down,0.8835923464260621
2023-08-01 14:30:00,23.91858642,trend_down,0.9716442844366692
2023-08-01 14:45:00,23.8905623,trend_down,0.5024143128821157
2023-08-01 15:00:00,23.87655024,trend_down,0.8759519964608372
2023-08-02 09:45:00,24.12876732,trend_up,0.7835340161487181
2023-08-02 10:00:00,24.41601455,trend_up,0.5529036999713479
2023-08-02 10:15:00,24.27589395,trend_up,0.9096603708933312
2023-08-02 10:30:00,24.35296028,trend_up,0.9526892231117793
2023-08-02 10:45:00,24.35296028,trend_up,0.9204558658492991
2023-08-02 11:00:00,24.46505676,trend_up,0.937534038492323
2023-08-02 11:15:00,24.41601455,trend_up,0.9285794203562051
2023-08-02 11:30:00,24.37397837,trend_up,0.9212211388208612
2023-08-02 13:15:00,24.41601455,trend_up,0.9680422957267861
2023-08-02 13:30:00,24.51409897,trend_up,0.8579993070247722
2023-08-02 13:45:00,24.42302058,trend_up,0.8579993070247722
2023-08-02 14:00:00,24.3809844,trend_up,0.7174331767668176
2023-08-02 14:15:00,24.43002661,trend_up,0.7174331767668176
2023-08-02 14:30:00,24.42302058,trend_up,0.8579993070247722
2023-08-02 14:45:00,24.50008691,trend_up,0.8579993070247722
2023-08-02 15:00:00,24.40900852,trend_up,0.8291353150782054
2023-08-03 09:45:00,24.25487586,range,0.6130512033176081
2023-08-03 10:00:00,24.26888792,range,0.6130512033176081
2023-08-03 10:15:00,24.48607485,trend_up,0.5255368726491012
2023-08-03 10:30:00,24.43002661,range,0.7172378895645664
2023-08-03 10:45:00,24.31793013,range,0.8335407204208519
2023-08-03 11:00:00,24.33894822,range,0.8953960049953152
2023-08-03 11:15:00,24.40200249,range,0.7863367821971079
2023-08-03 11:30:00,24.35296028,range,0.8881710623963003
2023-08-03 13:15:00,24.48607485,range,0.7722451375612671
2023-08-03 13:30:00,24.49308088,range,0.7722451375612671
2023-08-03 13:45:00,24.50008691,trend_up,0.5052698549814015
2023-08-03 14:00:00,24.49308088,trend_up,0.4995633456479134
2023-08-03 14:15:00,24.53511706,trend_up,0.5094519760475529
2023-08-03 14:30:00,24.51409897,trend_up,0.5043631180588056
2023-08-03 14:45:00,24.43002661,range,0.8014661181731199
2023-08-03 15:00:00,24.4510447,range,0.8233818968516226
2023-08-04 09:45:00,24.521105,range,0.5215027889234789
2023-08-04 10:00:00,24.12876732,range,0.5759853302079764
2023-08-04 10:15:00,24.12876732,range,0.462342701632755
2023-08-04 10:30:00,24.09373717,reversal,0.5117707362383513
2023-08-04 10:45:00,24.2408638,trend_down,0.8493096640531225
2023-08-04 11:00:00,24.3809844,trend_down,0.8493096640531225
2023-08-04 11:15:00,24.50008691,trend_down,0.8123414493055849
2023-08-04 11:30:00,24.61218339,trend_up,0.8291444879648235
2023-08-04 13:15:00,24.521105,trend_up,0.9037099434649061
2023-08-04 13:30:00,24.48607485,trend_up,0.8029122368642263
2023-08-04 13:45:00,24.4510447,trend_up,0.9421127839593577
2023-08-04 14:00:00,24.44403867,trend_up,0.7674418169778482
2023-08-04 14:15:00,24.39499646,trend_up,0.7174783664142402
2023-08-04 14:30:00,24.43703264,trend_up,0.5142803300338894
2023-08-04 14:45:00,24.38799043,range,0.8738031437839128
2023-08-04 15:00:00,24.37397837,range,0.7482809570184261
2023-08-07 09:45:00,24.57715324,trend_up,0.7458250809582583
2023-08-07 10:00:00,25.02553916,trend_up,0.6818261676592693
2023-08-07 10:15:00,25.1516477,trend_up,0.44435030160394484
2023-08-07 10:30:00,25.00452107,trend_up,0.9526892231117793
2023-08-07 10:45:00,24.94847283,trend_up,0.9049463233551722
2023-08-07 11:00:00,25.04655725,trend_up,0.9735686106763175
2023-08-07 11:15:00,25.4318889,trend_up,0.5293985367695945
2023-08-07 11:30:00,25.5019492,trend_up,0.5293985367695945
2023-08-07 13:15:00,25.45290699,trend_up,0.5293985367695945
2023-08-07 13:30:00,25.40386478,trend_up,0.9742323281814625
2023-08-07 13:45:00,25.31979242,trend_up,0.9182273385573261
2023-08-07 14:00:00,25.31979242,trend_up,0.966073424863376
2023-08-07 14:15:00,25.27075021,trend_up,0.966073424863376
2023-08-07 14:30:00,25.23572006,trend_up,0.9156880955987667
2023-08-07 14:45:00,25.34781654,trend_up,0.9742323281814625
2023-08-07 15:00:00,25.34081051,trend_up,0.9154340349285539
2023-08-08 09:45:00,25.81722055,breakout_up,0.48512049459319745
2023-08-08 10:00:00,25.41087081,trend_up,0.938106489634533
2023-08-08 10:15:00,25.33380448,trend_up,0.9653094962875512
2023-08-08 10:30:00,25.38985272,trend_up,0.9735686106763175
2023-08-08 10:45:00,25.59302759,trend_up,0.9735686106763175
2023-08-08 11:00:00,25.68410598,trend_up,0.8927407182097999
2023-08-08 11:15:00,25.61404568,trend_up,0.9187684356464907
2023-08-08 11:30:00,25.69811804,trend_up,0.9742323281814625
2023-08-08 13:15:00,25.67709995,trend_up,0.9742323281814625
2023-08-08 13:30:00,25.56500347,trend_up,0.9187684356464907
2023-08-08 13:45:00,25.60703965,trend_up,0.9403025693492182
2023-08-08 14:00:00,25.45290699,trend_up,0.922476408586515
2023-08-08 14:15:00,25.5019492,trend_up,0.7639905614354506
2023-08-08 14:30:00,25.52296729,trend_up,0.7639905614354506
2023-08-08 14:45:00,25.49494317,trend_up,0.7639905614354506
2023-08-08 15:00:00,25.48793714,trend_up,0.7495505910828448
2023-08-09 09:45:00,25.2917683,trend_up,0.7123691467602389
2023-08-09 10:00:00,25.27075021,range,0.49209851201904514
2023-08-09 10:15:00,25.04655725,trend_down,0.7271389531433591
2023-08-09 10:30:00,24.9414668,trend_down,0.9316044858875385
2023-08-09 10:45:00,24.97649695,trend_down,0.8722053219439818
2023-08-09 11:00:00,24.99751504,trend_down,0.9005271499839334
2023-08-09 11:15:00,25.0815874,trend_down,0.8938647944710887
2023-08-09 11:30:00,24.97649695,trend_down,0.8959112403874824
2023-08-09 13:15:00,24.93446077,trend_down,0.7599245247946833
2023-08-09 13:30:00,24.83637635,trend_down,0.7599245247946833
2023-08-09 13:45:00,24.78733414,trend_down,0.9003817085722348
2023-08-09 14:00:00,24.8714065,trend_down,0.8722053219439818
2023-08-09 14:15:00,24.92044871,trend_down,0.8639326827781951
2023-08-09 14:30:00,24.8714065,trend_down,0.7604757499852173
2023-08-09 14:45:00,24.90643665,trend_down,0.7604757499852173
2023-08-09 15:00:00,24.99050901,trend_down,0.8959112403874824
2023-08-10 09:45:00,24.78032811,trend_down,0.6769171929289638
2023-08-10 10:00:00,24.81535826,trend_down,0.886942038506704
2023-08-10 10:15:00,24.81535826,trend_down,0.9450935403116844
2023-08-10 10:30:00,24.81535826,trend_down,0.8722053219439818
2023-08-10 10:45:00,24.79434017,trend_down,0.6601022639809804
2023-08-10 11:00:00,24.79434017,trend_down,0.6437081227896745
2023-08-10 11:15:00,24.79434017,trend_down,0.6437081227896745
2023-08-10 11:30:00,24.75931002,range,0.5102048384323408
2023-08-10 13:15:00,24.61218339,trend_down,0.5305226613493427
2023-08-10 13:30:00,24.63320148,trend_down,0.4389721034812667
2023-08-10 13:45:00,24.57014721,trend_down,0.5730871495813614
2023-08-10 14:00:00,24.62619545,trend_down,0.5207978657084273
2023-08-10 14:15:00,24.59817133,trend_down,0.7025582472978368
2023-08-10 14:30:00,24.61918942,trend_down,0.7025582472978368
2023-08-10 14:45:00,24.68224369,trend_up,0.7050507489841378
2023-08-10 15:00:00,24.73829193,trend_up,0.5526002598917497
2023-08-11 09:45:00,24.6612256,trend_down,0.7442195292649096
2023-08-11 10:00:00,24.40900852,trend_down,0.4794525638545215
2023-08-11 10:15:00,24.3809844,trend_down,0.8705313301600581
2023-08-11 10:30:00,24.32493616,trend_down,0.9558414499823895
2023-08-11 10:45:00,24.18481556,trend_down,0.9152237074484002
2023-08-11 11:00:00,24.09373717,trend_down,0.6537255360960813
2023-08-11 11:15:00,24.00265878,trend_down,0.5407135016471885
2023-08-11 11:30:00,24.05170099,trend_down,0.5390484451925946
2023-08-11 13:15:00,24.04469496,trend_down,0.9687409804976631
2023-08-11 13:30:00,24.0306829,trend_down,0.8227158238709427
2023-08-11 13:45:00,23.9606226,trend_down,0.9696978493388541
2023-08-11 14:00:00,24.0306829,trend_down,0.9687409804976631
2023-08-11 14:15:00,24.1007432,trend_down,0.9687409804976631
2023-08-11 14:30:00,23.98164069,trend_down,0.968840342841616
2023-08-11 14:45:00,23.84152009,trend_down,0.7966730071888287
2023-08-11 15:00:00,23.89756833,trend_down,0.8927407182097999
2023-08-14 09:45:00,23.7504417,trend_down,0.5020135010375425
2023-08-14 10:00:00,23.64535125,trend_down,0.968840342841616
2023-08-14 10:15:00,23.52624874,trend_down,0.968840342841616
2023-08-14 10:30:00,23.72241758,trend_down,0.9742323281814625
2023-08-14 10:45:00,23.7504417,trend_down,0.9742323281814625
2023-08-14 11:00:00,23.820502,trend_down,0.9653094962875512
2023-08-14 11:15:00,23.74343567,trend_down,0.9735686106763175
2023-08-14 11:30:00,23.78547185,trend_down,0.9735686106763175
2023-08-14 13:15:00,23.83451406,trend_down,0.9653094962875512
2023-08-14 13:30:00,23.94661054,trend_down,0.8156601237330515
2023-08-14 13:45:00,23.96762863,trend_down,0.8156601237330515
2023-08-14 14:00:00,23.97463466,trend_down,0.6615824891304735
2023-08-14 14:15:00,24.08673114,trend_up,0.4702253666007526
2023-08-14 14:30:00,24.06571305,trend_up,0.7495505910828448
2023-08-14 14:45:00,23.9606226,range,0.6941415031866094
2023-08-14 15:00:00,24.0306829,range,0.6941415031866094
2023-08-15 09:45:00,24.05870702,trend_up,0.6073029387372603
2023-08-15 10:00:00,23.94661054,trend_down,0.8156601237330515
2023-08-15 10:15:00,23.88355627,trend_down,0.5183425986193364
2023-08-15 10:30:00,23.77846582,trend_down,0.7990807723304278
2023-08-15 10:45:00,23.820502,range,0.5067820346763223
2023-08-15 11:00:00,23.77145979,trend_down,0.8336073750509411
2023-08-15 11:15:00,23.72942361,trend_down,0.5409057360381299
2023-08-15 11:30:00,23.63834522,trend_down,0.5417217026025738
2023-08-15 13:15:00,23.6103211,trend_down,0.8777437610818407
2023-08-15 13:30:00,23.54726683,trend_down,0.8859120759409637
2023-08-15 13:45:00,23.54726683,trend_down,0.7954479480067461
2023-08-15 14:00:00,23.67337537,trend_down,0.9297390133172877
2023-08-15 14:15:00,23.62433316,trend_down,0.9735686106763175
2023-08-15 14:30:00,23.65235728,trend_down,0.886942038506704
2023-08-15 14:45:00,23.85553215,reversal,0.6191690191516286
2023-08-15 15:00:00,23.80648994,trend_up,0.8156601237330515
2023-08-16 09:45:00,23.67337537,trend_down,0.790893365222354
2023-08-16 10:00:00,23.55427286,trend_down,0.790893365222354
2023-08-16 10:15:00,23.47720653,trend_down,0.8431011846147254
2023-08-16 10:30:00,23.51924271,trend_down,0.63984502046001
2023-08-16 10:45:00,23.40714623,trend_down,0.9511841835240711
2023-08-16 11:00:00,23.37211608,trend_down,0.8871786328222963
2023-08-16 11:15:00,23.47720653,trend_down,0.8934098402710774
2023-08-16 11:30:00,23.33708593,trend_down,0.9417191183948693
2023-08-16 13:15:00,23.44918241,trend_down,0.7656050534804757
2023-08-16 13:30:00,23.48421256,trend_down,0.7674418169778481
2023-08-16 13:45:00,23.38612814,trend_down,0.7674418169778481
2023-08-16 14:00:00,23.37912211,trend_down,0.8192822453641552
2023-08-16 14:15:00,23.20397136,trend_down,0.6477908628571408
2023-08-16 14:30:00,23.33708593,trend_down,0.9742323281814625
2023-08-16 14:45:00,23.23900151,trend_down,0.9742323281814625
2023-08-16 15:00:00,23.24600754,trend_down,0.8623113655566726
2023-08-17 09:45:00,23.2600196,trend_down,0.897989906797047
2023-08-17 10:00:00,23.35810402,trend_down,0.9653094962875512
2023-08-17 10:15:00,23.23900151,trend_down,0.9735686106763175
2023-08-17 10:30:00,23.2600196,trend_down,0.7124680888866436
2023-08-17 10:45:00,23.35109799,trend_down,0.8155130958834124
2023-08-17 11:00:00,23.56828492,trend_up,0.7707603053954855
2023-08-17 11:15:00,23.70840552,trend_up,0.46088535446710954
2023-08-17 11:30:00,23.99565275,trend_up,0.6860663947361372
2023-08-17 13:15:00,24.04469496,breakout_up,0.4504491163296957
2023-08-17 13:30:00,23.98164069,trend_up,0.8581487862286942
2023-08-17 13:45:00,23.8905623,trend_up,0.9558414499823895
2023-08-17 14:00:00,23.96762863,trend_up,0.9526892231117793
2023-08-17 14:15:00,24.1708035,trend_up,0.8563647491599883
2023-08-17 14:30:00,24.17780953,trend_up,0.4891683396195343
2023-08-17 14:45:00,24.21283968,trend_up,0.5293985367695945
2023-08-17 15:00:00,24.1708035,trend_up,0.9742323281814625
2023-08-18 09:45:00,23.98164069,trend_up,0.9321427773149108
2023-08-18 10:00:00,23.73642964,trend_down,0.8156601237330515
2023-08-18 10:15:00,23.88355627,trend_down,0.900980090619673
2023-08-18 10:30:00,23.84852612,trend_down,0.7999342837378464
2023-08-18 10:45:00,23.86954421,trend_down,0.6676344334317177
2023-08-18 11:00:00,23.91158039,trend_down,0.6676344334317177
2023-08-18 11:15:00,23.73642964,trend_down,0.8156601237330515
2023-08-18 11:30:00,23.70139949,trend_down,0.8205066479738508
2023-08-18 13:15:00,23.71541155,trend_down,0.8205066479738508
2023-08-18 13:30:00,23.72241758,trend_down,0.8164731192348211
2023-08-18 13:45:00,23.73642964,trend_down,0.7220376403109018
2023-08-18 14:00:00,23.7504417,trend_down,0.7174331767668176
2023-08-18 14:15:00,23.71541155,trend_down,0.7174331767668176
2023-08-18 14:30:00,23.63133919,trend_down,0.7161858229067646
2023-08-18 14:45:00,23.69439346,trend_down,0.7124680888866436
2023-08-18 15:00:00,23.56127889,trend_down,0.875029872769625
2023-08-21 09:45:00,23.30205578,trend_down,0.4360551298374303
2023-08-21 10:00:00,23.23199548,trend_down,0.7831800449742947
2023-08-21 10:15:00,23.37211608,trend_down,0.9558414499823895
2023-08-21 10:30:00,23.22498945,trend_down,0.9365728327825781
2023-08-21 10:45:00,23.18295327,trend_down,0.9182273385573261
2023-08-21 11:00:00,23.19696533,trend_down,0.9182273385573261
2023-08-21 11:15:00,23.14792312,trend_down,0.9182273385573261
2023-08-21 11:30:00,23.23199548,trend_down,0.9742323281814625
2023-08-21 13:15:00,23.24600754,trend_down,0.9314258120147536
2023-08-21 13:30:00,23.16193518,trend_down,0.8895342149017359
2023-08-21 13:45:00,23.16193518,trend_down,0.8895342149017359
2023-08-21 14:00:00,23.25301357,trend_down,0.9669242414729065
2023-08-21 14:15:00,23.32307387,trend_down,0.8538227567721062
2023-08-21 14:30:00,23.3300799,trend_down,0.6159256428573411
2023-08-21 14:45:00,23.28804372,trend_down,0.6159256428573411
2023-08-21 15:00:00,23.14792312,trend_down,0.9661863672976857
2023-08-22 09:45:00,23.08486885,trend_down,0.8135403095324131
2023-08-22 10:00:00,22.84666383,trend_down,0.828689015930927
2023-08-22 10:15:00,22.86768192,trend_down,0.6570666024131534
2023-08-22 10:30:00,22.94474825,trend_down,0.5293037674759162
2023-08-22 10:45:00,22.84666383,trend_down,0.8488844880008556
2023-08-22 11:00:00,22.81163368,trend_down,0.6648150858257854
2023-08-22 11:15:00,22.79061559,trend_down,0.5969731466123999
2023-08-22 11:30:00,22.76259147,trend_down,0.7386133950639343
2023-08-22 13:15:00,22.70654323,trend_down,0.4974544746931273
2023-08-22 13:30:00,22.72055529,trend_down,0.5997848436214744
2023-08-22 13:45:00,22.74157338,trend_down,0.6692163404760045
2023-08-22 14:00:00,22.71354926,trend_down,0.6692163404760045
2023-08-22 14:15:00,22.91672413,trend_down,0.5526002598917497
2023-08-22 14:30:00,22.95876031,range,0.6130512033176081
2023-08-22 14:45:00,23.03582664,trend_up,0.5255368726491012
2023-08-22 15:00:00,23.03582664,trend_up,0.5255368726491012
2023-08-23 09:45:00,22.64348896,trend_down,0.5255368726491012
2023-08-23 10:00:00,22.65049499,trend_down,0.6233083951135179
2023-08-23 10:15:00,22.49636233,trend_down,0.7639443835396506
2023-08-23 10:30:00,22.37025379,trend_down,0.5702409768134606
2023-08-23 10:45:00,22.4893563,trend_down,0.8645768965032553
2023-08-23 11:00:00,22.72055529,trend_down,0.6628559907031637
2023-08-23 11:15:00,22.68552514,range,0.6381949423182364
2023-08-23 11:30:00,22.6294769,trend_down,0.5210372069591409
2023-08-23 13:15:00,22.63648293,trend_down,0.5210372069591409
2023-08-23 13:30:00,22.58043469,trend_down,0.5210372069591409
2023-08-23 13:45:00,22.54540454,trend_down,0.7080317345949005
2023-08-23 14:00:00,22.5594166,trend_down,0.5838886751055224
2023-08-23 14:15:00,22.56642263,trend_down,0.5145769405993377
2023-08-23 14:30:00,22.46833821,trend_down,0.855628419547505
2023-08-23 14:45:00,22.51037439,trend_down,0.8561328372699603
2023-08-23 15:00:00,22.3492357,trend_down,0.5832011861030995
2023-08-24 09:45:00,22.23013319,trend_down,0.493864875391554
2023-08-24 10:00:00,22.04797641,trend_down,0.493864875391554
2023-08-24 10:15:00,22.2791754,trend_down,0.8612978915360555
2023-08-24 10:30:00,22.24414525,trend_down,0.9742323281814625
2023-08-24 10:45:00,22.41228997,trend_down,0.9735686106763175
2023-08-24 11:00:00,22.40528394,trend_down,0.9653094962875512
2023-08-24 11:15:00,22.41228997,trend_down,0.9653094962875512
2023-08-24 11:30:00,22.60845881,reversal,0.6191690191516286
2023-08-24 13:15:00,22.80462765,reversal,0.6191690191516286
2023-08-24 13:30:00,22.7695975,trend_up,0.6554353925269597
2023-08-24 13:45:00,22.88870001,trend_up,0.7806899454595977
2023-08-24 14:00:00,22.78360956,trend_up,0.9423709533776204
2023-08-24 14:15:00,22.66450705,trend_up,0.8976590831882497
2023-08-24 14:30:00,22.73456735,trend_up,0.8493096640531225
2023-08-24 14:45:00,22.79762162,trend_up,0.6724790551027678
2023-08-24 15:00:00,22.73456735,range,0.5016324948275044
2023-08-25 09:45:00,22.38426585,range,0.6210429185113224
2023-08-25 10:00:00,22.31420555,trend_down,0.8434095799572288
2023-08-25 10:15:00,22.37725982,trend_down,0.6614523778828112
2023-08-25 10:30:00,22.32821761,trend_down,0.6876217229161292
2023-08-25 10:45:00,22.32121158,trend_down,0.7171215582709535
2023-08-25 11:00:00,22.2791754,trend_down,0.9206961464705191
2023-08-25 11:15:00,22.23713922,trend_down,0.9182273385573261
2023-08-25 11:30:00,22.18809701,trend_down,0.9162375815860867
2023-08-25 13:15:00,22.11803671,trend_down,0.9293420397512221
2023-08-25 13:30:00,22.28618143,trend_down,0.9735686106763175
2023-08-25 13:45:00,22.25815731,trend_down,0.9162450753751263
2023-08-25 14:00:00,22.39827791,trend_down,0.8156601237330515
2023-08-25 14:15:00,22.33522364,trend_down,0.8156601237330515
2023-08-25 14:30:00,22.22312716,trend_down,0.8693229371688215
2023-08-25 14:45:00,22.26516334,trend_down,0.9477803656139454
2023-08-25 15:00:00,22.28618143,range,0.6900963490162731
2023-08-28 09:45:00,22.38426585,breakout_up,0.546042059573421
2023-08-28 10:00:00,22.53139248,reversal,0.556693400282441
2023-08-28 10:15:00,22.39827791,trend_up,0.7346266592597605
2023-08-28 10:30:00,22.52438645,trend_up,0.7346266592597605
2023-08-28 10:45:00,22.63648293,trend_up,0.8470022720323515
2023-08-28 11:00:00,22.51037439,trend_up,0.8672707799644854
2023-08-28 11:15:00,22.419296,trend_up,0.7100613190755783
2023-08-28 11:30:00,22.42630203,trend_up,0.5239737120696346
2023-08-28 13:15:00,22.36324776,trend_up,0.5845824471871091
2023-08-28 13:30:00,22.35624173,range,0.5851334218962132
2023-08-28 13:45:00,22.53839851,trend_up,0.5845824471871091
2023-08-28 14:00:00,22.56642263,trend_up,0.5142803300338894
2023-08-28 14:15:00,22.42630203,trend_up,0.5908897730935443
2023-08-28 14:30:00,22.35624173,range,0.5819078489731289
2023-08-28 14:45:00,22.31420555,trend_down,0.5891365076785863
2023-08-28 15:00:00,22.25115128,trend_down,0.5891365076785863
2023-08-29 09:45:00,22.65049499,trend_up,0.5283093706388774
2023-08-29 10:00:00,22.46133218,trend_up,0.6519587470986764
2023-08-29 10:15:00,22.76259147,trend_up,0.5356352519973492
2023-08-29 10:30:00,22.73456735,range,0.49367613118705433
2023-08-29 10:45:00,22.69253117,trend_up,0.5583098868083362
2023-08-29 11:00:00,22.74157338,trend_up,0.5429638378223093
2023-08-29 11:15:00,22.74857941,trend_up,0.770726234019695
2023-08-29 11:30:00,22.90271207,trend_up,0.9278471703140654
2023-08-29 13:15:00,22.95876031,trend_up,0.5512606171709028
2023-08-29 13:30:00,23.02181458,trend_up,0.7537405084245709
2023-08-29 13:45:00,22.86768192,trend_up,0.9296731685151185
2023-08-29 14:00:00,22.87468795,trend_up,0.7860743496917144
2023-08-29 14:15:00,22.77660353,trend_up,0.7696509240040195
2023-08-29 14:30:00,22.75558544,trend_up,0.8183485086715796
2023-08-29 14:45:00,22.79061559,trend_down,0.6925659291252202
2023-08-29 15:00:00,22.79762162,trend_up,0.8137101374159302
2023-08-30 09:45:00,22.82564574,trend_up,0.9328525146128741
2023-08-30 10:00:00,22.83265177,trend_up,0.9434731704791344
2023-08-30 10:15:00,22.88169398,trend_up,0.9231969350148002
2023-08-30 10:30:00,22.79762162,range,0.6119988571151829
2023-08-30 10:45:00,22.79061559,range,0.6119988571151829
2023-08-30 11:00:00,22.67151308,range,0.5449917909084168
2023-08-30 11:15:00,22.76259147,range,0.5449917909084168
2023-08-30 11:30:00,22.67851911,range,0.6121192117337858
2023-08-30 13:15:00,22.58043469,trend_down,0.52937857973869
2023-08-30 13:30:00,22.53839851,trend_down,0.6433317175775793
2023-08-30 13:45:00,22.67851911,trend_down,0.5255368726491012
2023-08-30 14:00:00,22.73456735,trend_down,0.5255368726491012
2023-08-30 14:15:00,22.76259147,trend_down,0.5255368726491012
2023-08-30 14:30:00,22.7695975,range,0.6767270180912871
2023-08-30 14:45:00,22.74157338,range,0.6813037943603433
2023-08-30 15:00:00,22.8396578,trend_up,0.7100613190755783
2023-08-31 09:45:00,22.98678443,trend_up,0.7368807725355843
2023-08-31 10:00:00,23.13391106,trend_up,0.7435146693701793
2023-08-31 10:15:00,23.29504975,trend_up,0.7991902473970328
2023-08-31 10:30:00,23.26702563,trend_up,0.8612978915360555
2023-08-31 10:45:00,23.30906181,trend_up,0.9182273385573261
2023-08-31 11:00:00,23.25301357,trend_up,0.9206961464705191
2023-08-31 11:15:00,23.14091709,trend_up,0.8927407182097999
2023-08-31 11:30:00,23.119899,trend_up,0.8927407182097999
2023-08-31 13:15:00,23.28103769,trend_up,0.9679511336517824
2023-08-31 13:30:00,23.30205578,trend_up,0.9252994599362988
2023-08-31 13:45:00,23.23900151,trend_up,0.8927407182097999
2023-08-31 14:00:00,23.22498945,trend_up,0.9206961464705191
2023-08-31 14:15:00,23.21097739,trend_up,0.9206961464705191
2023-08-31 14:30:00,23.19696533,trend_up,0.9187684356464907
2023-08-31 14:45:00,23.14792312,trend_up,0.8920597894315797
2023-08-31 15:00:00,23.119899,trend_up,0.8920597894315797
2023-09-01 09:45:00,22.88169398,trend_down,0.8156601237330515
2023-09-01 10:00:00,22.84666383,trend_down,0.8639326827781951
2023-09-01 10:15:00,22.86067589,trend_down,0.8938647944710887
2023-09-01 10:30:00,22.81863971,trend_down,0.8672707799644853
2023-09-01 10:45:00,22.80462765,trend_down,0.8705313301600581
2023-09-01 11:00:00,22.86768192,trend_down,0.8452061671728198
2023-09-01 11:15:00,22.75558544,trend_down,0.9355279931890701
2023-09-01 11:30:00,22.74857941,trend_down,0.8784154790480619
2023-09-01 13:15:00,22.8396578,trend_down,0.939525812953996
2023-09-01 13:30:00,23.07786282,trend_down,0.6073029387372603
2023-09-01 13:45:00,23.04283267,range,0.5367232051589758
2023-09-01 14:00:00,23.12690503,trend_up,0.7656634859672273
2023-09-01 14:15:00,23.13391106,trend_up,0.8964466843873213
2023-09-01 14:30:00,23.09187488,trend_up,0.9204558658492991
2023-09-01 14:45:00,23.13391106,trend_up,0.9187684356464907
2023-09-01 15:00:00,23.11289297,trend_up,0.9187684356464907
2023-09-04 09:45:00,22.86768192,reversal,0.5774824462255616
2023-09-04 10:00:00,22.6995372,trend_down,0.5529036999713479
2023-09-04 10:15:00,22.419296,trend_down,0.3450683794185644
2023-09-04 10:30:00,22.41228997,trend_down,0.8296095351190126
2023-09-04 10:45:00,22.31420555,trend_down,0.8051070887891274
2023-09-04 11:00:00,22.32821761,trend_down,0.8192822453641552
2023-09-04 11:15:00,22.37725982,trend_down,0.8192822453641552
2023-09-04 11:30:00,22.41228997,trend_down,0.9206961464705191
2023-09-04 13:15:00,22.41228997,trend_down,0.967029182099857
2023-09-04 13:30:00,22.41228997,trend_down,0.9742323281814625
2023-09-04 13:45:00,22.39827791,trend_down,0.9742323281814625
2023-09-04 14:00:00,22.31420555,trend_down,0.9742323281814625
2023-09-04 14:15:00,22.419296,trend_down,0.967029182099857
2023-09-04 14:30:00,22.4893563,trend_down,0.9557253993927181
2023-09-04 14:45:00,22.41228997,trend_down,0.9090635430530795
2023-09-04 15:00:00,22.419296,trend_down,0.855628419547505
2023-09-05 09:45:00,22.67851911,reversal,0.5993022966227373
2023-09-05 10:00:00,22.5594166,trend_up,0.790893365222354
2023-09-05 10:15:00,22.58043469,trend_up,0.5693234864679636
2023-09-05 10:30:00,22.57342866,trend_up,0.5824918233590364
2023-09-05 10:45:00,22.59444675,range,0.5233487015796652
2023-09-05 11:00:00,22.65049499,range,0.5067820346763223
2023-09-05 11:15:00,22.60145278,range,0.5067820346763223
2023-09-05 11:30:00,22.6294769,range,0.6340762323724056
2023-09-05 13:15:00,22.58744072,range,0.6635394563209284
2023-09-05 13:30:00,22.58043469,range,0.9075020440909478
2023-09-05 13:45:00,22.53839851,range,0.6914145925110778
2023-09-05 14:00:00,22.54540454,range,0.8072668076257075
2023-09-05 14:15:00,22.54540454,range,0.810331639320977
2023-09-05 14:30:00,22.60845881,range,0.7953641163337866
2023-09-05 14:45:00,22.62247087,range,0.8068890267785982
2023-09-05 15:00:00,22.59444675,range,0.810076439693821
2023-09-06 09:45:00,22.58744072,range,0.8953960049953154
2023-09-06 10:00:00,22.62247087,range,0.5217182124770164
2023-09-06 10:15:00,22.60145278,range,0.5851334218962132
2023-09-06 10:30:00,22.57342866,range,0.8752594922767772
2023-09-06 10:45:00,22.5594166,range,0.8738031437839128
2023-09-06 11:00:00,22.60845881,range,0.8738031437839128
2023-09-06 11:15:00,22.59444675,range,0.8738031437839128
2023-09-06 11:30:00,22.6294769,range,0.8738031437839128
2023-09-06 13:15:00,22.5594166,range,0.7428245249135514
2023-09-06 13:30:00,22.62247087,range,0.7482809570184261
2023-09-06 13:45:00,22.63648293,range,0.8722924988506529
2023-09-06 14:00:00,22.61546484,range,0.5521940070910744
2023-09-06 14:15:00,22.52438645,trend_down,0.7065708320159619
2023-09-06 14:30:00,22.48235027,trend_down,0.5930967358889728
2023-09-06 14:45:00,22.51738042,trend_down,0.7659730145623967
2023-09-06 15:00:00,22.51738042,trend_down,0.5900345128575731
2023-09-07 09:45:00,22.25115128,trend_down,0.8322145192590896
2023-09-07 10:00:00,22.30719952,trend_down,0.8612978915360555
2023-09-07 10:15:00,22.26516334,trend_down,0.9569306208080132
2023-09-07 10:30:00,22.22312716,trend_down,0.9569306208080132
2023-09-07 10:45:00,22.27216937,trend_down,0.9742323281814625
2023-09-07 11:00:00,22.25815731,trend_down,0.9705246689210671
2023-09-07 11:15:00,22.18809701,trend_down,0.9705246689210671
2023-09-07 11:30:00,22.31420555,trend_down,0.9705246689210671
2023-09-07 13:15:00,22.27216937,trend_down,0.9696978493388541
2023-09-07 13:30:00,22.25815731,trend_down,0.9254264981159408
2023-09-07 13:45:00,22.2091151,trend_down,0.9696978493388541
2023-09-07 14:00:00,22.09701862,trend_down,0.5283018173322191
2023-09-07 14:15:00,22.2091151,trend_down,0.9696978493388541
2023-09-07 14:30:00,22.22312716,trend_down,0.9742323281814625
2023-09-07 14:45:00,22.21612113,trend_down,0.938106489634533
2023-09-07 15:00:00,22.18809701,trend_down,0.9212211388208612
2023-09-08 09:45:00,22.13204877,trend_down,0.9742323281814625
2023-09-08 10:00:00,21.85180757,trend_down,0.4850766622556711
2023-09-08 10:15:00,22.08300656,trend_down,0.938106489634533
2023-09-08 10:30:00,22.09001259,trend_down,0.938106489634533
2023-09-08 10:45:00,22.04097038,trend_down,0.9742323281814625
2023-09-08 11:00:00,21.99192817,trend_down,0.9452333998711213
2023-09-08 11:15:00,21.96390405,trend_down,0.7818025507973966
2023-09-08 11:30:00,21.89384375,trend_down,0.927690188616068
2023-09-08 13:15:00,21.86581963,trend_down,0.6247218552499472
2023-09-08 13:30:00,21.90785581,trend_down,0.9468914776435289
2023-09-08 13:45:00,21.97791611,trend_down,0.9468914776435289
2023-09-08 14:00:00,21.94989199,trend_down,0.9259188089160423
2023-09-08 14:15:00,22.01995229,trend_down,0.9042349703146398
2023-09-08 14:30:00,22.04797641,trend_down,0.7800781715539654
2023-09-08 14:45:00,21.90084978,trend_down,0.9288321601726123
2023-09-08 15:00:00,21.90785581,trend_down,0.7653156989197472
2023-09-11 09:45:00,21.59258446,trend_down,0.4636947344470649
2023-09-11 10:00:00,21.52953019,trend_down,0.7991902473970328
2023-09-11 10:15:00,21.47348195,trend_down,0.504032890722713
2023-09-11 10:30:00,21.83078948,trend_down,0.7949667203703941
2023-09-11 10:45:00,21.90785581,trend_down,0.8156601237330515
2023-09-11 11:00:00,21.89384375,trend_down,0.6735886903367564
2023-09-11 11:15:00,21.87983169,trend_down,0.6676344334317177
2023-09-11 11:30:00,21.76773521,trend_down,0.8814740017863091
2023-09-11 13:15:00,21.8588136,trend_down,0.5442715107740077
2023-09-11 13:30:00,21.88683772,trend_down,0.8156601237330515
2023-09-11 13:45:00,21.94288596,trend_down,0.7939991758485883
2023-09-11 14:00:00,21.93587993,range,0.5367232051589758
2023-09-11 14:15:00,21.98492214,range,0.566292616252631
2023-09-11 14:30:00,21.9989342,trend_up,0.74429590927734
2023-09-11 14:45:00,22.01294626,trend_up,0.8917420013974072
2023-09-11 15:00:00,22.01995229,trend_up,0.808111438353901
2023-09-12 09:45:00,21.9288739,trend_up,0.8959112403874824
2023-09-12 10:00:00,22.01294626,trend_up,0.7040978686100972
2023-09-12 10:15:00,22.07600053,trend_up,0.7036253186684867
2023-09-12 10:30:00,22.03396435,trend_up,0.5182498481931086
2023-09-12 10:45:00,22.1390548,trend_up,0.7604757499852173
2023-09-12 11:00:00,22.20210907,trend_up,0.6359685894540297
2023-09-12 11:15:00,22.13204877,trend_up,0.5182498481931086
2023-09-12 11:30:00,22.1390548,trend_up,0.5126015124029761
2023-09-12 13:15:00,22.03396435,trend_up,0.7551989029526169
2023-09-12 13:30:00,21.97791611,range,0.8071915136673933
2023-09-12 13:45:00,21.98492214,range,0.8071915136673933
2023-09-12 14:00:00,21.97791611,range,0.6356599762255449
2023-09-12 14:15:00,21.92186787,range,0.6356599762255449
2023-09-12 14:30:00,21.88683772,trend_down,0.5417217026025738
2023-09-12 14:45:00,21.84480154,trend_down,0.5332020473980933
2023-09-12 15:00:00,21.82378345,trend_down,0.5807348613131532
2023-09-13 09:45:00,21.9288739,trend_down,0.6088884514124523
2023-09-13 10:00:00,21.79575933,trend_down,0.757483659280673
2023-09-13 10:15:00,21.68366285,trend_down,0.8637479645685828
2023-09-13 10:30:00,21.6486327,trend_down,0.6982178834829142
2023-09-13 10:45:00,21.6486327,trend_down,0.6982178834829142
2023-09-13 11:00:00,21.62060858,trend_down,0.8841085663754595
2023-09-13 11:15:00,21.56456034,trend_down,0.9578115151458179
2023-09-13 11:30:00,21.47348195,trend_down,0.6345650335292518
2023-09-13 13:15:00,21.52953019,trend_down,0.968840342841616
2023-09-13 13:30:00,21.58557843,trend_down,0.968840342841616
2023-09-13 13:45:00,21.58557843,trend_down,0.8958711337427966
2023-09-13 14:00:00,21.56456034,trend_down,0.8958711337427966
2023-09-13 14:15:00,21.58557843,trend_down,0.968840342841616
2023-09-13 14:30:00,21.66264476,trend_down,0.9735686106763175
2023-09-13 14:45:00,21.67665682,trend_down,0.8609584640773721
2023-09-13 15:00:00,21.63462064,trend_down,0.8609584640773721
2023-09-14 09:45:00,21.52252416,trend_down,0.8830965426798634
2023-09-14 10:00:00,21.47348195,trend_down,0.9513612180331552
2023-09-14 10:15:00,21.43144577,trend_down,0.8841751765460708
2023-09-14 10:30:00,21.42443974,trend_down,0.8113856122503396
2023-09-14 10:45:00,21.40342165,trend_down,0.9696978493388541
2023-09-14 11:00:00,21.40342165,trend_down,0.7769491061590438
2023-09-14 11:15:00,21.4384518,trend_down,0.7769491061590438
2023-09-14 11:30:00,21.47348195,trend_down,0.5934129159037295
2023-09-14 13:15:00,21.41743371,trend_down,0.5934129159037295
2023-09-14 13:30:00,21.3683915,trend_down,0.6247218552499472
2023-09-14 13:45:00,21.39641562,trend_down,0.9236042312450827
2023-09-14 14:00:00,21.38940959,trend_down,0.8965282913525047
2023-09-14 14:15:00,21.34036738,trend_down,0.9243051125432001
2023-09-14 14:30:00,21.34737341,trend_down,0.9212211388208612
2023-09-14 14:45:00,21.46647592,trend_down,0.9177303842893451
2023-09-14 15:00:00,21.43144577,trend_down,0.8983132835346506
2023-09-15 09:45:00,21.42443974,trend_up,0.737823825568231
2023-09-15 10:00:00,21.34036738,trend_down,0.878459223905384
2023-09-15 10:15:00,21.29132517,trend_down,0.8728368314380279
2023-09-15 10:30:00,21.38240356,trend_down,0.8249969428441957
2023-09-15 10:45:00,21.2983312,trend_down,0.7458250809582583
2023-09-15 11:00:00,21.39641562,trend_down,0.5526002598917497
2023-09-15 11:15:00,21.31934929,trend_down,0.863612138995893
2023-09-15 11:30:00,21.36138547,range,0.5049031794764315
2023-09-15 13:15:00,21.34737341,trend_down,0.6518016609119309
2023-09-15 13:30:00,21.30533723,range,0.4926909089114096
2023-09-15 13:45:00,21.32635532,range,0.4998327188151898
2023-09-15 14:00:00,21.32635532,range,0.5580029813083816
2023-09-15 14:15:00,21.29132517,trend_down,0.4971824136037096
2023-09-15 14:30:00,21.27030708,range,0.5580029813083816
2023-09-15 14:45:00,21.29132517,range,0.5580029813083816
2023-09-15 15:00:00,21.32635532,range,0.7818914962549456
2023-09-18 09:45:00,21.49450004,range,0.7929387889700131
2023-09-18 10:00:00,21.45246386,range,0.8932580625140008
2023-09-18 10:15:00,21.49450004,range,0.7759294386539116
2023-09-18 10:30:00,21.45946989,range,0.7759294386539116
2023-09-18 10:45:00,21.45246386,range,0.6612416373902367
2023-09-18 11:00:00,21.45246386,range,0.6612416373902367
2023-09-18 11:15:00,21.45246386,range,0.661849452855594
2023-09-18 11:30:00,21.45246386,range,0.6668008229354877
2023-09-18 13:15:00,21.28431914,range,0.7929387889700131
2023-09-18 13:30:00,21.24928899,trend_down,0.5631776535965399
2023-09-18 13:45:00,21.27030708,trend_down,0.7208415996342316
2023-09-18 14:00:00,21.19324075,trend_down,0.6559686064723931
2023-09-18 14:15:00,21.24928899,trend_down,0.7274146089053374
2023-09-18 14:30:00,21.24928899,trend_down,0.7224166514371863
2023-09-18 14:45:00,21.2282709,trend_down,0.8579993070247722
2023-09-18 15:00:00,21.24228296,trend_down,0.8291353150782054
2023-09-19 09:45:00,21.24228296,trend_down,0.4651726981371328
2023-09-19 10:00:00,21.22126487,trend_down,0.9680422957267861
2023-09-19 10:15:00,21.19324075,trend_down,0.9680422957267861
2023-09-19 10:30:00,21.24228296,trend_down,0.8934098402710774
2023-09-19 10:45:00,21.24228296,trend_down,0.9212211388208612
2023-09-19 11:00:00,21.24928899,trend_down,0.8952284811874971
2023-09-19 11:15:00,21.30533723,trend_up,0.6073029387372603
2023-09-19 11:30:00,21.31234326,trend_up,0.6073029387372603
2023-09-19 13:15:00,21.2983312,range,0.7995050735526689
2023-09-19 13:30:00,21.27030708,trend_down,0.6412619597296555
2023-09-19 13:45:00,21.27030708,trend_down,0.5151617675913235
2023-09-19 14:00:00,21.25629502,trend_down,0.5151617675913235
2023-09-19 14:15:00,21.26330105,range,0.6813037943603433
2023-09-19 14:30:00,21.28431914,range,0.8953960049953152
2023-09-19 14:45:00,21.33336135,range,0.836379350546799
2023-09-19 15:00:00,21.34737341,range,0.7965110756279783
2023-09-20 09:45:00,21.37539753,range,0.8600395340794738
2023-09-20 10:00:00,21.44545783,range,0.5523861760127022
2023-09-20 10:15:00,21.66965079,trend_up,0.626910372366652
2023-09-20 10:30:00,21.57156637,trend_up,0.8272614244288526
2023-09-20 10:45:00,21.55054828,trend_up,0.9423709533776204
2023-09-20 11:00:00,21.55054828,trend_up,0.808111438353901
2023-09-20 11:15:00,21.58557843,trend_up,0.9637445948107466
2023-09-20 11:30:00,21.51551813,trend_up,0.9669242414729065
2023-09-20 13:15:00,21.55054828,trend_up,0.9741497011086431
2023-09-20 13:30:00,21.45246386,trend_up,0.9716442844366692
2023-09-20 13:45:00,21.42443974,trend_up,0.6073029387372603
2023-09-20 14:00:00,21.38940959,trend_down,0.808111438353901
2023-09-20 14:15:00,21.41743371,trend_down,0.808111438353901
2023-09-20 14:30:00,21.39641562,trend_down,0.808111438353901
2023-09-20 14:45:00,21.40342165,trend_down,0.8724350267186767
2023-09-20 15:00:00,21.41042768,trend_down,0.9423709533776204
2023-09-21 09:45:00,21.38240356,trend_down,0.7059970183285622
2023-09-21 10:00:00,21.40342165,trend_down,0.79441816231226
2023-09-21 10:15:00,21.42443974,range,0.685759807008504
2023-09-21 10:30:00,21.41042768,range,0.685759807008504
2023-09-21 10:45:00,21.42443974,range,0.685759807008504
2023-09-21 11:00:00,21.43144577,range,0.685759807008504
2023-09-21 11:15:00,21.41743371,range,0.7960741648574148
2023-09-21 11:30:00,21.43144577,range,0.7960741648574148
2023-09-21 13:15:00,21.5085121,range,0.5027490062465774
2023-09-21 13:30:00,21.41743371,range,0.7272474280313435
2023-09-21 13:45:00,21.43144577,range,0.8105769839318411
2023-09-21 14:00:00,21.42443974,range,0.8076301088394207
2023-09-21 14:15:00,21.45946989,range,0.4770973187220885
2023-09-21 14:30:00,21.42443974,range,0.5799617300945734
2023-09-21 14:45:00,21.39641562,range,0.5913082628701426
2023-09-21 15:00:00,21.42443974,range,0.5799617300945734
2023-09-22 09:45:00,21.44545783,breakout_up,0.33711440554244476
2023-09-22 10:00:00,21.43144577,trend_up,0.4617359973822666
2023-09-22 10:15:00,21.49450004,trend_up,0.7254363494265411
2023-09-22 10:30:00,21.46647592,trend_up,0.6987027378834086
2023-09-22 10:45:00,21.57156637,trend_up,0.7492053247926928
2023-09-22 11:00:00,21.56456034,trend_up,0.7131320036987935
2023-09-22 11:15:00,21.53653622,trend_up,0.7172619588291982
2023-09-22 11:30:00,21.54354225,trend_up,0.7653156989197472
2023-09-22 13:15:00,21.49450004,trend_up,0.8090124891874622
2023-09-22 13:30:00,21.47348195,trend_up,0.6609137486792392
2023-09-22 13:45:00,21.48048798,range,0.47633243362523947
2023-09-22 14:00:00,21.53653622,trend_up,0.9221638918828787
2023-09-22 14:15:00,21.60659652,trend_up,0.9526892231117793
2023-09-22 14:30:00,21.66965079,trend_up,0.9569306208080132
2023-09-22 14:45:00,21.6486327,trend_up,0.9569306208080132
2023-09-22 15:00:00,21.66264476,trend_up,0.8841751765460708
2023-09-25 09:45:00,21.5085121,trend_up,0.7249164009497114
2023-09-25 10:00:00,21.48749401,trend_down,0.8156601237330515
2023-09-25 10:15:00,21.51551813,trend_down,0.8156601237330515
2023-09-25 10:30:00,21.53653622,trend_down,0.8156601237330515
2023-09-25 10:45:00,21.41042768,trend_down,0.9423709533776204
2023-09-25 11:00:00,21.31234326,trend_down,0.8200793002316316
2023-09-25 11:15:00,21.2983312,trend_down,0.9526892231117793
2023-09-25 11:30:00,21.27731311,trend_down,0.9526892231117793
2023-09-25 13:15:00,21.26330105,trend_down,0.9360297430545271
2023-09-25 13:30:00,21.27731311,trend_down,0.9435205639145571
2023-09-25 13:45:00,21.28431914,trend_down,0.8927407182097999
2023-09-25 14:00:00,21.28431914,trend_down,0.8927407182097999
2023-09-25 14:15:00,21.2983312,trend_down,0.8927407182097999
2023-09-25 14:30:00,21.29132517,trend_down,0.7371038812817139
2023-09-25 14:45:00,21.32635532,trend_down,0.9187684356464907
2023-09-25 15:00:00,21.31234326,trend_down,0.9187684356464907
2023-09-26 09:45:00,21.24928899,trend_down,0.9735686106763175
2023-09-26 10:00:00,21.1582106,trend_down,0.9310376619313472
2023-09-26 10:15:00,21.27030708,trend_down,0.968840342841616
2023-09-26 10:30:00,21.27030708,trend_down,0.968840342841616
2023-09-26 10:45:00,21.20725281,trend_down,0.9679511336517824
2023-09-26 11:00:00,21.15120457,trend_down,0.9679511336517824
2023-09-26 11:15:00,21.20725281,trend_down,0.9679511336517824
2023-09-26 11:30:00,21.20024678,trend_down,0.9679511336517824
2023-09-26 13:15:00,21.13018648,trend_down,0.9679511336517824
2023-09-26 13:30:00,21.1582106,trend_down,0.8958711337427966
2023-09-26 13:45:00,21.16521663,trend_down,0.8958711337427966
2023-09-26 14:00:00,21.27030708,trend_down,0.4775185035089532
2023-09-26 14:15:00,21.27030708,range,0.5592954350852848
2023-09-26 14:30:00,21.2282709,trend_down,0.6554353925269597
2023-09-26 14:45:00,21.21425884,trend_down,0.6956124261749731
2023-09-26 15:00:00,21.2282709,trend_down,0.7123691467602389
2023-09-27 09:45:00,21.35437944,trend_up,0.6701273185583778
2023-09-27 10:00:00,21.42443974,trend_up,0.8123414493055849
2023-09-27 10:15:00,21.38240356,trend_up,0.4702253666007526
2023-09-27 10:30:00,21.37539753,trend_up,0.4764065730541286
2023-09-27 10:45:00,21.31234326,trend_up,0.855581000415728
2023-09-27 11:00:00,21.33336135,trend_up,0.8524900881344755
2023-09-27 11:15:00,21.3683915,trend_up,0.9096603708933312
2023-09-27 11:30:00,21.34737341,trend_up,0.7707603053954855
2023-09-27 13:15:00,21.38940959,trend_up,0.7159611718510721
2023-09-27 13:30:00,21.29132517,range,0.5278516112988646
2023-09-27 13:45:00,21.37539753,range,0.5278516112988646
2023-09-27 14:00:00,21.3683915,range,0.6241366913594073
2023-09-27 14:15:00,21.3683915,range,0.6241366913594073
2023-09-27 14:30:00,21.36138547,range,0.7995050735526689
2023-09-27 14:45:00,21.33336135,trend_up,0.5239737120696346
2023-09-27 15:00:00,21.31234326,range,0.6299592696573502
2023-09-28 09:45:00,21.35437944,range,0.5662926162526309
2023-09-28 10:00:00,21.35437944,range,0.7851479446904522
2023-09-28 10:15:00,21.23527693,range,0.7851479446904522
2023-09-28 10:30:00,21.17922869,trend_down,0.6873962783408452
2023-09-28 10:45:00,21.26330105,trend_down,0.6404397157067302
2023-09-28 11:00:00,21.2983312,range,0.6241366913594073
2023-09-28 11:15:00,21.20725281,trend_down,0.7029277703122272
2023-09-28 11:30:00,21.23527693,trend_down,0.5774656010470498
2023-09-28 13:15:00,21.22126487,trend_down,0.5774656010470498
2023-09-28 13:30:00,21.26330105,trend_down,0.6901246879786478
2023-09-28 13:45:00,21.25629502,trend_down,0.5838886751055224
2023-09-28 14:00:00,21.32635532,range,0.5731823569743637
2023-09-28 14:15:00,21.31234326,range,0.7521371808182002
2023-09-28 14:30:00,21.24928899,range,0.5731823569743637
2023-09-28 14:45:00,21.24928899,trend_down,0.5568007806622373
2023-09-28 15:00:00,21.24928899,range,0.4658276207823905
2023-10-09 09:45:00,21.29132517,range,0.7812531981621958
2023-10-09 10:00:00,21.36138547,range,0.7812531981621958
2023-10-09 10:15:00,21.31234326,range,0.8857495991625579
2023-10-09 10:30:00,21.2983312,range,0.7774158330825803
2023-10-09 10:45:00,21.37539753,trend_up,0.8585837581824726
2023-10-09 11:00:00,21.4384518,trend_up,0.8585837581824726
2023-10-09 11:15:00,21.40342165,trend_up,0.9255911984234733
2023-10-09 11:30:00,21.34036738,trend_up,0.9255911984234733
2023-10-09 13:15:00,21.35437944,trend_up,0.92746942966708
2023-10-09 13:30:00,21.38940959,trend_up,0.9296731685151185
2023-10-09 13:45:00,21.49450004,trend_up,0.8087271022131923
2023-10-09 14:00:00,21.48048798,trend_up,0.8924743311900556
2023-10-09 14:15:00,21.55755431,trend_up,0.504032890722713
2023-10-09 14:30:00,21.49450004,trend_up,0.9742323281814625
2023-10-09 14:45:00,21.52953019,trend_up,0.9742323281814625
2023-10-09 15:00:00,21.52252416,trend_up,0.9368069085344211
2023-10-10 09:45:00,21.5785724,trend_up,0.8259651522383072
2023-10-10 10:00:00,21.65563873,trend_up,0.8259651522383072
2023-10-10 10:15:00,21.59959049,trend_up,0.9742323281814625
2023-10-10 10:30:00,21.55755431,trend_up,0.938106489634533
2023-10-10 10:45:00,21.77474124,trend_up,0.8003153026697971
2023-10-10 11:00:00,21.96390405,trend_up,0.4850766622556711
2023-10-10 11:15:00,21.97791611,trend_up,0.9569306208080132
2023-10-10 11:30:00,22.02695832,trend_up,0.5353414024884853
2023-10-10 13:15:00,21.9989342,trend_up,0.9742323281814625
2023-10-10 13:30:00,21.98492214,trend_up,0.9742323281814625
2023-10-10 13:45:00,22.18109098,trend_up,0.5285379274773762
2023-10-10 14:00:00,22.17408495,trend_up,0.9713217933116737
2023-10-10 14:15:00,22.18109098,trend_up,0.5285379274773762
2023-10-10 14:30:00,22.16707892,trend_up,0.9019048519618212
2023-10-10 14:45:00,22.0689945,trend_up,0.9705246689210671
2023-10-10 15:00:00,22.07600053,trend_up,0.9019048519618212
2023-10-11 09:45:00,22.25115128,trend_up,0.6360119376126652
2023-10-11 10:00:00,22.23713922,trend_up,0.9705246689210671
2023-10-11 10:15:00,22.22312716,trend_up,0.9705246689210671
2023-10-11 10:30:00,22.20210907,trend_up,0.8989257226588602
2023-10-11 10:45:00,21.96390405,trend_up,0.7970122181324113
2023-10-11 11:00:00,22.00594023,trend_up,0.8156601237330515
2023-10-11 11:15:00,22.01294626,trend_down,0.6554353925269597
2023-10-11 11:30:00,21.95689802,trend_down,0.6491959135829651
2023-10-11 13:15:00,21.90785581,trend_down,0.8724350267186767
2023-10-11 13:30:00,21.90084978,trend_down,0.8724350267186767
2023-10-11 13:45:00,21.91486184,trend_down,0.8724350267186767
2023-10-11 14:00:00,21.92186787,trend_down,0.808111438353901
2023-10-11 14:15:00,21.85180757,trend_down,0.641881695646907
2023-10-11 14:30:00,21.7887533,trend_down,0.7425199750738113
2023-10-11 14:45:00,21.93587993,trend_down,0.8302963590273765
2023-10-11 15:00:00,21.87282566,trend_down,0.72875264539322
2023-10-12 09:45:00,22.32121158,trend_up,0.8105915465586094
2023-10-12 10:00:00,22.30719952,trend_up,0.8491236163364417
2023-10-12 10:15:00,22.26516334,trend_up,0.9526892231117793
2023-10-12 10:30:00,22.26516334,trend_up,0.9029645626213623
2023-10-12 10:45:00,22.31420555,trend_up,0.9742323281814625
2023-10-12 11:00:00,22.25115128,trend_up,0.967029182099857
2023-10-12 11:15:00,22.30719952,trend_up,0.8895342149017359
2023-10-12 11:30:00,22.37725982,trend_up,0.9228713869028394
2023-10-12 13:15:00,22.50336836,trend_up,0.9679511336517824
2023-10-12 13:30:00,22.46133218,trend_up,0.6372585403282437
2023-10-12 13:45:00,22.48235027,trend_up,0.8958711337427966
2023-10-12 14:00:00,22.46133218,trend_up,0.8958711337427966
2023-10-12 14:15:00,22.44031409,trend_up,0.9230955164120815
2023-10-12 14:30:00,22.39127188,trend_up,0.9230955164120815
2023-10-12 14:45:00,22.44031409,trend_up,0.9230955164120815
2023-10-12 15:00:00,22.44031409,trend_up,0.9230955164120815
2023-10-13 09:45:00,22.69253117,trend_up,0.5280567246047543
2023-10-13 10:00:00,22.60845881,trend_up,0.4850766622556711
2023-10-13 10:15:00,22.47534424,trend_up,0.9735686106763175
2023-10-13 10:30:00,22.49636233,trend_up,0.9236042312450827
2023-10-13 10:45:00,22.51738042,trend_up,0.9735686106763175
2023-10-13 11:00:00,22.4893563,trend_up,0.9653094962875512
2023-10-13 11:15:00,22.64348896,trend_up,0.9322710059005765
2023-10-13 11:30:00,22.61546484,trend_up,0.9251993854483096
2023-10-13 13:15:00,22.58744072,trend_up,0.9735686106763175
2023-10-13 13:30:00,22.49636233,trend_up,0.9013151139342803
2023-10-13 13:45:00,22.59444675,trend_up,0.9438657732455722
2023-10-13 14:00:00,22.65049499,trend_up,0.8153836840655707
2023-10-13 14:15:00,22.60845881,trend_up,0.8064994880514536
2023-10-13 14:30:00,22.71354926,trend_up,0.9237558618896629
2023-10-13 14:45:00,22.64348896,trend_up,0.8107846739053404
2023-10-13 15:00:00,22.67851911,trend_up,0.8107846739053404
2023-10-16 09:45:00,22.18809701,breakout_down,0.42761018053439614
2023-10-16 10:00:00,22.18809701,trend_down,0.5845824471871092
2023-10-16 10:15:00,22.1390548,trend_down,0.8123414493055849
2023-10-16 10:30:00,22.0689945,trend_down,0.6956124261749731
2023-10-16 10:45:00,22.21612113,trend_down,0.9185084996151939
2023-10-16 11:00:00,22.17408495,trend_down,0.8964466843873214
2023-10-16 11:15:00,22.1390548,trend_down,0.8964466843873214
2023-10-16 11:30:00,22.18109098,trend_down,0.7378201178256709
2023-10-16 13:15:00,22.16007289,trend_down,0.7378201178256709
2023-10-16 13:30:00,22.16707892,trend_down,0.8964466843873214
2023-10-16 13:45:00,22.10402465,trend_down,0.8938647944710887
2023-10-16 14:00:00,22.08300656,trend_down,0.8938647944710887
2023-10-16 14:15:00,22.10402465,trend_down,0.9005271499839334
2023-10-16 14:30:00,22.08300656,trend_down,0.9005271499839334
2023-10-16 14:45:00,22.15306686,trend_down,0.9526892231117793
2023-10-16 15:00:00,22.21612113,trend_down,0.808111438353901
2023-10-17 09:45:00,22.5594166,trend_up,0.8135403095324131
2023-10-17 10:00:00,22.28618143,trend_up,0.8204744981771703
2023-10-17 10:15:00,22.20210907,trend_up,0.8156601237330515
2023-10-17 10:30:00,22.16007289,trend_up,0.6554353925269597
2023-10-17 10:45:00,22.11103068,trend_up,0.6554353925269597
2023-10-17 11:00:00,22.15306686,trend_up,0.7939991758485883
2023-10-17 11:15:00,21.9989342,trend_down,0.9742323281814625
2023-10-17 11:30:00,22.13204877,trend_down,0.9716442844366692
2023-10-17 13:15:00,22.12504274,trend_down,0.9716442844366692
2023-10-17 13:30:00,22.23713922,trend_up,0.5824918233590364
2023-10-17 13:45:00,22.24414525,range,0.5882663822619455
2023-10-17 14:00:00,22.17408495,range,0.5882663822619455
2023-10-17 14:15:00,22.0689945,trend_down,0.5780151778860745
2023-10-17 14:30:00,22.17408495,range,0.6356567985997432
2023-10-17 14:45:00,22.18809701,range,0.6914145925110778
2023-10-17 15:00:00,22.22312716,range,0.5882663822619455
2023-10-18 09:45:00,22.2091151,range,0.5731823569743637
2023-10-18 10:00:00,22.14606083,range,0.6356567985997432
2023-10-18 10:15:00,22.14606083,trend_down,0.5182498481931086
2023-10-18 10:30:00,22.13204877,trend_down,0.5182498481931086
2023-10-18 10:45:00,22.26516334,range,0.7863367821971079
2023-10-18 11:00:00,22.44732012,trend_up,0.5298300393189846
2023-10-18 11:15:00,22.35624173,trend_up,0.6979492387263516
2023-10-18 11:30:00,22.34222967,trend_up,0.5309656909251729
2023-10-18 13:15:00,22.25815731,trend_up,0.6409101477555205
2023-10-18 13:30:00,22.18809701,range,0.7738946113840957
2023-10-18 13:45:00,22.23013319,range,0.7738946113840957
2023-10-18 14:00:00,22.21612113,range,0.8076301088394207
2023-10-18 14:15:00,22.21612113,range,0.8076301088394207
2023-10-18 14:30:00,22.2091151,range,0.664060939026449
2023-10-18 14:45:00,22.20210907,range,0.664060939026449
2023-10-18 15:00:00,22.16707892,range,0.664060939026449
2023-10-19 09:45:00,21.7887533,trend_down,0.4812372365169169
2023-10-19 10:00:00,21.64162667,trend_down,0.5597684796710952
2023-10-19 10:15:00,21.66965079,trend_down,0.504032890722713
2023-10-19 10:30:00,21.58557843,trend_down,0.9567949741861582
2023-10-19 10:45:00,21.5785724,trend_down,0.7839414994759276
2023-10-19 11:00:00,21.5785724,trend_down,0.9182273385573261
2023-10-19 11:15:00,21.54354225,trend_down,0.8895342149017359
2023-10-19 11:30:00,21.45946989,trend_down,0.5384873087544113
2023-10-19 13:15:00,21.46647592,trend_down,0.5384873087544113
2023-10-19 13:30:00,21.45246386,trend_down,0.8895342149017359
2023-10-19 13:45:00,21.31234326,trend_down,0.5272643557394641
2023-10-19 14:00:00,21.36138547,trend_down,0.5407135016471885
2023-10-19 14:15:00,21.44545783,trend_down,0.967029182099857
2023-10-19 14:30:00,21.52252416,trend_down,0.9661863672976857
2023-10-19 14:45:00,21.47348195,trend_down,0.9742323281814625
2023-10-19 15:00:00,21.43144577,trend_down,0.9661863672976857
2023-10-20 09:45:00,21.53653622,breakout_down,0.5041652982024489
2023-10-20 10:00:00,21.47348195,trend_down,0.9661863672976857
2023-10-20 10:15:00,21.3683915,trend_down,0.9661863672976857
2023-10-20 10:30:00,21.31934929,trend_down,0.886942038506704
2023-10-20 10:45:00,21.47348195,trend_down,0.8106573326538037
2023-10-20 11:00:00,21.34737341,trend_down,0.8500151940332742
2023-10-20 11:15:00,21.29132517,trend_down,0.6428840570719807
2023-10-20 11:30:00,21.29132517,trend_down,0.5657993980880497
2023-10-20 13:15:00,21.10216236,trend_down,0.9052286302355669
2023-10-20 13:30:00,20.93401764,trend_down,0.6223988063946636
2023-10-20 13:45:00,20.91299955,trend_down,0.8860670408144169
2023-10-20 14:00:00,20.96204176,trend_down,0.9182273385573261
2023-10-20 14:15:00,20.87096337,trend_down,0.9310376619313472
2023-10-20 14:30:00,20.89198146,trend_down,0.9182273385573261
2023-10-20 14:45:00,20.86395734,trend_down,0.9182273385573261
2023-10-20 15:00:00,20.86395734,trend_down,0.9244569324478901
2023-10-23 09:45:00,20.89198146,trend_down,0.938106489634533
2023-10-23 10:00:00,20.70281865,trend_down,0.9569087689327896
2023-10-23 10:15:00,20.7378488,trend_down,0.9742323281814625
2023-10-23 10:30:00,20.81491513,trend_down,0.8895342149017359
2023-10-23 10:45:00,20.84994528,trend_down,0.9661863672976857
2023-10-23 11:00:00,20.71683071,trend_down,0.9661863672976857
2023-10-23 11:15:00,20.61874629,trend_down,0.634168667883698
2023-10-23 11:30:00,20.59072217,trend_down,0.8895342149017359
2023-10-23 13:15:00,20.61874629,trend_down,0.967029182099857
2023-10-23 13:30:00,20.66078247,trend_down,0.9661863672976857
2023-10-23 13:45:00,20.66078247,trend_down,0.9661863672976857
2023-10-23 14:00:00,20.56970408,trend_down,0.9735686106763175
2023-10-23 14:15:00,20.5276679,trend_down,0.9066087281522374
2023-10-23 14:30:00,20.54167996,trend_down,0.9154340349285539
2023-10-23 14:45:00,20.5276679,trend_down,0.790509508209334
2023-10-23 15:00:00,20.57671011,trend_down,0.9652070575927774
2023-10-24 09:45:00,20.56269805,trend_down,0.9365728327825781
2023-10-24 10:00:00,20.3875473,trend_down,0.9630431473640584
2023-10-24 10:15:00,20.5977282,trend_down,0.778025741379443
2023-10-24 10:30:00,20.57671011,trend_down,0.8827596709537892
2023-10-24 10:45:00,20.81491513,trend_up,0.6073029387372603
2023-10-24 11:00:00,20.6677885,trend_up,0.790893365222354
2023-10-24 11:15:00,20.70281865,range,0.5455324485346053
2023-10-24 11:30:00,20.70281865,range,0.455445798709778
2023-10-24 13:15:00,20.7378488,range,0.8034067673847938
2023-10-24 13:30:00,20.5977282,trend_down,0.5824918233590364
2023-10-24 13:45:00,20.6677885,range,0.836379350546799
2023-10-24 14:00:00,20.70281865,range,0.9075020440909478
2023-10-24 14:15:00,20.83593322,range,0.7543219303948157
2023-10-24 14:30:00,20.92701161,range,0.5731823569743637
2023-10-24 14:45:00,20.91299955,range,0.7432243424053269
2023-10-24 15:00:00,20.94102367,trend_up,0.6359685894540297
2023-10-25 09:45:00,21.85180757,trend_up,0.47559114297481014
2023-10-25 10:00:00,21.67665682,trend_up,0.7949667203703941
2023-10-25 10:15:00,21.48048798,trend_up,0.9321427773149108
2023-10-25 10:30:00,21.61360255,trend_up,0.9558414499823895
2023-10-25 10:45:00,21.76773521,trend_up,0.9742323281814625
2023-10-25 11:00:00,21.7887533,trend_up,0.968840342841616
2023-10-25 11:15:00,21.70468094,trend_up,0.9742323281814625
2023-10-25 11:30:00,21.53653622,trend_up,0.9741497011086431
2023-10-25 13:15:00,21.57156637,trend_up,0.9206961464705191
2023-10-25 13:30:00,21.55054828,trend_up,0.9206961464705191
2023-10-25 13:45:00,21.55054828,trend_up,0.9206961464705191
2023-10-25 14:00:00,21.55755431,trend_up,0.9206961464705191
2023-10-25 14:15:00,21.56456034,trend_up,0.9187684356464907
2023-10-25 14:30:00,21.55054828,trend_up,0.9187684356464907
2023-10-25 14:45:00,21.52953019,trend_up,0.8402943511389828
2023-10-25 15:00:00,21.49450004,trend_up,0.8402943511389828
2023-10-26 09:45:00,20.96204176,trend_down,0.8144270115893723
2023-10-26 10:00:00,21.14419854,trend_down,0.8438575418535958
2023-10-26 10:15:00,21.20725281,trend_down,0.8204744981771703
2023-10-26 10:30:00,21.13018648,trend_down,0.9423709533776204
2023-10-26 10:45:00,21.01809,trend_down,0.9423709533776204
2023-10-26 11:00:00,21.07413824,trend_down,0.8754655967026245
2023-10-26 11:15:00,21.10216236,trend_down,0.8375576247161503
2023-10-26 11:30:00,21.12318045,trend_down,0.8724350267186767
2023-10-26 13:15:00,21.09515633,trend_down,0.9423709533776204
2023-10-26 13:30:00,21.04611412,trend_down,0.8693229371688215
2023-10-26 13:45:00,21.27731311,trend_down,0.8156601237330515
2023-10-26 14:00:00,21.26330105,trend_down,0.8156601237330515
2023-10-26 14:15:00,21.38240356,trend_down,0.5754827443311201
2023-10-26 14:30:00,21.40342165,trend_up,0.6475430874033102
2023-10-26 14:45:00,21.40342165,trend_up,0.7918050138911845
2023-10-26 15:00:00,21.4384518,trend_up,0.6988526516983393
2023-10-27 09:45:00,21.57156637,trend_up,0.8513185342072955
2023-10-27 10:00:00,21.4384518,trend_up,0.9711941975039765
2023-10-27 10:15:00,21.5085121,trend_up,0.9716442844366692
2023-10-27 10:30:00,21.57156637,trend_up,0.8902144987503774
2023-10-27 10:45:00,21.60659652,trend_up,0.8927407182097999
2023-10-27 11:00:00,21.69066888,trend_up,0.8927407182097999
2023-10-27 11:15:00,21.66264476,trend_up,0.920329858888239
2023-10-27 11:30:00,21.68366285,trend_up,0.9206961464705191
2023-10-27 13:15:00,21.78174727,trend_up,0.9738222142033667
2023-10-27 13:30:00,21.76773521,trend_up,0.7960716527001371
2023-10-27 13:45:00,21.83078948,trend_up,0.8927407182097999
2023-10-27 14:00:00,21.92186787,trend_up,0.9586821839929026
2023-10-27 14:15:00,21.96390405,trend_up,0.8958711337427966
2023-10-27 14:30:00,21.89384375,trend_up,0.8958711337427966
2023-10-27 14:45:00,21.85180757,trend_up,0.9742323281814625
2023-10-27 15:00:00,21.85180757,trend_up,0.8958711337427966
2023-10-30 09:45:00,21.65563873,trend_down,0.8152824523550809
2023-10-30 10:00:00,21.71168697,trend_down,0.8993481562721959
2023-10-30 10:15:00,21.75372315,trend_up,0.7970122181324113
2023-10-30 10:30:00,21.71168697,trend_up,0.5963623155074708
2023-10-30 10:45:00,21.6486327,range,0.6813037943603433
2023-10-30 11:00:00,21.7887533,trend_up,0.5824918233590364
2023-10-30 11:15:00,21.73270506,range,0.8034067673847938
2023-10-30 11:30:00,21.72569903,range,0.8034067673847938
2023-10-30 13:15:00,21.66965079,trend_down,0.5824918233590364
2023-10-30 13:30:00,21.56456034,range,0.5731823569743637
2023-10-30 13:45:00,21.58557843,trend_down,0.39385542801168005
2023-10-30 14:00:00,21.64162667,range,0.685759807008504
2023-10-30 14:15:00,21.61360255,range,0.5363314901913395
2023-10-30 14:30:00,21.63462064,range,0.5363314901913395
2023-10-30 14:45:00,21.59258446,range,0.5363314901913395
2023-10-30 15:00:00,21.58557843,range,0.502213449796514
2023-10-31 09:45:00,21.50150607,trend_down,0.5321054519767161
2023-10-31 10:00:00,21.5085121,trend_down,0.5906161733765932
2023-10-31 10:15:00,21.55755431,trend_down,0.5954143118264487
2023-10-31 10:30:00,21.51551813,trend_down,0.8452061671728198
2023-10-31 10:45:00,21.45946989,trend_down,0.6465933116478583
2023-10-31 11:00:00,21.42443974,trend_down,0.6607923416738336
2023-10-31 11:15:00,21.41743371,trend_down,0.6164649343395695
2023-10-31 11:30:00,21.38240356,trend_down,0.6703766190715587
2023-10-31 13:15:00,21.33336135,trend_down,0.875348952639038
2023-10-31 13:30:00,21.2983312,trend_down,0.6189330205085485
2023-10-31 13:45:00,21.31234326,trend_down,0.5176724489511012
2023-10-31 14:00:00,21.32635532,trend_down,0.9019048519618212
2023-10-31 14:15:00,21.33336135,trend_down,0.9019048519618212
2023-10-31 14:30:00,21.23527693,trend_down,0.6356700735736908
2023-10-31 14:45:00,21.34737341,trend_down,0.9705246689210671
2023-10-31 15:00:00,21.30533723,trend_down,0.9705246689210671
2023-11-01 09:45:00,20.77287895,breakout_down,0.47683102472388567
2023-11-01 10:00:00,20.73084277,trend_down,0.4450736263702546
2023-11-01 10:15:00,20.82892719,trend_down,0.7991902473970328
2023-11-01 10:30:00,20.74485483,trend_down,0.938106489634533
2023-11-01 10:45:00,20.8779694,trend_down,0.9679556215260039
2023-11-01 11:00:00,20.75186086,trend_down,0.9679556215260039
2023-11-01 11:15:00,20.75886689,trend_down,0.968840342841616
2023-11-01 11:30:00,20.78689101,trend_down,0.968840342841616
2023-11-01 13:15:00,20.87096337,trend_down,0.968840342841616
2023-11-01 13:30:00,20.94102367,trend_down,0.9680422957267861
2023-11-01 13:45:00,20.98305985,trend_down,0.8952284811874971
2023-11-01 14:00:00,20.97605382,trend_down,0.8952284811874971
2023-11-01 14:15:00,20.90599352,trend_down,0.9187684356464907
2023-11-01 14:30:00,20.9480297,trend_down,0.9653094962875512
2023-11-01 14:45:00,20.99707191,trend_down,0.8920597894315797
2023-11-01 15:00:00,20.98305985,trend_down,0.8920597894315797
2023-11-02 09:45:00,20.75186086,trend_down,0.9219522218346942
2023-11-02 10:00:00,20.65377644,trend_down,0.9235790161001761
2023-11-02 10:15:00,20.53467393,trend_down,0.9028419690136968
2023-11-02 10:30:00,20.48563172,trend_down,0.7866178067033164
2023-11-02 10:45:00,20.56269805,trend_down,0.9417516507203924
2023-11-02 11:00:00,20.4576076,trend_down,0.9417516507203924
2023-11-02 11:15:00,20.49263775,trend_down,0.9435205639145571
2023-11-02 11:30:00,20.56970408,trend_down,0.772069769738
2023-11-02 13:15:00,20.49964378,trend_down,0.9206961464705191
2023-11-02 13:30:00,20.4576076,trend_down,0.9742323281814625
2023-11-02 13:45:00,20.44359554,trend_down,0.9206961464705191
2023-11-02 14:00:00,20.42958348,trend_down,0.9206961464705191
2023-11-02 14:15:00,20.42257745,trend_down,0.9206961464705191
2023-11-02 14:30:00,20.46461363,trend_down,0.9187684356464907
2023-11-02 14:45:00,20.4576076,trend_down,0.9671310851438669
2023-11-02 15:00:00,20.43658951,trend_down,0.8902144987503774
2023-11-03 09:45:00,20.68180056,trend_up,0.7299086901103473
2023-11-03 10:00:00,20.87096337,trend_up,0.737823825568231
2023-11-03 10:15:00,20.95503573,trend_up,0.8204744981771703
2023-11-03 10:30:00,20.97605382,trend_up,0.8754655967026245
2023-11-03 10:45:00,21.20024678,trend_up,0.8472462761778394
2023-11-03 11:00:00,21.10216236,trend_up,0.9558414499823895
2023-11-03 11:15:00,21.06012618,trend_up,0.8672707799644854
2023-11-03 11:30:00,21.01108397,trend_up,0.8672707799644854
2023-11-03 13:15:00,21.01809,trend_up,0.8639326827781951
2023-11-03 13:30:00,21.00407794,trend_up,0.8938647944710887
2023-11-03 13:45:00,21.09515633,trend_up,0.9526892231117793
2023-11-03 14:00:00,21.12318045,trend_up,0.8980202892131044
2023-11-03 14:15:00,21.13719251,trend_up,0.8980202892131044
2023-11-03 14:30:00,21.11617442,trend_up,0.8980202892131044
2023-11-03 14:45:00,21.10216236,trend_up,0.8912103162014117
2023-11-03 15:00:00,21.09515633,trend_up,0.8912103162014117
2023-11-06 09:45:00,21.02509603,trend_up,0.5770509136651125
2023-11-06 10:00:00,20.82192116,trend_down,0.5399094434744496
2023-11-06 10:15:00,20.8779694,trend_down,0.5529036999713479
2023-11-06 10:30:00,20.86395734,trend_down,0.8156601237330515
2023-11-06 10:45:00,20.8779694,range,0.6412288529727601
2023-11-06 11:00:00,20.80090307,trend_down,0.7075252337545701
2023-11-06 11:15:00,20.80090307,trend_down,0.9187684356464907
2023-11-06 11:30:00,20.8079091,trend_down,0.9314574362320277
2023-11-06 13:15:00,20.77988498,trend_down,0.9365728327825781
2023-11-06 13:30:00,20.72383674,trend_down,0.9735686106763175
2023-11-06 13:45:00,20.73084277,trend_down,0.9251993854483096
2023-11-06 14:00:00,20.78689101,trend_down,0.861881937676793
2023-11-06 14:15:00,20.8779694,trend_down,0.532727735048976
2023-11-06 14:30:00,20.89198146,range,0.6720283126002974
2023-11-06 14:45:00,20.93401764,range,0.6720283126002974
2023-11-06 15:00:00,20.9480297,range,0.6181897121652762
2023-11-07 09:45:00,20.8779694,trend_up,0.7217937969344603
2023-11-07 10:00:00,20.79389704,trend_down,0.5102497042708862
2023-11-07 10:15:00,20.9480297,range,0.8537784559146615
2023-11-07 10:30:00,20.82892719,range,0.7136927457939675
2023-11-07 10:45:00,20.82192116,trend_down,0.5548862772930867
2023-11-07 11:00:00,20.86395734,range,0.8095349036905007
2023-11-07 11:15:00,20.89898749,range,0.8939982410047287
2023-11-07 11:30:00,20.8779694,range,0.9068654402922653
2023-11-07 13:15:00,20.8779694,range,0.9068654402922653
2023-11-07 13:30:00,20.88497543,range,0.9070860827310898
2023-11-07 13:45:00,20.8779694,range,0.6629975606461551
2023-11-07 14:00:00,20.86395734,range,0.9075020440909478
2023-11-07 14:15:00,20.8779694,range,0.907698005859044
2023-11-07 14:30:00,20.87096337,range,0.907698005859044
2023-11-07 14:45:00,20.8779694,range,0.907698005859044
2023-11-07 15:00:00,20.89198146,range,0.907698005859044
2023-11-08 09:45:00,20.98305985,range,0.7976161822689268
2023-11-08 10:00:00,20.99707191,range,0.4426114398773191
2023-11-08 10:15:00,21.19324075,trend_up,0.7844518810676768
2023-11-08 10:30:00,21.34737341,trend_up,0.47171885530460705
2023-11-08 10:45:00,21.24928899,trend_up,0.9567949741861582
2023-11-08 11:00:00,21.30533723,trend_up,0.9569306208080132
2023-11-08 11:15:00,21.32635532,trend_up,0.9742323281814625
2023-11-08 11:30:00,21.31934929,trend_up,0.9156880955987667
2023-11-08 13:15:00,21.37539753,trend_up,0.966073424863376
2023-11-08 13:30:00,21.31234326,trend_up,0.88625147446568
2023-11-08 13:45:00,21.28431914,trend_up,0.8859197621083211
2023-11-08 14:00:00,21.19324075,trend_up,0.9626972968588777
2023-11-08 14:15:00,21.18623472,trend_up,0.9626972968588777
2023-11-08 14:30:00,21.26330105,trend_up,0.9716442844366692
2023-11-08 14:45:00,21.27731311,trend_up,0.9659655492834992
2023-11-08 15:00:00,21.30533723,trend_up,0.9652070575927774
2023-11-09 09:45:00,21.29132517,breakout_up,0.4482922937390147
2023-11-09 10:00:00,21.34737341,trend_up,0.9735686106763175
2023-11-09 10:15:00,21.13018648,trend_down,0.7511483206275911
2023-11-09 10:30:00,21.10216236,trend_down,0.808111438353901
2023-11-09 10:45:00,21.15120457,trend_down,0.5783064637189992
2023-11-09 11:00:00,21.11617442,range,0.6148610574654111
2023-11-09 11:15:00,21.13018648,trend_down,0.5597440010896125
2023-11-09 11:30:00,21.14419854,trend_down,0.6901246879786478
2023-11-09 13:15:00,21.10916839,trend_down,0.6901246879786478
2023-11-09 13:30:00,21.09515633,trend_down,0.5079855202092495
2023-11-09 13:45:00,21.01108397,trend_down,0.8966427159292489
2023-11-09 14:00:00,21.02509603,trend_down,0.78186981235211
2023-11-09 14:15:00,20.97605382,trend_down,0.8938647944710887
2023-11-09 14:30:00,21.01809,trend_down,0.9423709533776204
2023-11-09 14:45:00,21.01809,trend_down,0.8754655967026245
2023-11-09 15:00:00,20.96904779,trend_down,0.9423709533776204
2023-11-10 09:45:00,20.70982468,trend_down,0.7350118617076901
2023-11-10 10:00:00,20.8779694,trend_down,0.9680422957267861
2023-11-10 10:15:00,20.92701161,trend_down,0.9680422957267861
2023-11-10 10:30:00,20.68180056,trend_down,0.9680422957267861
2023-11-10 10:45:00,20.78689101,trend_down,0.9735686106763175
2023-11-10 11:00:00,20.74485483,trend_down,0.8934098402710774
2023-11-10 11:15:00,20.80090307,trend_down,0.8934098402710774
2023-11-10 11:30:00,20.80090307,trend_down,0.8934098402710774
2023-11-10 13:15:00,20.78689101,trend_down,0.9212211388208612
2023-11-10 13:30:00,20.77287895,trend_down,0.9212211388208612
2023-11-10 13:45:00,20.78689101,trend_down,0.9230955164120815
2023-11-10 14:00:00,20.82892719,trend_down,0.8983132835346506
2023-11-10 14:15:00,20.8079091,trend_down,0.8983132835346506
2023-11-10 14:30:00,20.86395734,trend_down,0.7688873986619396
2023-11-10 14:45:00,20.86395734,range,0.5056560035513842
2023-11-10 15:00:00,20.84293925,range,0.763057687308506
2023-11-13 09:45:00,20.88497543,range,0.4865824976273361
2023-11-13 10:00:00,20.89898749,range,0.7329162831416958
2023-11-13 10:15:00,20.91299955,range,0.8580254413004866
2023-11-13 10:30:00,20.93401764,range,0.6767270180912871
2023-11-13 10:45:00,20.92000558,range,0.4910342603249249
2023-11-13 11:00:00,20.89898749,range,0.6453051112718295
2023-11-13 11:15:00,20.89198146,range,0.6453051112718295
2023-11-13 11:30:00,20.83593322,trend_down,0.5507757844364722
2023-11-13 13:15:00,20.84994528,range,0.6324362144853907
2023-11-13 13:30:00,21.0881503,range,0.7229798493396938
2023-11-13 13:45:00,21.07413824,reversal,0.4403003643114023
2023-11-13 14:00:00,21.01108397,range,0.5278516112988646
2023-11-13 14:15:00,20.89898749,reversal,0.4456787637059864
2023-11-13 14:30:00,20.95503573,range,0.8947105530629855
2023-11-13 14:45:00,20.97605382,range,0.9005066852388817
2023-11-13 15:00:00,20.98305985,range,0.9005066852388817
2023-11-14 09:45:00,21.00407794,range,0.8559391462599245
2023-11-14 10:00:00,21.01108397,range,0.6453051112718295
2023-11-14 10:15:00,20.89198146,range,0.8559391462599245
2023-11-14 10:30:00,20.91299955,range,0.7172378895645664
2023-11-14 10:45:00,20.93401764,range,0.7056467217477775
2023-11-14 11:00:00,20.98305985,range,0.7839144015868764
2023-11-14 11:15:00,20.94102367,range,0.7839144015868764
2023-11-14 11:30:00,20.89198146,range,0.810076439693821
2023-11-14 13:15:00,20.8779694,trend_down,0.6359685894540297
2023-11-14 13:30:00,20.89898749,trend_down,0.5079855202092495
2023-11-14 13:45:00,20.89198146,trend_down,0.5774656010470498
2023-11-14 14:00:00,20.89898749,trend_down,0.5049421497994605
2023-11-14 14:15:00,20.89198146,trend_down,0.5049421497994605
2023-11-14 14:30:00,20.9480297,range,0.8072668076257075
2023-11-14 14:45:00,20.92000558,range,0.8072668076257075
2023-11-14 15:00:00,20.90599352,range,0.5543668809139047
2023-11-15 09:45:00,20.99707191,range,0.7882570544014608
2023-11-15 10:00:00,21.06012618,range,0.7829051940719706
2023-11-15 10:15:00,20.90599352,range,0.8872046872473589
2023-11-15 10:30:00,20.9480297,range,0.8872046872473589
2023-11-15 10:45:00,21.01809,range,0.8862011044689261
2023-11-15 11:00:00,21.07413824,trend_up,0.5026330194439969
2023-11-15 11:15:00,21.13719251,trend_up,0.6936620481751291
2023-11-15 11:30:00,21.20725281,trend_up,0.845729041358866
2023-11-15 13:15:00,21.10916839,trend_up,0.8896309311825997
2023-11-15 13:30:00,21.13018648,trend_up,0.707697177671514
2023-11-15 13:45:00,21.17922869,trend_up,0.9697684139280737
2023-11-15 14:00:00,21.20725281,trend_up,0.9298877270666909
2023-11-15 14:15:00,21.20024678,trend_up,0.9045255633864577
2023-11-15 14:30:00,21.2282709,trend_up,0.904808988462874
2023-11-15 14:45:00,21.26330105,trend_up,0.8735657694131316
2023-11-15 15:00:00,21.27030708,trend_up,0.7759540442723258
2023-11-16 09:45:00,21.20725281,breakout_up,0.48512049459319745
2023-11-16 10:00:00,21.18623472,trend_up,0.9735686106763175
2023-11-16 10:15:00,21.22126487,trend_up,0.9742323281814625
2023-11-16 10:30:00,21.16521663,trend_up,0.9653094962875512
2023-11-16 10:45:00,21.07413824,trend_down,0.9096603708933312
2023-11-16 11:00:00,21.07413824,trend_down,0.7854902754014125
2023-11-16 11:15:00,21.03910809,trend_down,0.824442379215678
2023-11-16 11:30:00,20.94102367,trend_down,0.8027671989238353
2023-11-16 13:15:00,20.89898749,trend_down,0.952013430107635
2023-11-16 13:30:00,20.93401764,trend_down,0.881474001786309
2023-11-16 13:45:00,20.90599352,trend_down,0.8489039039438464
2023-11-16 14:00:00,20.91299955,trend_down,0.8812855876076623
2023-11-16 14:15:00,20.94102367,trend_down,0.8784154790480619
2023-11-16 14:30:00,20.91299955,trend_down,0.8784154790480619
2023-11-16 14:45:00,20.81491513,trend_down,0.9268281060548182
2023-11-16 15:00:00,20.86395734,trend_down,0.9671310851438669
2023-11-17 09:45:00,20.77988498,trend_down,0.5212898803958179
2023-11-17 10:00:00,20.75886689,trend_down,0.9696978493388541
2023-11-17 10:15:00,20.65377644,trend_down,0.9742323281814625
2023-11-17 10:30:00,20.67479453,trend_down,0.8989257226588602
2023-11-17 10:45:00,20.62575232,trend_down,0.9230955164120815
2023-11-17 11:00:00,20.73084277,trend_down,0.968840342841616
2023-11-17 11:15:00,20.80090307,trend_down,0.9680422957267861
2023-11-17 11:30:00,20.77988498,trend_down,0.9735686106763175
2023-11-17 13:15:00,20.72383674,trend_down,0.9742323281814625
2023-11-17 13:30:00,20.73084277,trend_down,0.9230955164120815
2023-11-17 13:45:00,20.71683071,trend_down,0.9230955164120815
2023-11-17 14:00:00,20.77287895,trend_down,0.9653094962875512
2023-11-17 14:15:00,20.80090307,trend_down,0.8827596709537892
2023-11-17 14:30:00,20.80090307,trend_down,0.7050507489841378
2023-11-17 14:45:00,20.8079091,trend_down,0.7688873986619396
2023-11-17 15:00:00,20.83593322,range,0.68742754267119
2023-11-20 09:45:00,20.8079091,reversal,0.49671072958210505
2023-11-20 10:00:00,20.68180056,range,0.6241366913594073
2023-11-20 10:15:00,20.67479453,trend_down,0.5169265270206644
2023-11-20 10:30:00,20.70982468,range,0.6101895967861346
2023-11-20 10:45:00,20.75186086,range,0.7705357985483827
2023-11-20 11:00:00,20.77287895,range,0.8231495188972847
2023-11-20 11:15:00,20.82892719,range,0.810331639320977
2023-11-20 11:30:00,20.8079091,range,0.8960555700076558
2023-11-20 13:15:00,20.8079091,range,0.8960555700076558
2023-11-20 13:30:00,20.79389704,range,0.9091523182718814
2023-11-20 13:45:00,20.85695131,range,0.6324362144853908
2023-11-20 14:00:00,20.8079091,range,0.6307382521208832
2023-11-20 14:15:00,20.84293925,range,0.5790609385791409
2023-11-20 14:30:00,20.84293925,range,0.6671987597552126
2023-11-20 14:45:00,20.84293925,range,0.6671987597552126
2023-11-20 15:00:00,20.82192116,range,0.6671987597552126
2023-11-21 09:45:00,20.80090307,range,0.7845790561090015
2023-11-21 10:00:00,20.85695131,range,0.8939982410047287
2023-11-21 10:15:00,20.83593322,range,0.8939982410047287
2023-11-21 10:30:00,20.80090307,range,0.8851589731971736
2023-11-21 10:45:00,20.83593322,range,0.9068654402922653
2023-11-21 11:00:00,20.79389704,range,0.8939982410047287
2023-11-21 11:15:00,20.81491513,range,0.9088724338911096
2023-11-21 11:30:00,20.82192116,range,0.9070860827310898
2023-11-21 13:15:00,20.79389704,range,0.8064962037434751
2023-11-21 13:30:00,20.80090307,range,0.8064962037434751
2023-11-21 13:45:00,20.79389704,range,0.458376930114946
2023-11-21 14:00:00,20.77287895,range,0.5574051340513307
2023-11-21 14:15:00,20.7378488,trend_down,0.46884277399941277
2023-11-21 14:30:00,20.73084277,trend_down,0.5022776346676564
2023-11-21 14:45:00,20.70982468,trend_down,0.5558584756403866
2023-11-21 15:00:00,20.75186086,trend_down,0.5404470469467834
2023-11-22 09:45:00,20.75186086,trend_down,0.5515452962283331
2023-11-22 10:00:00,20.70982468,trend_down,0.5422999572385219
2023-11-22 10:15:00,20.65377644,trend_down,0.861881937676793
2023-11-22 10:30:00,20.6677885,trend_down,0.9696978493388541
2023-11-22 10:45:00,20.61874629,trend_down,0.9517279395223786
2023-11-22 11:00:00,20.59072217,trend_down,0.9310512581846044
2023-11-22 11:15:00,20.61174026,trend_down,0.8989257226588602
2023-11-22 11:30:00,20.63976438,trend_down,0.8989257226588602
2023-11-22 13:15:00,20.72383674,trend_down,0.9423709533776204
2023-11-22 13:30:00,20.68180056,trend_down,0.9423709533776204
2023-11-22 13:45:00,20.68880659,trend_down,0.6676344334317177
2023-11-22 14:00:00,20.70281865,trend_down,0.6676344334317177
2023-11-22 14:15:00,20.66078247,trend_down,0.9423709533776204
2023-11-22 14:30:00,20.56970408,trend_down,0.8612978915360555
2023-11-22 14:45:00,20.52066187,trend_down,0.5025857758013585
2023-11-22 15:00:00,20.49964378,trend_down,0.5353414024884853
2023-11-23 09:45:00,20.40856539,trend_down,0.504032890722713
2023-11-23 10:00:00,20.35251715,breakout_down,0.47683102472388567
2023-11-23 10:15:00,20.46461363,trend_down,0.9679556215260039
2023-11-23 10:30:00,20.52066187,trend_down,0.9735686106763175
2023-11-23 10:45:00,20.56970408,trend_down,0.9735686106763175
2023-11-23 11:00:00,20.61174026,trend_down,0.7939991758485883
2023-11-23 11:15:00,20.5977282,trend_down,0.7939991758485883
2023-11-23 11:30:00,20.67479453,trend_down,0.7939991758485883
2023-11-23 13:15:00,20.62575232,trend_down,0.7939991758485883
2023-11-23 13:30:00,20.5276679,trend_down,0.934401781259849
2023-11-23 13:45:00,20.55569202,trend_down,0.9567949741861582
2023-11-23 14:00:00,20.50664981,trend_down,0.8992337021191241
2023-11-23 14:15:00,20.50664981,trend_down,0.8992337021191241
2023-11-23 14:30:00,20.49964378,trend_down,0.8860670408144169
2023-11-23 14:45:00,20.49964378,trend_down,0.757483659280673
2023-11-23 15:00:00,20.56269805,range,0.5731823569743637
2023-11-24 09:45:00,20.38054127,trend_down,0.8152858598265084
2023-11-24 10:00:00,20.31048097,trend_down,0.832197671039738
2023-11-24 10:15:00,20.32449303,trend_down,0.9237558618896627
2023-11-24 10:30:00,20.24042067,trend_down,0.9558414499823894
2023-11-24 10:45:00,20.07928198,trend_down,0.5293985367695945
2023-11-24 11:00:00,20.13533022,trend_down,0.9742323281814625
2023-11-24 11:15:00,20.1073061,trend_down,0.8895342149017359
2023-11-24 11:30:00,20.1773664,trend_down,0.967029182099857
2023-11-24 13:15:00,20.21940258,trend_down,0.967029182099857
2023-11-24 13:30:00,20.07928198,trend_down,0.9742323281814625
2023-11-24 13:45:00,20.12832419,trend_down,0.9182273385573261
2023-11-24 14:00:00,20.16335434,trend_down,0.9742323281814625
2023-11-24 14:15:00,20.15634831,trend_down,0.9182273385573261
2023-11-24 14:30:00,20.14934228,trend_down,0.9182273385573261
2023-11-24 14:45:00,20.16335434,trend_down,0.9162450753751263
2023-11-24 15:00:00,20.15634831,trend_down,0.9162450753751263
2023-11-27 09:45:00,20.03023977,trend_down,0.6477908628571408
2023-11-27 10:00:00,19.93215535,trend_down,0.5384873087544113
2023-11-27 10:15:00,19.93215535,trend_down,0.5135729959019175
2023-11-27 10:30:00,20.05125786,trend_down,0.9314258120147536
2023-11-27 10:45:00,19.92514932,trend_down,0.9742323281814625
2023-11-27 11:00:00,19.96017947,trend_down,0.8809636631528646
2023-11-27 11:15:00,19.98119756,trend_down,0.967029182099857
2023-11-27 11:30:00,20.00922168,trend_down,0.9162450753751263
2023-11-27 13:15:00,20.03023977,trend_down,0.8920597894315797
2023-11-27 13:30:00,20.02323374,trend_down,0.8512749765681535
2023-11-27 13:45:00,20.0372458,trend_down,0.7023470941254666
2023-11-27 14:00:00,20.04425183,trend_down,0.7023470941254666
2023-11-27 14:15:00,20.05125786,trend_down,0.6768167011461791
2023-11-27 14:30:00,20.05826389,trend_down,0.7023470941254666
2023-11-27 14:45:00,19.99520962,trend_down,0.9040128937249435
2023-11-27 15:00:00,20.04425183,trend_down,0.9200970289289416
2023-11-28 09:45:00,19.8270649,trend_down,0.8230578117154014
2023-11-28 10:00:00,19.94616741,trend_down,0.9237558618896629
2023-11-28 10:15:00,20.00922168,trend_down,0.9015062663814333
2023-11-28 10:30:00,20.04425183,trend_down,0.6554353925269597
2023-11-28 10:45:00,20.04425183,trend_down,0.6554353925269597
2023-11-28 11:00:00,20.1073061,trend_down,0.7174783664142402
2023-11-28 11:15:00,20.15634831,trend_up,0.4702253666007526
2023-11-28 11:30:00,20.13533022,trend_up,0.7599209231430892
2023-11-28 13:15:00,20.1073061,trend_up,0.855581000415728
2023-11-28 13:30:00,20.03023977,trend_up,0.4702253666007526
2023-11-28 13:45:00,20.00922168,trend_down,0.9203653755158664
2023-11-28 14:00:00,20.05125786,trend_down,0.6545920166124131
2023-11-28 14:15:00,20.05125786,range,0.7472219107038316
2023-11-28 14:30:00,20.05826389,range,0.8738031437839128
2023-11-28 14:45:00,20.06526992,range,0.795484194260536
2023-11-28 15:00:00,20.1073061,range,0.795484194260536
2023-11-29 09:45:00,19.9671855,trend_down,0.4023418816377386
2023-11-29 10:00:00,19.8971252,trend_down,0.8384083056319496
2023-11-29 10:15:00,19.97419153,trend_down,0.8081841437984747
2023-11-29 10:30:00,19.8971252,trend_down,0.9526892231117793
2023-11-29 10:45:00,19.91113726,trend_down,0.9251993854483096
2023-11-29 11:00:00,19.86910108,trend_down,0.9365728327825781
2023-11-29 11:15:00,19.76401063,trend_down,0.8595469779346802
2023-11-29 11:30:00,19.74999857,trend_down,0.897989906797047
2023-11-29 13:15:00,19.81305284,trend_down,0.9742323281814625
2023-11-29 13:30:00,19.72197445,trend_down,0.9719927446022949
2023-11-29 13:45:00,19.77101666,trend_down,0.9719927446022949
2023-11-29 14:00:00,19.78502872,trend_down,0.8905993395434422
2023-11-29 14:15:00,19.72898048,trend_down,0.8958711337427966
2023-11-29 14:30:00,19.6869443,trend_down,0.8939769871064682
2023-11-29 14:45:00,19.72197445,trend_down,0.8231946377914303
2023-11-29 15:00:00,19.70796239,trend_down,0.9696978493388541
2023-11-30 09:45:00,19.53981767,trend_down,0.7972527360119186
2023-11-30 10:00:00,19.42071516,trend_down,0.5293985367695945
2023-11-30 10:15:00,19.42772119,trend_down,0.9742323281814625
2023-11-30 10:30:00,19.41370913,trend_down,0.9569306208080132
2023-11-30 10:45:00,19.39969707,trend_down,0.927690188616068
2023-11-30 11:00:00,19.34364883,trend_down,0.8989257226588602
2023-11-30 11:15:00,19.35065486,trend_down,0.8989257226588602
2023-11-30 11:30:00,19.30161265,trend_down,0.8264601616968841
2023-11-30 13:15:00,19.24556441,trend_down,0.48415573323469413
2023-11-30 13:30:00,19.10544381,trend_down,0.4850766622556711
2023-11-30 13:45:00,19.20352823,trend_down,0.9742323281814625
2023-11-30 14:00:00,19.14747999,trend_down,0.9742323281814625
2023-11-30 14:15:00,19.21754029,trend_down,0.9742323281814625
2023-11-30 14:30:00,19.22454632,trend_down,0.9019048519618212
2023-11-30 14:45:00,19.22454632,trend_down,0.9254264981159408
2023-11-30 15:00:00,19.25957647,trend_down,0.9236042312450827
2023-12-01 09:45:00,18.96532321,trend_down,0.6353152693330081
2023-12-01 10:00:00,18.97232924,trend_down,0.9696978493388541
2023-12-01 10:15:00,18.95131115,trend_down,0.968840342841616
2023-12-01 10:30:00,18.89526291,trend_down,0.7410872316459238
2023-12-01 10:45:00,18.94430512,trend_down,0.9742323281814625
2023-12-01 11:00:00,18.916281,trend_down,0.9019048519618212
2023-12-01 11:15:00,18.95831718,trend_down,0.9705246689210671
2023-12-01 11:30:00,18.93729909,trend_down,0.8995701894473405
2023-12-01 13:15:00,18.85322673,trend_down,0.7929990132860121
2023-12-01 13:30:00,18.90927497,trend_down,0.9689210597843152
2023-12-01 13:45:00,18.87424482,trend_down,0.9689210597843152
2023-12-01 14:00:00,18.89526291,trend_down,0.9689210597843152
2023-12-01 14:15:00,18.92328703,trend_down,0.9212211388208612
2023-12-01 14:30:00,18.81819658,trend_down,0.9735686106763175
2023-12-01 14:45:00,18.8462207,trend_down,0.8924256327184921
2023-12-01 15:00:00,18.82520261,trend_down,0.8924256327184921
2023-12-04 09:45:00,19.07041366,trend_up,0.7349938092554127
2023-12-04 10:00:00,19.14047396,trend_up,0.9423709533776204
2023-12-04 10:15:00,19.20352823,trend_up,0.9423709533776204
2023-12-04 10:30:00,19.28059456,trend_up,0.9423709533776204
2023-12-04 10:45:00,19.28059456,trend_up,0.9098701378212136
2023-12-04 11:00:00,19.30861868,trend_up,0.884414432399688
2023-12-04 11:15:00,19.3366428,trend_up,0.884414432399688
2023-12-04 11:30:00,19.3366428,trend_up,0.8795917697363257
2023-12-04 13:15:00,19.28760059,trend_up,0.8705313301600581
2023-12-04 13:30:00,19.41370913,trend_up,0.9465750139341989
2023-12-04 13:45:00,19.53281164,trend_up,0.90211421181728
2023-12-04 14:00:00,19.46975737,trend_up,0.9470025662049734
2023-12-04 14:15:00,19.42071516,trend_up,0.9470025662049734
2023-12-04 14:30:00,19.35766089,trend_up,0.9470025662049734
2023-12-04 14:45:00,19.30861868,trend_up,0.8705313301600581
2023-12-04 15:00:00,19.35766089,trend_up,0.8989569418665566
2023-12-05 09:45:00,19.07041366,trend_down,0.8152824523550809
2023-12-05 10:00:00,19.07041366,trend_down,0.8705313301600581
2023-12-05 10:15:00,19.11244984,trend_down,0.9355279931890701
2023-12-05 10:30:00,19.10544381,trend_down,0.9053335040930583
2023-12-05 10:45:00,19.08442572,trend_down,0.8927407182097999
2023-12-05 11:00:00,19.06340763,trend_down,0.9182273385573261
2023-12-05 11:15:00,19.09143175,trend_down,0.9156880955987667
2023-12-05 11:30:00,19.15448602,trend_down,0.9176443744606801
2023-12-05 13:15:00,19.07741969,trend_down,0.9735686106763175
2023-12-05 13:30:00,19.07741969,trend_down,0.9156880955987667
2023-12-05 13:45:00,19.07041366,trend_down,0.8980202892131044
2023-12-05 14:00:00,19.09843778,trend_down,0.8980202892131044
2023-12-05 14:15:00,19.14047396,trend_down,0.9653094962875512
2023-12-05 14:30:00,19.09843778,trend_down,0.9136500667948829
2023-12-05 14:45:00,19.07741969,trend_down,0.8980202892131044
2023-12-05 15:00:00,19.00035336,trend_down,0.9490577665141625
2023-12-06 09:45:00,19.21754029,reversal,0.4317765843331785
2023-12-06 10:00:00,19.29460662,trend_up,0.5824918233590364
2023-12-06 10:15:00,19.42071516,trend_up,0.4344869128272065
2023-12-06 10:30:00,19.36466692,trend_up,0.8142185578809407
2023-12-06 10:45:00,19.39969707,trend_up,0.9423709533776204
2023-12-06 11:00:00,19.4067031,trend_up,0.808111438353901
2023-12-06 11:15:00,19.42071516,trend_up,0.9522565217787161
2023-12-06 11:30:00,19.38568501,trend_up,0.8672707799644854
2023-12-06 13:15:00,19.44173325,trend_up,0.9526892231117793
2023-12-06 13:30:00,19.49778149,trend_up,0.9206961464705191
2023-12-06 13:45:00,19.46275134,trend_up,0.9741497011086431
2023-12-06 14:00:00,19.44173325,trend_up,0.9204558658492991
2023-12-06 14:15:00,19.56784179,trend_up,0.9638470457010408
2023-12-06 14:30:00,19.58185385,trend_up,0.7444883353635696
2023-12-06 14:45:00,19.71496842,trend_up,0.493864875391554
2023-12-06 15:00:00,19.69395033,trend_up,0.9742323281814625
2023-12-07 09:45:00,19.86910108,trend_up,0.5293985367695945
2023-12-07 10:00:00,19.85508902,trend_up,0.938106489634533
2023-12-07 10:15:00,19.89011917,trend_up,0.9742323281814625
2023-12-07 10:30:00,20.00221565,trend_up,0.8264601616968841
2023-12-07 10:45:00,20.06526992,trend_up,0.5407135016471885
2023-12-07 11:00:00,20.07227595,trend_up,0.9206961464705191
2023-12-07 11:15:00,20.14934228,trend_up,0.8219355018305541
2023-12-07 11:30:00,20.19137846,trend_up,0.8927407182097999
2023-12-07 13:15:00,20.39455333,breakout_up,0.4835645679925929
2023-12-07 13:30:00,20.4576076,trend_up,0.5387730654631989
2023-12-07 13:45:00,20.54167996,trend_up,0.5384873087544113
2023-12-07 14:00:00,20.45060157,trend_up,0.5384873087544113
2023-12-07 14:15:00,20.3875473,trend_up,0.8895342149017359
2023-12-07 14:30:00,20.33149906,trend_up,0.8895342149017359
2023-12-07 14:45:00,20.33850509,trend_up,0.8895342149017359
2023-12-07 15:00:00,20.30347494,trend_up,0.9162450753751263
2023-12-08 09:45:00,20.07227595,trend_up,0.790893365222354
2023-12-08 10:00:00,20.08628801,trend_up,0.8156601237330515
2023-12-08 10:15:00,20.03023977,trend_up,0.8156601237330515
2023-12-08 10:30:00,20.05125786,trend_down,0.6428670560630614
2023-12-08 10:45:00,20.04425183,trend_down,0.8693229371688215
2023-12-08 11:00:00,20.00922168,trend_down,0.8693229371688215
2023-12-08 11:15:00,19.98119756,trend_down,0.8693229371688215
2023-12-08 11:30:00,19.98119756,trend_down,0.8693229371688215
2023-12-08 13:15:00,20.20539052,trend_up,0.9423709533776204
2023-12-08 13:30:00,20.15634831,trend_up,0.9567949741861582
2023-12-08 13:45:00,20.18437243,trend_up,0.9423709533776204
2023-12-08 14:00:00,20.11431213,trend_down,0.6073029387372603
2023-12-08 14:15:00,20.13533022,trend_up,0.8888063780690166
2023-12-08 14:30:00,20.05125786,trend_down,0.6073029387372603
2023-12-08 14:45:00,20.05125786,range,0.5542730275260896
2023-12-08 15:00:00,20.11431213,trend_up,0.5754827443311201
2023-12-11 09:45:00,20.06526992,range,0.432171630039265
2023-12-11 10:00:00,20.25443273,range,0.4701744239248355
2023-12-11 10:15:00,20.317487,trend_up,0.533227573154796
2023-12-11 10:30:00,20.26143876,range,0.5030095503666082
2023-12-11 10:45:00,20.22640861,trend_up,0.5355572095786205
2023-12-11 11:00:00,20.03023977,range,0.8872046872473589
2023-12-11 11:15:00,20.0372458,range,0.810076439693821
2023-12-11 11:30:00,20.06526992,range,0.8068890267785982
2023-12-11 13:15:00,19.96017947,range,0.8872046872473589
2023-12-11 13:30:00,20.06526992,range,0.6125631315948684
2023-12-11 13:45:00,20.06526992,range,0.6125631315948684
2023-12-11 14:00:00,20.05125786,range,0.6629975606461551
2023-12-11 14:15:00,20.11431213,range,0.8872046872473589
2023-12-11 14:30:00,20.14934228,range,0.9072981748131455
2023-12-11 14:45:00,20.09329404,range,0.8872046872473589
2023-12-11 15:00:00,20.12832419,range,0.9072981748131455
2023-12-12 09:45:00,20.30347494,range,0.4838306725538221
2023-12-12 10:00:00,20.17036037,range,0.5180600844809882
2023-12-12 10:15:00,20.19838449,range,0.5180600844809882
2023-12-12 10:30:00,20.05826389,range,0.8862011044689261
2023-12-12 10:45:00,20.10030007,range,0.8068890267785982
2023-12-12 11:00:00,20.1073061,range,0.810076439693821
2023-12-12 11:15:00,20.1073061,range,0.9090151530166732
2023-12-12 11:30:00,20.17036037,range,0.8072668076257075
2023-12-12 13:15:00,20.10030007,range,0.9075020440909478
2023-12-12 13:30:00,20.06526992,range,0.8072668076257075
2023-12-12 13:45:00,20.07227595,range,0.8072668076257075
2023-12-12 14:00:00,20.05826389,range,0.9075020440909478
2023-12-12 14:15:00,20.12832419,range,0.8881710623963003
2023-12-12 14:30:00,20.17036037,range,0.7722451375612671
2023-12-12 14:45:00,20.19838449,trend_up,0.4734074590308993
2023-12-12 15:00:00,20.19838449,range,0.47928503591972765
2023-12-13 09:45:00,20.317487,trend_up,0.5172092323919841
2023-12-13 10:00:00,20.28946288,trend_up,0.6646317013055155
2023-12-13 10:15:00,20.1773664,trend_up,0.5995452105459698
2023-12-13 10:30:00,20.12131816,range,0.6813037943603433
2023-12-13 10:45:00,20.10030007,range,0.7851479446904522
2023-12-13 11:00:00,20.12131816,range,0.7240131848057194
2023-12-13 11:15:00,20.20539052,range,0.7240131848057194
2023-12-13 11:30:00,20.19137846,trend_up,0.5858872534115398
2023-12-13 13:15:00,20.16335434,range,0.836379350546799
2023-12-13 13:30:00,20.12832419,range,0.8960555700076558
2023-12-13 13:45:00,20.08628801,range,0.836379350546799
2023-12-13 14:00:00,20.12131816,range,0.9075020440909478
2023-12-13 14:15:00,20.09329404,range,0.8072668076257075
2023-12-13 14:30:00,20.10030007,range,0.5537895366448894
2023-12-13 14:45:00,20.06526992,range,0.6476432824118017
2023-12-13 15:00:00,20.00221565,range,0.49414300947006046
2023-12-14 09:45:00,19.97419153,trend_down,0.5613686298120771
2023-12-14 10:00:00,19.9671855,trend_down,0.79441816231226
2023-12-14 10:15:00,19.93215535,breakout_down,0.41565150919826316
2023-12-14 10:30:00,19.87610711,trend_down,0.7416278377756055
2023-12-14 10:45:00,19.88311314,trend_down,0.5407135016471885
2023-12-14 11:00:00,19.86910108,trend_down,0.9637445948107466
2023-12-14 11:15:00,19.91113726,trend_down,0.9637445948107466
2023-12-14 11:30:00,19.93916138,trend_down,0.8794915588041824
2023-12-14 13:15:00,19.88311314,trend_down,0.9741497011086431
2023-12-14 13:30:00,19.91113726,trend_down,0.9741497011086431
2023-12-14 13:45:00,19.8971252,trend_down,0.9179802441287964
2023-12-14 14:00:00,19.91814329,trend_down,0.9741497011086431
2023-12-14 14:15:00,19.99520962,trend_up,0.790893365222354
2023-12-14 14:30:00,19.93916138,trend_up,0.790893365222354
2023-12-14 14:45:00,19.93916138,trend_up,0.790893365222354
2023-12-14 15:00:00,19.93215535,range,0.5067820346763223
2023-12-15 09:45:00,19.9671855,trend_up,0.5111506662096559
2023-12-15 10:00:00,20.03023977,trend_up,0.5183425986193364
2023-12-15 10:15:00,19.9671855,trend_up,0.5255368726491012
2023-12-15 10:30:00,20.02323374,range,0.7133022063792285
2023-12-15 10:45:00,20.03023977,trend_up,0.5399094434744496
2023-12-15 11:00:00,19.91113726,range,0.6121192117337858
2023-12-15 11:15:00,19.90413123,trend_down,0.49102642257521434
2023-12-15 11:30:00,19.92514932,trend_down,0.49102642257521434
2023-12-15 13:15:00,19.81305284,trend_down,0.471038701724343
2023-12-15 13:30:00,19.79203475,trend_down,0.5012016836189366
2023-12-15 13:45:00,19.80604681,trend_down,0.5155217552503614
2023-12-15 14:00:00,19.74299254,trend_down,0.6975880624924743
2023-12-15 14:15:00,19.70796239,trend_down,0.7698209609603205
2023-12-15 14:30:00,19.67993827,trend_down,0.5585561380050836
2023-12-15 14:45:00,19.67993827,trend_down,0.6189330205085485
2023-12-15 15:00:00,19.6869443,trend_down,0.8989257226588602
2023-12-18 09:45:00,19.60287194,breakout_down,0.48512049459319745
2023-12-18 10:00:00,19.49778149,trend_down,0.9742323281814625
2023-12-18 10:15:00,19.53281164,trend_down,0.8237904192896002
2023-12-18 10:30:00,19.55382973,trend_down,0.9705246689210671
2023-12-18 10:45:00,19.71496842,trend_down,0.967576630127711
2023-12-18 11:00:00,19.6869443,trend_down,0.8965282913525047
2023-12-18 11:15:00,19.616884,trend_down,0.9735686106763175
2023-12-18 11:30:00,19.51879958,trend_down,0.9569306208080132
2023-12-18 13:15:00,19.50478752,trend_down,0.5675311311601307
2023-12-18 13:30:00,19.38568501,trend_down,0.5020979510370589
2023-12-18 13:45:00,19.38568501,trend_down,0.5387730654631989
2023-12-18 14:00:00,19.30861868,trend_down,0.5293985367695945
2023-12-18 14:15:00,19.25957647,trend_down,0.5293985367695945
2023-12-18 14:30:00,19.30861868,trend_down,0.9742323281814625
2023-12-18 14:45:00,19.2665825,trend_down,0.8003153026697971
2023-12-18 15:00:00,19.28760059,trend_down,0.9742323281814625
2023-12-19 09:45:00,19.13346793,trend_down,0.7779103232958292
2023-12-19 10:00:00,19.08442572,trend_down,0.9742323281814625
2023-12-19 10:15:00,19.15448602,trend_down,0.9742323281814625
2023-12-19 10:30:00,19.14047396,trend_down,0.9019048519618212
2023-12-19 10:45:00,19.22454632,trend_down,0.9705246689210671
2023-12-19 11:00:00,19.2665825,trend_down,0.9653094962875512
2023-12-19 11:15:00,19.27358853,trend_down,0.9653094962875512
2023-12-19 11:30:00,19.29460662,trend_down,0.9013151139342803
2023-12-19 13:15:00,19.27358853,trend_down,0.9013151139342803
2023-12-19 13:30:00,19.30161265,trend_down,0.7119282201741393
2023-12-19 13:45:00,19.39969707,trend_up,0.6073029387372603
2023-12-19 14:00:00,19.34364883,range,0.4281058360795582
2023-12-19 14:15:00,19.3366428,range,0.4281058360795582
2023-12-19 14:30:00,19.29460662,trend_down,0.8812855876076623
2023-12-19 14:45:00,19.3366428,range,0.68742754267119
2023-12-19 15:00:00,19.39269104,range,0.43720636478307423
2023-12-20 09:45:00,19.1965222,trend_down,0.4023418816377386
2023-12-20 10:00:00,19.30161265,trend_down,0.7990807723304278
2023-12-20 10:15:00,19.23855838,trend_down,0.5111506662096559
2023-12-20 10:30:00,19.29460662,range,0.836379350546799
2023-12-20 10:45:00,19.25257044,trend_down,0.5946728142793603
2023-12-20 11:00:00,19.15448602,trend_down,0.7059970183285622
2023-12-20 11:15:00,19.15448602,trend_down,0.6570666024131534
2023-12-20 11:30:00,19.16149205,trend_down,0.6570666024131534
2023-12-20 13:15:00,19.10544381,trend_down,0.9657723306279667
2023-12-20 13:30:00,19.14747999,trend_down,0.9183940335578761
2023-12-20 13:45:00,19.00035336,trend_down,0.9321507785944317
2023-12-20 14:00:00,19.04939557,trend_down,0.7656050534804759
2023-12-20 14:15:00,19.04939557,trend_down,0.9230955164120815
2023-12-20 14:30:00,19.00035336,trend_down,0.9268955060706154
2023-12-20 14:45:00,19.02837748,trend_down,0.8989257226588602
2023-12-20 15:00:00,18.97232924,trend_down,0.8231946377914303
2023-12-21 09:45:00,19.08442572,trend_down,0.8923561564834
2023-12-21 10:00:00,19.02837748,trend_down,0.9705246689210671
2023-12-21 10:15:00,19.02137145,trend_down,0.9697684139280737
2023-12-21 10:30:00,18.99334733,trend_down,0.9735686106763175
2023-12-21 10:45:00,19.01436542,trend_down,0.9735686106763175
2023-12-21 11:00:00,19.11244984,trend_down,0.8027671989238353
2023-12-21 11:15:00,19.10544381,trend_down,0.8027671989238353
2023-12-21 11:30:00,19.09143175,trend_down,0.8027671989238353
2023-12-21 13:15:00,19.10544381,trend_down,0.5399094434744496
2023-12-21 13:30:00,19.16149205,range,0.7826849826654572
2023-12-21 13:45:00,19.21754029,range,0.41902774149197514
2023-12-21 14:00:00,19.20352823,range,0.5376925074681689
2023-12-21 14:15:00,19.16149205,trend_up,0.8320224970205874
2023-12-21 14:30:00,19.16149205,trend_up,0.6099509534841757
2023-12-21 14:45:00,19.30861868,trend_up,0.7313457287361819
2023-12-21 15:00:00,19.3366428,trend_up,0.5185993729577668
2023-12-22 09:45:00,19.30161265,trend_up,0.653972644407625
2023-12-22 10:00:00,19.74299254,breakout_up,0.45468938376457885
2023-12-22 10:15:00,19.73598651,trend_up,0.7520021900993366
2023-12-22 10:30:00,19.67293224,trend_up,0.9558414499823895
2023-12-22 10:45:00,19.69395033,trend_up,0.9569306208080132
2023-12-22 11:00:00,19.84107696,trend_up,0.8264601616968841
2023-12-22 11:15:00,19.91113726,trend_up,0.8264601616968841
2023-12-22 11:30:00,19.88311314,trend_up,0.5395694509594747
2023-12-22 13:15:00,19.82005887,trend_up,0.9705246689210671
2023-12-22 13:30:00,19.80604681,trend_up,0.9705246689210671
2023-12-22 13:45:00,19.78502872,trend_up,0.9742323281814625
2023-12-22 14:00:00,19.74299254,trend_up,0.927690188616068
2023-12-22 14:15:00,19.67993827,trend_up,0.9735686106763175
2023-12-22 14:30:00,19.6869443,trend_down,0.7119282201741393
2023-12-22 14:45:00,19.69395033,trend_up,0.7119282201741393
2023-12-22 15:00:00,19.72197445,trend_up,0.8983132835346506
2023-12-25 09:45:00,20.08628801,trend_up,0.634565033529252
2023-12-25 10:00:00,20.07928198,trend_up,0.4622669872445736
2023-12-25 10:15:00,20.05826389,trend_up,0.9569306208080132
2023-12-25 10:30:00,20.07227595,trend_up,0.9052286302355669
2023-12-25 10:45:00,19.9671855,trend_up,0.9742323281814625
2023-12-25 11:00:00,19.9671855,trend_up,0.9742323281814625
2023-12-25 11:15:00,19.98119756,trend_up,0.886942038506704
2023-12-25 11:30:00,19.97419153,trend_up,0.9557253993927181
2023-12-25 13:15:00,20.09329404,trend_up,0.7917996214816444
2023-12-25 13:30:00,20.15634831,trend_up,0.9261119987479053
2023-12-25 13:45:00,20.24042067,trend_up,0.6537255360960813
2023-12-25 14:00:00,20.14233625,trend_up,0.9742323281814625
2023-12-25 14:15:00,20.1773664,trend_up,0.9742323281814625
2023-12-25 14:30:00,20.1773664,trend_up,0.8902144987503774
2023-12-25 14:45:00,20.14934228,trend_up,0.9671310851438669
2023-12-25 15:00:00,20.14934228,trend_up,0.8902144987503774
2023-12-26 09:45:00,20.01622771,trend_down,0.6073029387372603
2023-12-26 10:00:00,20.13533022,trend_up,0.8156601237330515
2023-12-26 10:15:00,19.97419153,trend_down,0.6073029387372603
2023-12-26 10:30:00,19.86209505,trend_down,0.8156601237330515
2023-12-26 10:45:00,19.96017947,trend_down,0.5784702925237408
2023-12-26 11:00:00,19.83407093,trend_down,0.5784702925237408
2023-12-26 11:15:00,19.79904078,trend_down,0.9053335040930582
2023-12-26 11:30:00,19.85508902,trend_down,0.9221638918828787
2023-12-26 13:15:00,19.78502872,trend_down,0.907635003707718
2023-12-26 13:30:00,19.7570046,trend_down,0.9091723009582408
2023-12-26 13:45:00,19.77802269,trend_down,0.907635003707718
2023-12-26 14:00:00,19.92514932,trend_down,0.9096603708933312
2023-12-26 14:15:00,19.84808299,trend_down,0.9096603708933312
2023-12-26 14:30:00,19.91814329,trend_down,0.6073029387372603
2023-12-26 14:45:00,19.93215535,trend_down,0.6073029387372603
2023-12-26 15:00:00,19.91814329,range,0.4463221082749991
2023-12-27 09:45:00,19.81305284,trend_down,0.5739474073462888
2023-12-27 10:00:00,19.616884,trend_down,0.5271489799540309
2023-12-27 10:15:00,19.5468237,trend_down,0.8901202629150836
2023-12-27 10:30:00,19.63790209,trend_down,0.9096603708933312
2023-12-27 10:45:00,19.60287194,trend_down,0.9423709533776204
2023-12-27 11:00:00,19.79203475,trend_down,0.9423709533776204
2023-12-27 11:15:00,19.71496842,trend_down,0.9355279931890701
2023-12-27 11:30:00,19.8971252,trend_down,0.5784702925237408
2023-12-27 13:15:00,19.84107696,trend_up,0.7939991758485883
2023-12-27 13:30:00,19.80604681,trend_up,0.7656634859672273
2023-12-27 13:45:00,19.86209505,trend_up,0.5894533561033574
2023-12-27 14:00:00,19.73598651,range,0.434889322393725
2023-12-27 14:15:00,19.74299254,range,0.8034067673847938
2023-12-27 14:30:00,19.8270649,range,0.6356567985997432
2023-12-27 14:45:00,19.84107696,range,0.6148610574654111
2023-12-27 15:00:00,19.8270649,range,0.7722451375612671
2023-12-28 09:45:00,19.91814329,trend_up,0.5780151778860745
2023-12-28 10:00:00,19.8971252,trend_up,0.7122263879303621
2023-12-28 10:15:00,20.0372458,trend_up,0.7033767354375677
2023-12-28 10:30:00,19.95317344,trend_up,0.6901211101873493
2023-12-28 10:45:00,20.02323374,trend_up,0.5869865257032929
2023-12-28 11:00:00,20.05826389,trend_up,0.5618073999884746
2023-12-28 11:15:00,19.96017947,trend_up,0.7442668988658746
2023-12-28 11:30:00,20.02323374,trend_up,0.5593734999415976
2023-12-28 13:15:00,20.1073061,trend_up,0.5674187420965986
2023-12-28 13:30:00,20.07928198,trend_up,0.6742497570835494
2023-12-28 13:45:00,20.10030007,trend_up,0.6742497570835494
2023-12-28 14:00:00,20.13533022,trend_up,0.6575239989446836
2023-12-28 14:15:00,20.2474267,trend_up,0.46565349822257057
2023-12-28 14:30:00,20.1773664,trend_up,0.8678930954921577
2023-12-28 14:45:00,20.11431213,trend_up,0.9259188089160423
2023-12-28 15:00:00,20.14233625,trend_up,0.9259188089160423
2023-12-29 09:45:00,20.17036037,trend_up,0.895572857015637
2023-12-29 10:00:00,20.23341464,trend_up,0.9697684139280737
2023-12-29 10:15:00,20.24042067,trend_up,0.9283791429760239
2023-12-29 10:30:00,20.19838449,trend_up,0.904808988462874
2023-12-29 10:45:00,20.17036037,trend_up,0.904808988462874
2023-12-29 11:00:00,20.15634831,trend_up,0.6740407355738497
2023-12-29 11:15:00,20.21239655,trend_up,0.600148039035548
2023-12-29 11:30:00,20.19137846,trend_up,0.5967418583404716
2023-12-29 13:15:00,20.13533022,trend_up,0.7250508250909043
2023-12-29 13:30:00,20.21940258,trend_up,0.7723910181007572
2023-12-29 13:45:00,20.21940258,trend_up,0.7659054292288926
2023-12-29 14:00:00,20.22640861,trend_up,0.5867797800326506
2023-12-29 14:15:00,20.24042067,trend_up,0.5558584756403866
2023-12-29 14:30:00,20.22640861,trend_up,0.5901611865688013
2023-12-29 14:45:00,20.19838449,trend_up,0.5210372069591409
2023-12-29 15:00:00,20.21239655,trend_up,0.5593734999415976
2024-01-02 09:45:00,20.00221565,trend_down,0.6380394968771635
2024-01-02 10:00:00,19.99520962,trend_down,0.7604757499852173
2024-01-02 10:15:00,20.14934228,range,0.5367232051589758
2024-01-02 10:30:00,20.10030007,range,0.5367232051589758
2024-01-02 10:45:00,20.1773664,range,0.5367232051589758
2024-01-02 11:00:00,20.11431213,range,0.6210429185113224
2024-01-02 11:15:00,20.15634831,range,0.6289200282351567
2024-01-02 11:30:00,20.17036037,range,0.6356567985997432
2024-01-02 13:15:00,20.38054127,trend_up,0.6986672079604682
2024-01-02 13:30:00,20.49964378,trend_up,0.49131060527347614
2024-01-02 13:45:00,20.44359554,trend_up,0.833919176812063
2024-01-02 14:00:00,20.4576076,trend_up,0.9235790161001761
2024-01-02 14:15:00,20.47161966,trend_up,0.907952725797846
2024-01-02 14:30:00,20.3875473,trend_up,0.9417516507203924
2024-01-02 14:45:00,20.28245685,trend_up,0.922476408586515
2024-01-02 15:00:00,20.30347494,trend_up,0.8952284811874971
2024-01-03 09:45:00,20.28946288,trend_up,0.6980736040839369
2024-01-03 10:00:00,20.28946288,trend_up,0.6980736040839369
2024-01-03 10:15:00,20.24042067,range,0.7535994836059334
2024-01-03 10:30:00,20.20539052,range,0.566292616252631
2024-01-03 10:45:00,20.22640861,trend_down,0.6554353925269597
2024-01-03 11:00:00,20.2474267,range,0.7497206378675046
2024-01-03 11:15:00,20.17036037,trend_down,0.5783064637189992
2024-01-03 11:30:00,20.19838449,trend_down,0.5182498481931086
2024-01-03 13:15:00,20.2474267,trend_down,0.7604757499852173
2024-01-03 13:30:00,20.26844479,range,0.8960555700076558
2024-01-03 13:45:00,20.21940258,range,0.836379350546799
2024-01-03 14:00:00,20.28946288,range,0.836379350546799
2024-01-03 14:15:00,20.28946288,range,0.685759807008504
2024-01-03 14:30:00,20.35952318,trend_up,0.5314785125189843
2024-01-03 14:45:00,20.317487,trend_up,0.5314785125189843
2024-01-03 15:00:00,20.317487,trend_up,0.5369144893070597
2024-01-04 09:45:00,19.98820359,range,0.7295160853034214
2024-01-04 10:00:00,19.90413123,trend_down,0.4776681190067354
2024-01-04 10:15:00,19.92514932,trend_down,0.8901202629150836
2024-01-04 10:30:00,19.91814329,trend_down,0.9096603708933312
2024-01-04 10:45:00,20.03023977,trend_down,0.9320707198211117
2024-01-04 11:00:00,19.93215535,trend_down,0.9365051591176241
2024-01-04 11:15:00,19.99520962,trend_down,0.8732050535507565
2024-01-04 11:30:00,20.01622771,trend_down,0.9077766284665878
2024-01-04 13:15:00,20.10030007,trend_down,0.8311401299466902
2024-01-04 13:30:00,20.19838449,trend_up,0.4676909840775995
2024-01-04 13:45:00,20.28245685,trend_up,0.4981333683671084
2024-01-04 14:00:00,20.25443273,trend_up,0.7018222888918412
2024-01-04 14:15:00,20.1773664,trend_up,0.8968908735351956
2024-01-04 14:30:00,20.16335434,trend_up,0.7524824829551136
2024-01-04 14:45:00,20.14233625,range,0.7544736893571622
2024-01-04 15:00:00,20.14233625,range,0.6412288529727601
2024-01-05 09:45:00,20.00922168,range,0.6412288529727601
2024-01-05 10:00:00,20.04425183,trend_down,0.6777546802359254
2024-01-05 10:15:00,20.09329404,trend_down,0.6777546802359254
2024-01-05 10:30:00,20.10030007,trend_down,0.5720665698542747
2024-01-05 10:45:00,20.07928198,trend_down,0.5631804174200745
2024-01-05 11:00:00,20.0372458,trend_down,0.5864142170964854
2024-01-05 11:15:00,20.00922168,trend_down,0.5808806847033853
2024-01-05 11:30:00,20.00221565,trend_down,0.5808806847033853
2024-01-05 13:15:00,19.9671855,trend_down,0.6981605724174039
2024-01-05 13:30:00,19.98820359,trend_down,0.6872932051106249
2024-01-05 13:45:00,19.9671855,trend_down,0.6872932051106249
2024-01-05 14:00:00,19.92514932,trend_down,0.8832460589409941
2024-01-05 14:15:00,19.91113726,trend_down,0.7026083875862044
2024-01-05 14:30:00,19.83407093,trend_down,0.8749138171278051
2024-01-05 14:45:00,19.76401063,trend_down,0.9559729022298562
2024-01-05 15:00:00,19.83407093,trend_down,0.967029182099857
2024-01-08 09:45:00,19.55382973,trend_down,0.4850766622556711
2024-01-08 10:00:00,19.63790209,trend_down,0.9742323281814625
2024-01-08 10:15:00,19.66592621,trend_down,0.9742323281814625
2024-01-08 10:30:00,19.58185385,trend_down,0.9742323281814625
2024-01-08 10:45:00,19.60287194,trend_down,0.938106489634533
2024-01-08 11:00:00,19.4067031,trend_down,0.8264601616968841
2024-01-08 11:15:00,19.616884,trend_down,0.938106489634533
2024-01-08 11:30:00,19.616884,trend_down,0.9742323281814625
2024-01-08 13:15:00,19.7570046,trend_down,0.9735686106763175
2024-01-08 13:30:00,19.80604681,trend_down,0.8156601237330515
2024-01-08 13:45:00,19.82005887,trend_down,0.5963623155074708
2024-01-08 14:00:00,19.67293224,trend_down,0.9423709533776204
2024-01-08 14:15:00,19.616884,trend_down,0.9558414499823894
2024-01-08 14:30:00,19.7570046,trend_down,0.8156601237330515
2024-01-08 14:45:00,19.71496842,trend_down,0.8156601237330515
2024-01-08 15:00:00,19.63089606,trend_down,0.9037099434649061
2024-01-09 09:45:00,19.6869443,trend_down,0.8784154790480619
2024-01-09 10:00:00,19.70095636,trend_down,0.6615824891304735
2024-01-09 10:15:00,19.72197445,trend_down,0.8983132835346506
2024-01-09 10:30:00,19.76401063,trend_down,0.7123691467602389
2024-01-09 10:45:00,19.72898048,range,0.49209851201904514
2024-01-09 11:00:00,19.56784179,trend_down,0.9015062663814333
2024-01-09 11:15:00,19.65191415,trend_down,0.9237558618896627
2024-01-09 11:30:00,19.5468237,trend_down,0.9015062663814333
2024-01-09 13:15:00,19.51879958,trend_down,0.9255748033673173
2024-01-09 13:30:00,19.50478752,trend_down,0.8147582894121508
2024-01-09 13:45:00,19.5468237,trend_down,0.7981810015063306
2024-01-09 14:00:00,19.5468237,trend_down,0.8101823525557476
2024-01-09 14:15:00,19.62389003,trend_down,0.8767704711833705
2024-01-09 14:30:00,19.72197445,trend_down,0.47103168417235153
2024-01-09 14:45:00,19.65892018,range,0.535507961565993
2024-01-09 15:00:00,19.63790209,range,0.8766633165993692
2024-01-10 09:45:00,19.46975737,trend_down,0.8992337021191241
2024-01-10 10:00:00,19.53281164,trend_down,0.7123691467602389
2024-01-10 10:15:00,19.60287194,trend_up,0.4639852444248265
2024-01-10 10:30:00,19.67293224,range,0.4463221082749991
2024-01-10 10:45:00,19.81305284,trend_up,0.6554353925269597
2024-01-10 11:00:00,19.76401063,reversal,0.49671072958210505
2024-01-10 11:15:00,19.72898048,range,0.43720636478307423
2024-01-10 11:30:00,19.70796239,trend_up,0.5908897730935444
2024-01-10 13:15:00,19.7570046,trend_up,0.5297699603102178
2024-01-10 13:30:00,19.74299254,range,0.6101895967861346
2024-01-10 13:45:00,19.73598651,range,0.5851334218962132
2024-01-10 14:00:00,19.73598651,range,0.5851334218962132
2024-01-10 14:15:00,19.71496842,range,0.5851334218962132
2024-01-10 14:30:00,19.66592621,range,0.7611088217268407
2024-01-10 14:45:00,19.71496842,range,0.8872046872473589
2024-01-10 15:00:00,19.72898048,range,0.9090151530166732
2024-01-11 09:45:00,19.87610711,breakout_up,0.6082388665107957
2024-01-11 10:00:00,20.14233625,trend_up,0.5894533561033574
2024-01-11 10:15:00,20.45060157,breakout_up,0.4638212914878978
2024-01-11 10:30:00,20.63275835,trend_up,0.504032890722713
2024-01-11 10:45:00,20.71683071,trend_up,0.504032890722713
2024-01-11 11:00:00,20.5977282,trend_up,0.5293985367695945
2024-01-11 11:15:00,20.5977282,trend_up,0.9742323281814625
2024-01-11 11:30:00,20.72383674,trend_up,0.9742323281814625
2024-01-11 13:15:00,20.90599352,trend_up,0.5293985367695945
2024-01-11 13:30:00,20.89198146,trend_up,0.9182273385573261
2024-01-11 13:45:00,21.01809,trend_up,0.9742323281814625
2024-01-11 14:00:00,20.94102367,trend_up,0.8264601616968841
2024-01-11 14:15:00,20.93401764,trend_up,0.9182273385573261
2024-01-11 14:30:00,21.10916839,trend_up,0.967029182099857
2024-01-11 14:45:00,21.08114427,trend_up,0.8212706281870592
2024-01-11 15:00:00,21.07413824,trend_up,0.8895342149017359
2024-01-12 09:45:00,21.02509603,trend_up,0.9314258120147536
2024-01-12 10:00:00,20.99006588,trend_up,0.9182273385573261
2024-01-12 10:15:00,21.07413824,trend_up,0.9661863672976857
2024-01-12 10:30:00,21.00407794,trend_up,0.8892108789204528
2024-01-12 10:45:00,20.89198146,trend_up,0.9557253993927181
2024-01-12 11:00:00,20.94102367,trend_up,0.8920597894315797
2024-01-12 11:15:00,20.88497543,trend_up,0.8920597894315797
2024-01-12 11:30:00,20.8079091,trend_up,0.9653094962875512
2024-01-12 13:15:00,20.82892719,trend_up,0.8920597894315797
2024-01-12 13:30:00,20.92000558,trend_up,0.9005271499839334
2024-01-12 13:45:00,21.02509603,trend_up,0.8719106237819036
2024-01-12 14:00:00,21.05312015,trend_up,0.8689658134381623
2024-01-12 14:15:00,20.99006588,trend_up,0.6981605724174039
2024-01-12 14:30:00,21.03210206,trend_up,0.5864142170964854
2024-01-12 14:45:00,21.03210206,trend_up,0.5872110257917574
2024-01-12 15:00:00,20.96904779,trend_up,0.5114733383376779
2024-01-15 09:45:00,20.82192116,trend_down,0.4564510275150695
2024-01-15 10:00:00,20.82192116,trend_down,0.5239737120696346
2024-01-15 10:15:00,20.96904779,range,0.6299592696573502
2024-01-15 10:30:00,21.01809,trend_up,0.6412619597296555
2024-01-15 10:45:00,21.10216236,trend_up,0.6412619597296555
2024-01-15 11:00:00,21.08114427,trend_up,0.7428243732053118
2024-01-15 11:15:00,21.07413824,trend_up,0.5725779383988192
2024-01-15 11:30:00,20.98305985,range,0.5802914207063435
2024-01-15 13:15:00,21.01809,trend_up,0.5210372069591409
2024-01-15 13:30:00,21.11617442,trend_up,0.8810253399800799
2024-01-15 13:45:00,21.26330105,trend_up,0.8194935556299082
2024-01-15 14:00:00,21.25629502,trend_up,0.7076130860793277
2024-01-15 14:15:00,21.16521663,trend_up,0.7563838706517835
2024-01-15 14:30:00,21.14419854,trend_up,0.5210372069591409
2024-01-15 14:45:00,21.08114427,range,0.783641678197764
2024-01-15 15:00:00,21.13018648,range,0.5024058566247694
2024-01-16 09:45:00,21.41042768,trend_up,0.8236009728483051
2024-01-16 10:00:00,21.45246386,trend_up,0.594580442304064
2024-01-16 10:15:00,21.45946989,trend_up,0.9569306208080132
2024-01-16 10:30:00,21.37539753,trend_up,0.9569306208080132
2024-01-16 10:45:00,21.35437944,trend_up,0.9742323281814625
2024-01-16 11:00:00,21.40342165,trend_up,0.9742323281814625
2024-01-16 11:15:00,21.4384518,trend_up,0.9679511336517824
2024-01-16 11:30:00,21.32635532,trend_up,0.9735686106763175
2024-01-16 13:15:00,21.31934929,trend_up,0.9653094962875512
2024-01-16 13:30:00,21.32635532,trend_up,0.9653094962875512
2024-01-16 13:45:00,21.37539753,trend_up,0.9735686106763175
2024-01-16 14:00:00,21.32635532,trend_up,0.6910003035373161
2024-01-16 14:15:00,21.41042768,trend_up,0.9735686106763175
2024-01-16 14:30:00,21.46647592,trend_up,0.9162450753751263
2024-01-16 14:45:00,21.45246386,trend_up,0.9162450753751263
2024-01-16 15:00:00,21.49450004,trend_up,0.8747281281567539
2024-01-17 09:45:00,21.46647592,trend_up,0.8512749765681535
2024-01-17 10:00:00,21.53653622,trend_up,0.8952284811874971
2024-01-17 10:15:00,21.59258446,trend_up,0.7124680888866436
2024-01-17 10:30:00,21.52953019,trend_up,0.5649918765583642
2024-01-17 10:45:00,21.45246386,range,0.649697269389171
2024-01-17 11:00:00,21.4384518,range,0.7853306308178706
2024-01-17 11:15:00,21.33336135,range,0.7995050735526689
2024-01-17 11:30:00,21.37539753,range,0.7521371808182002
2024-01-17 13:15:00,21.44545783,range,0.8072668076257075
2024-01-17 13:30:00,21.34036738,range,0.8881710623963003
2024-01-17 13:45:00,21.34036738,range,0.9075020440909478
2024-01-17 14:00:00,21.34737341,range,0.9075020440909478
2024-01-17 14:15:00,21.23527693,range,0.8770557665770973
2024-01-17 14:30:00,21.21425884,trend_down,0.5079855202092495
2024-01-17 14:45:00,21.03210206,trend_down,0.7161579417419216
2024-01-17 15:00:00,20.98305985,trend_down,0.5918188453152687
2024-01-18 09:45:00,20.82192116,trend_down,0.8128570770732816
2024-01-18 10:00:00,20.88497543,trend_down,0.9526892231117793
2024-01-18 10:15:00,20.7378488,trend_down,0.5108067593954639
2024-01-18 10:30:00,20.6677885,trend_down,0.7387241672517241
2024-01-18 10:45:00,20.57671011,trend_down,0.9741497011086431
2024-01-18 11:00:00,20.50664981,trend_down,0.5381908190367913
2024-01-18 11:15:00,20.56970408,trend_down,0.9659655492834992
2024-01-18 11:30:00,20.7378488,trend_down,0.9659655492834992
2024-01-18 13:15:00,20.54868599,trend_down,0.9659655492834992
2024-01-18 13:30:00,20.54167996,trend_down,0.9154340349285539
2024-01-18 13:45:00,20.61174026,trend_down,0.9154340349285539
2024-01-18 14:00:00,20.6677885,trend_down,0.9741497011086431
2024-01-18 14:15:00,20.64677041,trend_down,0.9741497011086431
2024-01-18 14:30:00,20.84293925,trend_up,0.8156601237330515
2024-01-18 14:45:00,20.94102367,trend_up,0.9526892231117793
2024-01-18 15:00:00,21.01809,trend_up,0.9440863650114307
2024-01-19 09:45:00,20.87096337,trend_up,0.5399094434744496
2024-01-19 10:00:00,20.9480297,trend_up,0.932025720133591
2024-01-19 10:15:00,20.92000558,trend_up,0.8204744981771703
2024-01-19 10:30:00,20.81491513,trend_up,0.8156601237330515
2024-01-19 10:45:00,20.69581262,trend_down,0.8968908735351956
2024-01-19 11:00:00,20.65377644,trend_down,0.6846371050174314
2024-01-19 11:15:00,20.70281865,trend_down,0.6428670560630614
2024-01-19 11:30:00,20.69581262,trend_down,0.504960685561156
2024-01-19 13:15:00,20.67479453,range,0.600799881780335
2024-01-19 13:30:00,20.70281865,range,0.600799881780335
2024-01-19 13:45:00,20.69581262,range,0.600799881780335
2024-01-19 14:00:00,20.75186086,range,0.7699950043755834
2024-01-19 14:15:00,20.82192116,range,0.7544736893571622
2024-01-19 14:30:00,20.83593322,range,0.5799617300945734
2024-01-19 14:45:00,20.75186086,range,0.5799617300945734
2024-01-19 15:00:00,20.69581262,trend_down,0.5720665698542747
2024-01-22 09:45:00,20.69581262,breakout_down,0.3369821657003712
2024-01-22 10:00:00,20.53467393,trend_down,0.6359685894540297
2024-01-22 10:15:00,20.56269805,trend_down,0.5931654505898805
2024-01-22 10:30:00,20.61174026,trend_down,0.749138364960829
2024-01-22 10:45:00,20.51365584,trend_down,0.7563838706517835
2024-01-22 11:00:00,20.43658951,trend_down,0.9435205639145571
2024-01-22 11:15:00,20.40155936,trend_down,0.8192822453641552
2024-01-22 11:30:00,20.317487,trend_down,0.968840342841616
2024-01-22 13:15:00,20.27545082,trend_down,0.9261119987479053
2024-01-22 13:30:00,20.34551112,trend_down,0.6516806989816127
2024-01-22 13:45:00,20.33149906,trend_down,0.8989257226588602
2024-01-22 14:00:00,20.26143876,trend_down,0.9696978493388541
2024-01-22 14:15:00,20.1773664,trend_down,0.8231946377914303
2024-01-22 14:30:00,20.01622771,trend_down,0.4839498821261851
2024-01-22 14:45:00,19.8270649,trend_down,0.4839498821261851
2024-01-22 15:00:00,19.91113726,trend_down,0.9742323281814625
2024-01-23 09:45:00,20.02323374,trend_down,0.47675406878691773
2024-01-23 10:00:00,20.64677041,reversal,0.51737757908519
2024-01-23 10:15:00,20.81491513,trend_up,0.642928764982806
2024-01-23 10:30:00,20.87096337,trend_up,0.7826461797820123
2024-01-23 10:45:00,20.80090307,trend_up,0.9317285346185887
2024-01-23 11:00:00,20.73084277,trend_up,0.9138541196263189
2024-01-23 11:15:00,20.63976438,trend_up,0.9423709533776204
2024-01-23 11:30:00,20.7378488,trend_up,0.9376630151002645
2024-01-23 13:15:00,20.82892719,trend_up,0.9423709533776204
2024-01-23 13:30:00,20.68880659,trend_up,0.9423709533776204
2024-01-23 13:45:00,20.59072217,trend_up,0.6609137486792392
2024-01-23 14:00:00,20.70982468,trend_up,0.7599209231430892
2024-01-23 14:15:00,20.76587292,trend_up,0.8812855876076623
2024-01-23 14:30:00,20.97605382,trend_up,0.8452061671728198
2024-01-23 14:45:00,20.80090307,trend_up,0.8452061671728198
2024-01-23 15:00:00,20.93401764,trend_up,0.8452061671728198
2024-01-24 09:45:00,20.86395734,trend_up,0.8934098402710774
2024-01-24 10:00:00,20.87096337,trend_up,0.6692163404760045
2024-01-24 10:15:00,20.75886689,trend_up,0.6573104566453738
2024-01-24 10:30:00,20.68180056,range,0.6241366913594073
2024-01-24 10:45:00,20.6677885,range,0.6299592696573502
2024-01-24 11:00:00,20.68880659,range,0.7995050735526689
2024-01-24 11:15:00,20.66078247,range,0.6299592696573502
2024-01-24 11:30:00,20.68180056,range,0.6635394563209284
2024-01-24 13:15:00,20.61874629,range,0.6170851789055269
2024-01-24 13:30:00,20.71683071,range,0.6412288529727601
2024-01-24 13:45:00,20.92701161,range,0.6412288529727601
2024-01-24 14:00:00,20.91299955,trend_up,0.7029048452034654
2024-01-24 14:15:00,21.00407794,trend_up,0.6359685894540297
2024-01-24 14:30:00,21.10916839,trend_up,0.6854291085251591
2024-01-24 14:45:00,21.11617442,trend_up,0.5731476648135984
2024-01-24 15:00:00,21.03210206,trend_up,0.757483659280673
2024-01-25 09:45:00,21.2282709,trend_up,0.6312008606191041
2024-01-25 10:00:00,20.82892719,trend_up,0.5529036999713479
2024-01-25 10:15:00,21.02509603,trend_up,0.9423709533776204
2024-01-25 10:30:00,21.12318045,trend_up,0.9423709533776204
2024-01-25 10:45:00,21.0881503,trend_up,0.9558414499823894
2024-01-25 11:00:00,21.01108397,range,0.6299592696573502
2024-01-25 11:15:00,20.97605382,trend_up,0.5446515488416681
2024-01-25 11:30:00,20.94102367,trend_up,0.5446515488416681
2024-01-25 13:15:00,21.01809,trend_up,0.6412619597296555
2024-01-25 13:30:00,21.10216236,trend_up,0.8414240059105436
2024-01-25 13:45:00,21.00407794,range,0.5662926162526309
2024-01-25 14:00:00,21.16521663,trend_up,0.6956124261749731
2024-01-25 14:15:00,21.18623472,trend_up,0.7611633949823833
2024-01-25 14:30:00,21.19324075,trend_up,0.5013335018947492
2024-01-25 14:45:00,21.25629502,trend_up,0.5019691114680394
2024-01-25 15:00:00,21.1582106,trend_up,0.5061675142375545
2024-01-26 09:45:00,20.94102367,range,0.8862011044689261
2024-01-26 10:00:00,21.01809,range,0.9070860827310898
2024-01-26 10:15:00,21.12318045,range,0.7687647182774826
2024-01-26 10:30:00,21.05312015,range,0.8862011044689261
2024-01-26 10:45:00,21.09515633,range,0.8064962037434751
2024-01-26 11:00:00,21.00407794,range,0.8872046872473589
2024-01-26 11:15:00,21.01809,range,0.9072981748131455
2024-01-26 11:30:00,21.0881503,range,0.8068890267785982
2024-01-26 13:15:00,21.12318045,range,0.4962490207082196
2024-01-26 13:30:00,21.19324075,range,0.8098109958314111
2024-01-26 13:45:00,21.23527693,range,0.516177559255072
2024-01-26 14:00:00,21.1582106,trend_up,0.4965709995888522
2024-01-26 14:15:00,20.99707191,range,0.8939982410047287
2024-01-26 14:30:00,21.02509603,range,0.8095349036905007
2024-01-26 14:45:00,21.01809,range,0.8095349036905007
2024-01-26 15:00:00,21.02509603,range,0.8060877553041752
2024-01-29 09:45:00,20.92000558,range,0.5790609385791409
2024-01-29 10:00:00,21.02509603,range,0.628770602114582
2024-01-29 10:15:00,20.97605382,range,0.6289806507036746
2024-01-29 10:30:00,20.85695131,range,0.49367613118705433
2024-01-29 10:45:00,20.89198146,trend_down,0.45574614719318735
2024-01-29 11:00:00,21.17222266,range,0.7916573956174334
2024-01-29 11:15:00,21.21425884,trend_up,0.5336771408827496
2024-01-29 11:30:00,21.15120457,trend_up,0.7577093091748506
2024-01-29 13:15:00,21.10916839,trend_up,0.8867905093980063
2024-01-29 13:30:00,21.07413824,trend_up,0.9070739243975289
2024-01-29 13:45:00,20.92000558,trend_down,0.43205384327491203
2024-01-29 14:00:00,21.00407794,trend_down,0.4945571957204585
2024-01-29 14:15:00,20.91299955,trend_down,0.48857625313101755
2024-01-29 14:30:00,20.99006588,range,0.7314945313294168
2024-01-29 14:45:00,20.98305985,range,0.6612416373902367
2024-01-29 15:00:00,20.8779694,trend_down,0.49102642257521434
2024-01-30 09:45:00,20.8079091,trend_down,0.6509951471477557
2024-01-30 10:00:00,21.04611412,range,0.6266505759328267
2024-01-30 10:15:00,21.26330105,trend_up,0.7017183339845581
2024-01-30 10:30:00,21.15120457,trend_up,0.7577093091748506
2024-01-30 10:45:00,21.08114427,trend_up,0.717477468649036
2024-01-30 11:00:00,21.08114427,trend_up,0.7773152170942038
2024-01-30 11:15:00,21.06012618,trend_up,0.5643116812574618
2024-01-30 11:30:00,20.98305985,range,0.7446388367843573
2024-01-30 13:15:00,20.89898749,range,0.5592954350852848
2024-01-30 13:30:00,20.6677885,range,0.49063036118522085
2024-01-30 13:45:00,20.84994528,trend_down,0.6465933116478583
2024-01-30 14:00:00,20.84994528,trend_down,0.7126098734898108
2024-01-30 14:15:00,20.89198146,trend_down,0.5643116812574618
2024-01-30 14:30:00,20.86395734,trend_down,0.5643116812574618
2024-01-30 14:45:00,20.84994528,trend_down,0.9421127839593577
2024-01-30 15:00:00,20.72383674,trend_down,0.9452333998711213
2024-01-31 09:45:00,20.74485483,trend_down,0.8948389168459503
2024-01-31 10:00:00,20.60473423,trend_down,0.5283018173322191
2024-01-31 10:15:00,20.26844479,trend_down,0.504032890722713
2024-01-31 10:30:00,20.1073061,trend_down,0.5293985367695945
2024-01-31 10:45:00,20.08628801,trend_down,0.9119887865116667
2024-01-31 11:00:00,20.16335434,trend_down,0.9742323281814625
2024-01-31 11:15:00,20.21239655,trend_down,0.9298877270666909
2024-01-31 11:30:00,20.30347494,trend_down,0.927690188616068
2024-01-31 13:15:00,20.1073061,trend_down,0.9705246689210671
2024-01-31 13:30:00,20.12832419,trend_down,0.927690188616068
2024-01-31 13:45:00,20.06526992,trend_down,0.927690188616068
2024-01-31 14:00:00,20.12131816,trend_down,0.927690188616068
2024-01-31 14:15:00,20.18437243,trend_down,0.9742323281814625
2024-01-31 14:30:00,20.14233625,trend_down,0.9019048519618212
2024-01-31 14:45:00,20.1773664,trend_down,0.9689210597843152
2024-01-31 15:00:00,19.9671855,trend_down,0.9261119987479053
2024-02-01 09:45:00,20.15634831,trend_down,0.6312008606191041
2024-02-01 10:00:00,20.13533022,trend_down,0.9735686106763175
2024-02-01 10:15:00,20.53467393,trend_up,0.737823825568231
2024-02-01 10:30:00,20.57671011,trend_up,0.8204744981771703
2024-02-01 10:45:00,20.41557142,trend_up,0.9423709533776204
2024-02-01 11:00:00,20.39455333,trend_up,0.7604757499852173
2024-02-01 11:15:00,20.43658951,trend_up,0.8639326827781951
2024-02-01 11:30:00,20.23341464,trend_down,0.790893365222354
2024-02-01 13:15:00,20.25443273,trend_down,0.9423709533776204
2024-02-01 13:30:00,20.12131816,trend_down,0.7018222888918412
2024-02-01 13:45:00,19.9671855,trend_down,0.842675196427748
2024-02-01 14:00:00,19.89011917,trend_down,0.7516158153162651
2024-02-01 14:15:00,19.89011917,trend_down,0.9025533180197977
2024-02-01 14:30:00,19.86209505,trend_down,0.9162450753751263
2024-02-01 14:45:00,19.93215535,trend_down,0.757483659280673
2024-02-01 15:00:00,19.8971252,trend_down,0.757483659280673
2024-02-02 09:45:00,19.5468237,trend_down,0.45840327450029855
2024-02-02 10:00:00,19.76401063,trend_down,0.650891337907891
2024-02-02 10:15:00,19.85508902,trend_down,0.9679511336517824
2024-02-02 10:30:00,19.82005887,trend_down,0.9679511336517824
2024-02-02 10:45:00,19.79203475,trend_down,0.9679511336517824
2024-02-02 11:00:00,19.87610711,trend_down,0.8952284811874971
2024-02-02 11:15:00,19.64490812,trend_down,0.9742323281814625
2024-02-02 11:30:00,19.616884,trend_down,0.9742323281814625
2024-02-02 13:15:00,19.53281164,trend_down,0.5278023342409506
2024-02-02 13:30:00,19.51879958,trend_down,0.952555408724359
2024-02-02 13:45:00,19.27358853,trend_down,0.8231946377914303
2024-02-02 14:00:00,19.24556441,trend_down,0.9696978493388541
2024-02-02 14:15:00,19.10544381,trend_down,0.8231946377914303
2024-02-02 14:30:00,19.30861868,trend_down,0.4936021118361319
2024-02-02 14:45:00,19.4767634,trend_down,0.9697684139280737
2024-02-02 15:00:00,19.28059456,trend_down,0.9696978493388541
2024-02-05 09:45:00,18.87424482,trend_down,0.5293985367695945
2024-02-05 10:00:00,18.75514231,trend_down,0.4636947344470649
2024-02-05 10:15:00,18.86723879,trend_down,0.9569306208080132
2024-02-05 10:30:00,18.81819658,trend_down,0.9742323281814625
2024-02-05 10:45:00,18.57999156,trend_down,0.9742323281814625
2024-02-05 11:00:00,18.74813628,trend_down,0.9742323281814625
2024-02-05 11:15:00,18.72011216,trend_down,0.9019048519618212
2024-02-05 11:30:00,18.75514231,trend_down,0.9019048519618212
2024-02-05 13:15:00,18.86723879,trend_down,0.927690188616068
2024-02-05 13:30:00,19.35065486,trend_down,0.8156601237330515
2024-02-05 13:45:00,19.25957647,trend_down,0.6735886903367564
2024-02-05 14:00:00,19.78502872,trend_up,0.9017801636116093
2024-02-05 14:15:00,19.7570046,trend_up,0.9376630151002645
2024-02-05 14:30:00,20.0372458,trend_up,0.8464160770518875
2024-02-05 14:45:00,19.45574531,trend_up,0.9487784068619115
2024-02-05 15:00:00,19.48376943,trend_up,0.824442379215678
2024-02-06 09:45:00,19.7570046,trend_up,0.680750599766835
2024-02-06 10:00:00,19.8270649,trend_up,0.7849682604019439
2024-02-06 10:15:00,20.12131816,trend_up,0.9381570134092982
2024-02-06 10:30:00,20.1073061,trend_up,0.8560459848379303
2024-02-06 10:45:00,20.35251715,trend_up,0.9418612547060601
2024-02-06 11:00:00,20.25443273,trend_up,0.6632045106963159
2024-02-06 11:15:00,20.49964378,breakout_up,0.4774767159191676
2024-02-06 11:30:00,20.51365584,trend_up,0.7319172005549417
2024-02-06 13:15:00,20.79389704,breakout_up,0.4608646660509277
2024-02-06 13:30:00,20.8779694,trend_up,0.5176724489511012
2024-02-06 13:45:00,20.99707191,trend_up,0.5176724489511012
2024-02-06 14:00:00,20.75886689,trend_up,0.5330757160138161
2024-02-06 14:15:00,20.62575232,trend_up,0.8995701894473405
2024-02-06 14:30:00,20.82892719,trend_up,0.9735686106763175
2024-02-06 14:45:00,20.81491513,trend_up,0.9259188089160423
2024-02-06 15:00:00,20.8779694,trend_up,0.9259188089160423
2024-02-07 09:45:00,21.22126487,trend_up,0.5280567246047543
2024-02-07 10:00:00,21.21425884,trend_up,0.8989257226588602
2024-02-07 10:15:00,21.24228296,trend_up,0.5156789627930598
2024-02-07 10:30:00,21.27731311,trend_up,0.8842259038384984
2024-02-07 10:45:00,21.31234326,trend_up,0.6537255360960813
2024-02-07 11:00:00,21.2983312,trend_up,0.8927407182097999
2024-02-07 11:15:00,21.39641562,trend_up,0.967029182099857
2024-02-07 11:30:00,21.44545783,trend_up,0.8895342149017359
2024-02-07 13:15:00,21.2983312,trend_up,0.9735686106763175
2024-02-07 13:30:00,21.15120457,trend_up,0.9653094962875512
2024-02-07 13:45:00,21.12318045,trend_up,0.8888063780690166
2024-02-07 14:00:00,21.03910809,trend_up,0.9653094962875512
2024-02-07 14:15:00,21.01809,trend_up,0.9544574003068366
2024-02-07 14:30:00,20.99707191,trend_up,0.7273657092766985
2024-02-07 14:45:00,21.2282709,trend_up,0.932025720133591
2024-02-07 15:00:00,21.20024678,trend_up,0.871543152426647
2024-02-08 09:45:00,21.89384375,trend_up,0.4636947344470649
2024-02-08 10:00:00,21.96390405,trend_up,0.8612978915360555
2024-02-08 10:15:00,22.17408495,trend_up,0.8612978915360555
2024-02-08 10:30:00,22.06198847,trend_up,0.9569306208080132
2024-02-08 10:45:00,22.1390548,trend_up,0.9156880955987667
2024-02-08 11:00:00,21.83779551,trend_up,0.9742323281814625
2024-02-08 11:15:00,21.82378345,trend_up,0.88625147446568
2024-02-08 11:30:00,21.8588136,trend_up,0.9156880955987667
2024-02-08 13:15:00,21.75372315,trend_up,0.9653094962875512
2024-02-08 13:30:00,21.77474124,trend_up,0.9653094962875512
2024-02-08 13:45:00,21.59258446,trend_up,0.9653094962875512
2024-02-08 14:00:00,21.66264476,trend_up,0.9653094962875512
2024-02-08 14:15:00,21.67665682,trend_up,0.7389997268581178
2024-02-08 14:30:00,21.66965079,trend_up,0.7389997268581178
2024-02-08 14:45:00,21.718693,trend_up,0.7389997268581178
2024-02-08 15:00:00,21.59959049,range,0.7071529133931204
2024-02-19 09:45:00,21.5785724,reversal,0.6191690191516286
2024-02-19 10:00:00,21.48749401,trend_down,0.5645989289760663
2024-02-19 10:15:00,21.50150607,range,0.636678816530835
2024-02-19 10:30:00,21.30533723,trend_down,0.6980746318986955
2024-02-19 10:45:00,21.2983312,trend_down,0.8331994275730404
2024-02-19 11:00:00,21.35437944,range,0.5118302389815961
2024-02-19 11:15:00,21.3683915,range,0.6487499418822851
2024-02-19 11:30:00,21.40342165,range,0.5566215120343164
2024-02-19 13:15:00,21.19324075,range,0.5526086920538567
2024-02-19 13:30:00,21.18623472,range,0.5363314901913395
2024-02-19 13:45:00,21.24228296,range,0.5216441438981175
2024-02-19 14:00:00,21.18623472,trend_down,0.5856857082310002
2024-02-19 14:15:00,21.23527693,range,0.6340762323724056
2024-02-19 14:30:00,21.23527693,range,0.6340762323724056
2024-02-19 14:45:00,21.24928899,range,0.6340762323724056
2024-02-19 15:00:00,21.34737341,range,0.6340762323724056
2024-02-20 09:45:00,21.23527693,range,0.49868773780163594
2024-02-20 10:00:00,21.13018648,trend_down,0.5428037142509133
2024-02-20 10:15:00,21.16521663,trend_down,0.5428037142509133
2024-02-20 10:30:00,21.18623472,range,0.5363314901913395
2024-02-20 10:45:00,21.15120457,trend_down,0.5428037142509133
2024-02-20 11:00:00,21.16521663,range,0.6476432824118017
2024-02-20 11:15:00,21.13719251,range,0.6340762323724056
2024-02-20 11:30:00,21.16521663,range,0.6340762323724056
2024-02-20 13:15:00,21.18623472,range,0.6635394563209284
2024-02-20 13:30:00,21.24928899,range,0.7722451375612671
2024-02-20 13:45:00,21.3683915,range,0.7071601563822434
2024-02-20 14:00:00,21.34737341,range,0.7839144015868764
2024-02-20 14:15:00,21.47348195,trend_up,0.6898099268265826
2024-02-20 14:30:00,21.41743371,trend_up,0.5860438556749826
2024-02-20 14:45:00,21.53653622,trend_up,0.7445889654140619
2024-02-20 15:00:00,21.38940959,trend_up,0.7720697697379999
2024-02-21 09:45:00,21.45946989,trend_up,0.7720697697379999
2024-02-21 10:00:00,21.63462064,trend_up,0.8652316665699846
2024-02-21 10:15:00,21.81677742,trend_up,0.4525522613431871
2024-02-21 10:30:00,21.87282566,trend_up,0.9569306208080132
2024-02-21 10:45:00,21.90084978,trend_up,0.9569306208080132
2024-02-21 11:00:00,21.90785581,trend_up,0.9742323281814625
2024-02-21 11:15:00,21.83779551,trend_up,0.9742323281814625
2024-02-21 11:30:00,22.01294626,trend_up,0.9696978493388541
2024-02-21 13:15:00,22.18809701,trend_up,0.8231946377914303
2024-02-21 13:30:00,22.15306686,trend_up,0.5395694509594747
2024-02-21 13:45:00,22.00594023,trend_up,0.9705246689210671
2024-02-21 14:00:00,21.92186787,trend_up,0.927690188616068
2024-02-21 14:15:00,21.7887533,trend_up,0.9697684139280737
2024-02-21 14:30:00,21.69767491,trend_down,0.8156601237330515
2024-02-21 14:45:00,21.72569903,trend_down,0.8156601237330515
2024-02-21 15:00:00,21.60659652,trend_down,0.8156601237330515
2024-02-22 09:45:00,21.81677742,trend_up,0.9423709533776204
2024-02-22 10:00:00,21.59959049,trend_down,0.5784702925237408
2024-02-22 10:15:00,21.58557843,trend_down,0.5784702925237408
2024-02-22 10:30:00,21.4384518,range,0.4463221082749991
2024-02-22 10:45:00,21.48749401,range,0.566292616252631
2024-02-22 11:00:00,21.5785724,trend_down,0.8123414493055849
2024-02-22 11:15:00,21.55755431,trend_down,0.8123414493055849
2024-02-22 11:30:00,21.6486327,trend_down,0.7656634859672273
2024-02-22 13:15:00,21.45246386,trend_down,0.7656634859672273
2024-02-22 13:30:00,21.5085121,trend_down,0.6412619597296555
2024-02-22 13:45:00,21.38240356,trend_down,0.7626163164730683
2024-02-22 14:00:00,21.35437944,trend_down,0.5613686298120771
2024-02-22 14:15:00,21.43144577,range,0.5067820346763223
2024-02-22 14:30:00,21.51551813,range,0.5566215120343164
2024-02-22 14:45:00,21.40342165,range,0.5566215120343164
2024-02-22 15:00:00,21.4384518,range,0.6487499418822851
2024-02-23 09:45:00,21.40342165,range,0.635659976225545
2024-02-23 10:00:00,21.3683915,range,0.635659976225545
2024-02-23 10:15:00,21.28431914,range,0.635659976225545
2024-02-23 10:30:00,21.38240356,range,0.635659976225545
2024-02-23 10:45:00,21.32635532,range,0.5139883482674685
2024-02-23 11:00:00,21.31234326,range,0.5139883482674685
2024-02-23 11:15:00,21.3683915,trend_down,0.5368021215016222
2024-02-23 11:30:00,21.41042768,range,0.6263564293582183
2024-02-23 13:15:00,21.34036738,range,0.6263564293582183
2024-02-23 13:30:00,21.31934929,range,0.5139883482674685
2024-02-23 13:45:00,21.26330105,trend_down,0.43774861822399336
2024-02-23 14:00:00,21.32635532,range,0.5089692480864718
2024-02-23 14:15:00,21.37539753,range,0.8233818968516226
2024-02-23 14:30:00,21.38940959,range,0.6769841343834974
2024-02-23 14:45:00,21.32635532,range,0.635659976225545
2024-02-23 15:00:00,21.40342165,range,0.8105769839318411
2024-02-26 09:45:00,21.67665682,range,0.3732270261581158
2024-02-26 10:00:00,21.50150607,range,0.5905110966140823
2024-02-26 10:15:00,21.51551813,trend_up,0.43876594482446585
2024-02-26 10:30:00,21.5785724,trend_up,0.9423709533776204
2024-02-26 10:45:00,21.55755431,trend_up,0.9230955164120815
2024-02-26 11:00:00,21.55755431,trend_up,0.9696978493388541
2024-02-26 11:15:00,21.52953019,trend_up,0.9696978493388541
2024-02-26 11:30:00,21.51551813,trend_up,0.9696978493388541
2024-02-26 13:15:00,21.60659652,trend_up,0.9742323281814625
2024-02-26 13:30:00,21.51551813,trend_up,0.9735686106763175
2024-02-26 13:45:00,21.55755431,trend_up,0.8237515454134446
2024-02-26 14:00:00,21.54354225,trend_up,0.8237515454134446
2024-02-26 14:15:00,21.42443974,trend_up,0.6676344334317177
2024-02-26 14:30:00,21.45946989,range,0.7428245249135514
2024-02-26 14:45:00,21.51551813,range,0.7446388367843573
2024-02-26 15:00:00,21.39641562,range,0.7428245249135514
2024-02-27 09:45:00,21.55054828,range,0.6008434899380536
2024-02-27 10:00:00,21.5085121,trend_up,0.5415660544584266
2024-02-27 10:15:00,21.59258446,range,0.5142326823164493
2024-02-27 10:30:00,21.57156637,trend_up,0.5225715674435734
2024-02-27 10:45:00,21.57156637,trend_up,0.5405613021428551
2024-02-27 11:00:00,21.5785724,trend_up,0.4974938148677506
2024-02-27 11:15:00,21.73270506,trend_up,0.5382642121942528
2024-02-27 11:30:00,21.718693,trend_up,0.501774488812983
2024-02-27 13:15:00,21.73270506,trend_up,0.5022776346676564
2024-02-27 13:30:00,21.73270506,trend_up,0.5583098868083362
2024-02-27 13:45:00,21.62761461,trend_up,0.6681718282556514
2024-02-27 14:00:00,21.63462064,trend_up,0.4971824136037096
2024-02-27 14:15:00,21.59959049,trend_up,0.6684341537707239
2024-02-27 14:30:00,21.59258446,range,0.7870762248465117
2024-02-27 14:45:00,21.718693,trend_up,0.6573542631442072
2024-02-27 15:00:00,21.70468094,trend_up,0.49102642257521434
2024-02-28 09:45:00,21.56456034,range,0.5602312386351099
2024-02-28 10:00:00,21.56456034,range,0.8840769116367145
2024-02-28 10:15:00,21.34737341,range,0.5099800108317154
2024-02-28 10:30:00,21.37539753,range,0.7372292887434525
2024-02-28 10:45:00,21.16521663,trend_down,0.9053624902036228
2024-02-28 11:00:00,21.2282709,trend_down,0.9152237074484002
2024-02-28 11:15:00,21.06012618,trend_down,0.8264601616968841
2024-02-28 11:30:00,21.18623472,trend_down,0.539313794585776
2024-02-28 13:15:00,21.31234326,trend_down,0.9696011356265064
2024-02-28 13:30:00,21.33336135,trend_down,0.965729791089964
2024-02-28 13:45:00,21.36138547,trend_down,0.965729791089964
2024-02-28 14:00:00,21.38240356,trend_down,0.9158152268647679
2024-02-28 14:15:00,21.31234326,trend_down,0.9741497011086431
2024-02-28 14:30:00,21.34036738,trend_down,0.913210072468972
2024-02-28 14:45:00,21.18623472,trend_down,0.9567949741861582
2024-02-28 15:00:00,21.05312015,trend_down,0.9569306208080132
2024-02-29 09:45:00,21.37539753,trend_down,0.7172743423468605
2024-02-29 10:00:00,21.3683915,trend_up,0.8123414493055849
2024-02-29 10:15:00,21.49450004,trend_up,0.8123414493055849
2024-02-29 10:30:00,21.5085121,trend_up,0.8123414493055849
2024-02-29 10:45:00,21.68366285,trend_up,0.9460652390401708
2024-02-29 11:00:00,21.65563873,trend_up,0.8672707799644854
2024-02-29 11:15:00,21.55755431,trend_up,0.8705313301600581
2024-02-29 11:30:00,21.48749401,trend_up,0.9355279931890701
2024-02-29 13:15:00,21.82378345,trend_up,0.8214889321553238
2024-02-29 13:30:00,21.69767491,trend_up,0.8479596777046071
2024-02-29 13:45:00,21.82378345,trend_up,0.8516456712124527
2024-02-29 14:00:00,21.82378345,trend_up,0.6703766190715587
2024-02-29 14:15:00,21.71168697,trend_up,0.861881937676793
2024-02-29 14:30:00,21.85180757,trend_up,0.8965282913525047
2024-02-29 14:45:00,21.91486184,trend_up,0.6795662148642935
2024-02-29 15:00:00,21.98492214,trend_up,0.6784757596587787
2024-03-01 09:45:00,21.66965079,breakout_up,0.5539188295187054
2024-03-01 10:00:00,21.73270506,trend_up,0.8581487862286942
2024-03-01 10:15:00,21.59959049,trend_down,0.5529036999713479
2024-03-01 10:30:00,21.59258446,trend_down,0.5529036999713479
2024-03-01 10:45:00,21.4384518,trend_down,0.5529036999713479
2024-03-01 11:00:00,21.37539753,trend_up,0.8156601237330515
2024-03-01 11:15:00,21.38940959,trend_down,0.8867905093980063
2024-03-01 11:30:00,21.3683915,trend_down,0.8867905093980063
2024-03-01 13:15:00,21.54354225,trend_down,0.9096603708933312
2024-03-01 13:30:00,21.55755431,trend_down,0.8282807928201137
2024-03-01 13:45:00,21.55054828,trend_down,0.6035789887180525
2024-03-01 14:00:00,21.46647592,trend_down,0.6035789887180525
2024-03-01 14:15:00,21.52252416,trend_down,0.6035789887180525
2024-03-01 14:30:00,21.52252416,trend_down,0.8205066479738508
2024-03-01 14:45:00,21.61360255,trend_up,0.8156601237330515
2024-03-01 15:00:00,21.59258446,trend_up,0.8164731192348211
2024-03-04 09:45:00,21.65563873,trend_up,0.854535835260556
2024-03-04 10:00:00,21.83779551,trend_up,0.9513612180331553
2024-03-04 10:15:00,21.75372315,trend_up,0.952555408724359
2024-03-04 10:30:00,21.82378345,trend_up,0.952555408724359
2024-03-04 10:45:00,21.84480154,trend_up,0.8989257226588602
2024-03-04 11:00:00,21.79575933,trend_up,0.8989257226588602
2024-03-04 11:15:00,21.718693,trend_up,0.9236042312450827
2024-03-04 11:30:00,21.66965079,trend_up,0.9735686106763175
2024-03-04 13:15:00,21.77474124,trend_up,0.9569306208080132
2024-03-04 13:30:00,21.63462064,trend_up,0.9423709533776204
2024-03-04 13:45:00,21.58557843,trend_up,0.8156601237330515
2024-03-04 14:00:00,21.5785724,trend_up,0.8156601237330515
2024-03-04 14:15:00,21.53653622,trend_down,0.6554353925269597
2024-03-04 14:30:00,21.51551813,trend_down,0.8754655967026245
2024-03-04 14:45:00,21.60659652,trend_down,0.8123414493055849
2024-03-04 15:00:00,21.718693,trend_down,0.4639852444248265
2024-03-05 09:45:00,21.73270506,trend_up,0.4743077528822412
2024-03-05 10:00:00,21.76072918,trend_up,0.8754655967026245
2024-03-05 10:15:00,21.69066888,trend_up,0.8754655967026245
2024-03-05 10:30:00,21.66264476,trend_up,0.7624714097997891
2024-03-05 10:45:00,21.68366285,trend_up,0.7981810015063306
2024-03-05 11:00:00,21.718693,trend_up,0.5576116017770798
2024-03-05 11:15:00,21.74671712,trend_up,0.5576116017770798
2024-03-05 11:30:00,21.7887533,trend_up,0.5838239553697336
2024-03-05 13:15:00,21.69767491,trend_up,0.7418484416755153
2024-03-05 13:30:00,21.718693,trend_up,0.561153098568162
2024-03-05 13:45:00,21.78174727,trend_up,0.5553693520790846
2024-03-05 14:00:00,21.80977139,trend_up,0.6534797023164418
2024-03-05 14:15:00,21.73971109,trend_up,0.6534797023164418
2024-03-05 14:30:00,21.84480154,trend_up,0.8397063831959732
2024-03-05 14:45:00,21.9288739,trend_up,0.8532603527991378
2024-03-05 15:00:00,22.05498244,trend_up,0.8532603527991378
2024-03-06 09:45:00,22.419296,trend_up,0.4636947344470649
2024-03-06 10:00:00,22.77660353,trend_up,0.4450736263702546
2024-03-06 10:15:00,22.57342866,trend_up,0.48210764873326295
2024-03-06 10:30:00,22.52438645,trend_up,0.9679556215260039
2024-03-06 10:45:00,22.71354926,trend_up,0.9679556215260039
2024-03-06 11:00:00,22.74857941,trend_up,0.9679556215260039
2024-03-06 11:15:00,22.63648293,trend_up,0.9742323281814625
2024-03-06 11:30:00,22.7695975,trend_up,0.968840342841616
2024-03-06 13:15:00,22.81163368,trend_up,0.9230955164120815
2024-03-06 13:30:00,22.86067589,trend_up,0.8264601616968841
2024-03-06 13:45:00,22.83265177,trend_up,0.9230955164120815
2024-03-06 14:00:00,22.74857941,trend_up,0.9742323281814625
2024-03-06 14:15:00,22.74157338,trend_up,0.9230955164120815
2024-03-06 14:30:00,22.6995372,trend_up,0.9212211388208612
2024-03-06 14:45:00,22.72055529,trend_up,0.9212211388208612
2024-03-06 15:00:00,22.69253117,trend_up,0.8983132835346506
2024-03-07 09:45:00,22.51738042,trend_up,0.8156601237330515
2024-03-07 10:00:00,22.56642263,trend_up,0.8156601237330515
2024-03-07 10:15:00,22.40528394,trend_down,0.8976590831882497
2024-03-07 10:30:00,22.30019349,trend_down,0.934401781259849
2024-03-07 10:45:00,22.41228997,trend_down,0.9355279931890701
2024-03-07 11:00:00,22.44031409,trend_down,0.8205066479738508
2024-03-07 11:15:00,22.419296,trend_down,0.9096603708933312
2024-03-07 11:30:00,22.29318746,trend_down,0.9096603708933312
2024-03-07 13:15:00,22.22312716,trend_down,0.8759429074363255
2024-03-07 13:30:00,22.3492357,trend_down,0.9096603708933312
2024-03-07 13:45:00,22.419296,trend_down,0.8123414493055849
2024-03-07 14:00:00,22.31420555,trend_down,0.9096603708933312
2024-03-07 14:15:00,22.55241057,trend_down,0.6073029387372603
2024-03-07 14:30:00,22.50336836,range,0.5367232051589758
2024-03-07 14:45:00,22.46133218,range,0.7995050735526689
2024-03-07 15:00:00,22.419296,range,0.7995050735526689
2024-03-08 09:45:00,22.30719952,range,0.6210429185113224
2024-03-08 10:00:00,22.33522364,range,0.7995050735526689
2024-03-08 10:15:00,22.23713922,range,0.7995050735526689
2024-03-08 10:30:00,22.26516334,range,0.6324362144853908
2024-03-08 10:45:00,22.27216937,range,0.5582723723353322
2024-03-08 11:00:00,22.29318746,range,0.6324362144853908
2024-03-08 11:15:00,22.29318746,range,0.6675815409009122
2024-03-08 11:30:00,22.36324776,range,0.8872046872473589
2024-03-08 13:15:00,22.29318746,range,0.9075020440909478
2024-03-08 13:30:00,22.35624173,range,0.907698005859044
2024-03-08 13:45:00,22.46833821,range,0.7738946113840957
2024-03-08 14:00:00,22.44031409,range,0.8105769839318411
2024-03-08 14:15:00,22.46133218,range,0.5590753329608682
2024-03-08 14:30:00,22.51037439,trend_up,0.5049088330272778
2024-03-08 14:45:00,22.54540454,trend_up,0.5113555205763323
2024-03-08 15:00:00,22.6294769,trend_up,0.7126798518325818
2024-03-11 09:45:00,22.3492357,trend_up,0.3124323222510057
2024-03-11 10:00:00,22.25115128,trend_down,0.4421578043222741
2024-03-11 10:15:00,22.37725982,reversal,0.45101763990060156
2024-03-11 10:30:00,22.51037439,trend_up,0.8525171527028197
2024-03-11 10:45:00,22.44031409,trend_up,0.8525171527028197
2024-03-11 11:00:00,22.4893563,trend_up,0.8525171527028197
2024-03-11 11:15:00,22.3492357,range,0.596740290616225
2024-03-11 11:30:00,22.41228997,range,0.824442379215678
2024-03-11 13:15:00,22.48235027,trend_up,0.6052085078829801
2024-03-11 13:30:00,22.42630203,range,0.8840769116367145
2024-03-11 13:45:00,22.42630203,range,0.8840769116367145
2024-03-11 14:00:00,22.40528394,range,0.8840769116367145
2024-03-11 14:15:00,22.42630203,range,0.8056630769228262
2024-03-11 14:30:00,22.40528394,range,0.8840769116367145
2024-03-11 14:45:00,22.41228997,range,0.9066359072356446
2024-03-11 15:00:00,22.4893563,range,0.5512490956745526
2024-03-12 09:45:00,22.28618143,range,0.7903280986758126
2024-03-12 10:00:00,22.26516334,range,0.8817872619998535
2024-03-12 10:15:00,22.09701862,range,0.5524735894943268
2024-03-12 10:30:00,22.00594023,trend_down,0.6119225255896075
2024-03-12 10:45:00,21.97791611,trend_down,0.9741497011086431
2024-03-12 11:00:00,22.00594023,trend_down,0.9251993854483096
2024-03-12 11:15:00,22.14606083,trend_down,0.9741497011086431
2024-03-12 11:30:00,22.09001259,trend_down,0.922861896497621
2024-03-12 13:15:00,22.21612113,trend_down,0.9337363164491075
2024-03-12 13:30:00,22.26516334,trend_down,0.5784702925237408
2024-03-12 13:45:00,22.23713922,trend_up,0.7970122181324113
2024-03-12 14:00:00,22.2791754,trend_up,0.7970122181324113
2024-03-12 14:15:00,22.13204877,trend_up,0.7970122181324113
2024-03-12 14:30:00,22.16707892,trend_up,0.5442715107740077
2024-03-12 14:45:00,22.19510304,trend_up,0.5255368726491012
2024-03-12 15:00:00,22.22312716,range,0.7687647182774826
2024-03-13 09:45:00,22.21612113,range,0.6031083875428548
2024-03-13 10:00:00,22.16007289,trend_down,0.5297699603102178
2024-03-13 10:15:00,22.07600053,trend_down,0.5297699603102178
2024-03-13 10:30:00,22.05498244,trend_down,0.5558584756403866
2024-03-13 10:45:00,22.09701862,trend_down,0.5331812904942943
2024-03-13 11:00:00,22.0689945,trend_down,0.518909044969608
2024-03-13 11:15:00,22.03396435,trend_down,0.5626338737677908
2024-03-13 11:30:00,22.08300656,trend_down,0.5391141109803282
2024-03-13 13:15:00,22.03396435,trend_down,0.5570089209018335
2024-03-13 13:30:00,22.16007289,range,0.5731823569743637
2024-03-13 13:45:00,22.15306686,range,0.5799617300945734
2024-03-13 14:00:00,22.12504274,range,0.7544736893571622
2024-03-13 14:15:00,22.04797641,range,0.5913082628701426
2024-03-13 14:30:00,22.0689945,trend_down,0.504960685561156
2024-03-13 14:45:00,22.02695832,range,0.664060939026449
2024-03-13 15:00:00,22.0689945,range,0.5543668809139047
2024-03-14 09:45:00,22.01294626,trend_down,0.5547125544476372
2024-03-14 10:00:00,21.93587993,trend_down,0.5231905952731228
2024-03-14 10:15:00,21.79575933,trend_down,0.6821364823374717
2024-03-14 10:30:00,21.65563873,trend_down,0.5661930847827075
2024-03-14 10:45:00,21.58557843,trend_down,0.5353414024884853
2024-03-14 11:00:00,21.62761461,trend_down,0.9741497011086431
2024-03-14 11:15:00,21.71168697,trend_down,0.9742323281814625
2024-03-14 11:30:00,21.6486327,trend_down,0.967029182099857
2024-03-14 13:15:00,21.62761461,trend_down,0.8212706281870592
2024-03-14 13:30:00,21.60659652,trend_down,0.967029182099857
2024-03-14 13:45:00,21.6486327,trend_down,0.967029182099857
2024-03-14 14:00:00,21.65563873,trend_down,0.967029182099857
2024-03-14 14:15:00,21.61360255,trend_down,0.8212706281870592
2024-03-14 14:30:00,21.53653622,trend_down,0.8264601616968841
2024-03-14 14:45:00,21.62060858,trend_down,0.9742323281814625
2024-03-14 15:00:00,21.64162667,trend_down,0.9661863672976857
2024-03-15 09:45:00,21.38940959,trend_down,0.5272643557394641
2024-03-15 10:00:00,21.52252416,trend_down,0.5384873087544113
2024-03-15 10:15:00,21.45946989,trend_down,0.967029182099857
2024-03-15 10:30:00,21.46647592,trend_down,0.8895342149017359
2024-03-15 10:45:00,21.48048798,trend_down,0.886942038506704
2024-03-15 11:00:00,21.56456034,trend_down,0.9653094962875512
2024-03-15 11:15:00,21.5785724,trend_down,0.855628419547505
2024-03-15 11:30:00,21.6486327,trend_down,0.5824918233590364
2024-03-15 13:15:00,21.66965079,trend_down,0.5824918233590364
2024-03-15 13:30:00,21.62761461,trend_down,0.5111506662096559
2024-03-15 13:45:00,21.64162667,range,0.7544736893571622
2024-03-15 14:00:00,21.70468094,range,0.7587811733891006
2024-03-15 14:15:00,21.718693,range,0.700716910698857
2024-03-15 14:30:00,21.718693,range,0.700716910698857
2024-03-15 14:45:00,21.83078948,trend_up,0.8917420013974072
2024-03-15 15:00:00,21.86581963,trend_up,0.8272614244288526
2024-03-18 09:45:00,22.14606083,trend_up,0.46521663213218994
2024-03-18 10:00:00,22.05498244,trend_up,0.9558414499823895
2024-03-18 10:15:00,21.93587993,trend_up,0.9526892231117793
2024-03-18 10:30:00,21.92186787,trend_up,0.9526892231117793
2024-03-18 10:45:00,21.89384375,trend_up,0.8964466843873214
2024-03-18 11:00:00,21.8588136,trend_up,0.9526892231117793
2024-03-18 11:15:00,21.77474124,trend_up,0.8976590831882497
2024-03-18 11:30:00,21.76072918,range,0.5367232051589758
2024-03-18 13:15:00,21.66965079,trend_down,0.5428647267691095
2024-03-18 13:30:00,21.52953019,trend_down,0.8609048307728409
2024-03-18 13:45:00,21.55054828,trend_down,0.8609048307728409
2024-03-18 14:00:00,21.59959049,trend_down,0.9558414499823895
2024-03-18 14:15:00,21.59959049,trend_down,0.9187684356464907
2024-03-18 14:30:00,21.6486327,trend_down,0.8107846739053404
2024-03-18 14:45:00,21.66965079,trend_down,0.8902144987503774
2024-03-18 15:00:00,21.80977139,trend_down,0.790893365222354
2024-03-19 09:45:00,21.60659652,trend_down,0.6986672079604682
2024-03-19 10:00:00,21.61360255,trend_down,0.5858872534115398
2024-03-19 10:15:00,21.56456034,trend_down,0.79441816231226
2024-03-19 10:30:00,21.47348195,trend_down,0.8263453389482319
2024-03-19 10:45:00,21.33336135,trend_down,0.9285794203562051
2024-03-19 11:00:00,21.38240356,trend_down,0.9470193931247698
2024-03-19 11:15:00,21.34036738,trend_down,0.9742323281814625
2024-03-19 11:30:00,21.29132517,trend_down,0.9230955164120815
2024-03-19 13:15:00,21.30533723,trend_down,0.8958711337427966
2024-03-19 13:30:00,21.29132517,trend_down,0.9230955164120815
2024-03-19 13:45:00,21.2282709,trend_down,0.9310376619313472
2024-03-19 14:00:00,21.27030708,trend_down,0.9742323281814625
2024-03-19 14:15:00,21.21425884,trend_down,0.9742323281814625
2024-03-19 14:30:00,21.25629502,trend_down,0.9742323281814625
2024-03-19 14:45:00,21.25629502,trend_down,0.9230955164120815
2024-03-19 15:00:00,21.19324075,trend_down,0.6302959594051264
2024-03-20 09:45:00,20.98305985,breakout_down,0.4837854520180985
2024-03-20 10:00:00,21.03210206,trend_down,0.9696978493388541
2024-03-20 10:15:00,20.9480297,trend_down,0.9742323281814625
2024-03-20 10:30:00,20.89898749,trend_down,0.8863644856693637
2024-03-20 10:45:00,20.99006588,trend_down,0.9742323281814625
2024-03-20 11:00:00,20.93401764,trend_down,0.8989257226588602
2024-03-20 11:15:00,20.91299955,trend_down,0.8989257226588602
2024-03-20 11:30:00,21.06713221,trend_down,0.9689210597843152
2024-03-20 13:15:00,21.32635532,trend_up,0.900980090619673
2024-03-20 13:30:00,21.2983312,trend_up,0.9355279931890701
2024-03-20 13:45:00,21.37539753,trend_up,0.934401781259849
2024-03-20 14:00:00,21.36138547,trend_up,0.8375576247161503
2024-03-20 14:15:00,21.40342165,trend_up,0.8722053219439818
2024-03-20 14:30:00,21.32635532,trend_up,0.9450935403116844
2024-03-20 14:45:00,21.40342165,trend_up,0.9526892231117793
2024-03-20 15:00:00,21.41743371,trend_up,0.808111438353901
2024-03-21 09:45:00,21.19324075,reversal,0.4869824204616581
2024-03-21 10:00:00,21.16521663,range,0.455445798709778
2024-03-21 10:15:00,21.0881503,trend_down,0.8938647944710887
2024-03-21 10:30:00,21.05312015,trend_down,0.7510017898309987
2024-03-21 10:45:00,21.06012618,trend_down,0.7616523128325627
2024-03-21 11:00:00,20.98305985,trend_down,0.9136500667948829
2024-03-21 11:15:00,21.03910809,trend_down,0.7567094917635194
2024-03-21 11:30:00,21.03910809,trend_down,0.8014343705471025
2024-03-21 13:15:00,21.20024678,trend_down,0.7018222888918412
2024-03-21 13:30:00,21.20725281,trend_up,0.45134527247218387
2024-03-21 13:45:00,21.23527693,trend_up,0.45134527247218387
2024-03-21 14:00:00,21.27030708,range,0.5076080356158018
2024-03-21 14:15:00,21.27030708,trend_up,0.7389997268581178
2024-03-21 14:30:00,21.35437944,trend_up,0.5720665698542747
2024-03-21 14:45:00,21.28431914,trend_up,0.5720665698542747
2024-03-21 15:00:00,21.24928899,trend_up,0.5126015124029761
2024-03-22 09:45:00,21.27030708,trend_up,0.453132747953977
2024-03-22 10:00:00,21.28431914,trend_up,0.5720665698542747
2024-03-22 10:15:00,21.37539753,trend_up,0.7551989029526169
2024-03-22 10:30:00,21.36138547,trend_up,0.8336073750509411
2024-03-22 10:45:00,21.26330105,trend_up,0.7551989029526169
2024-03-22 11:00:00,21.25629502,trend_up,0.6980746318986955
2024-03-22 11:15:00,21.18623472,range,0.636678816530835
2024-03-22 11:30:00,21.20024678,trend_down,0.6980746318986955
2024-03-22 13:15:00,21.39641562,range,0.42260021976909523
2024-03-22 13:30:00,21.37539753,range,0.685759807008504
2024-03-22 13:45:00,21.54354225,trend_up,0.5105841654040922
2024-03-22 14:00:00,21.80276536,breakout_up,0.7449957086965335
2024-03-22 14:15:00,21.84480154,trend_up,0.6008592647342702
2024-03-22 14:30:00,21.79575933,trend_up,0.9569306208080132
2024-03-22 14:45:00,21.83779551,trend_up,0.9741497011086431
2024-03-22 15:00:00,21.81677742,trend_up,0.9179802441287964
2024-03-25 09:45:00,21.80276536,trend_up,0.9379154030189935
2024-03-25 10:00:00,21.65563873,trend_up,0.9300320838400228
2024-03-25 10:15:00,21.76072918,trend_up,0.9637445948107466
2024-03-25 10:30:00,21.59959049,trend_up,0.9300320838400228
2024-03-25 10:45:00,21.67665682,trend_up,0.7849194707609768
2024-03-25 11:00:00,21.7887533,trend_up,0.9716442844366692
2024-03-25 11:15:00,21.8588136,trend_up,0.7035906648144485
2024-03-25 11:30:00,21.76773521,trend_up,0.8639326827781951
2024-03-25 13:15:00,21.81677742,trend_up,0.7849194707609768
2024-03-25 13:30:00,21.74671712,range,0.655257203448431
2024-03-25 13:45:00,21.65563873,range,0.6356567985997432
2024-03-25 14:00:00,21.56456034,trend_down,0.5182498481931086
2024-03-25 14:15:00,21.48749401,range,0.5118302389815961
2024-03-25 14:30:00,21.31934929,trend_down,0.6996763117949985
2024-03-25 14:45:00,21.28431914,trend_down,0.8601639647593764
2024-03-25 15:00:00,21.17222266,trend_down,0.6722565331673926
2024-03-26 09:45:00,21.04611412,trend_down,0.8105915465586094
2024-03-26 10:00:00,20.98305985,trend_down,0.9742323281814625
2024-03-26 10:15:00,20.97605382,trend_down,0.5407135016471885
2024-03-26 10:30:00,20.96904779,trend_down,0.9742323281814625
2024-03-26 10:45:00,21.23527693,trend_down,0.9735686106763175
2024-03-26 11:00:00,21.24228296,trend_down,0.8835923464260621
2024-03-26 11:15:00,21.09515633,trend_down,0.9742323281814625
2024-03-26 11:30:00,21.10216236,trend_down,0.9156880955987667
2024-03-26 13:15:00,20.90599352,trend_down,0.9742323281814625
2024-03-26 13:30:00,20.98305985,trend_down,0.9003869920514468
2024-03-26 13:45:00,20.94102367,trend_down,0.9156880955987667
2024-03-26 14:00:00,21.03910809,trend_down,0.9742323281814625
2024-03-26 14:15:00,21.14419854,trend_down,0.9735686106763175
2024-03-26 14:30:00,21.05312015,trend_down,0.9735686106763175
2024-03-26 14:45:00,21.09515633,trend_down,0.8888063780690166
2024-03-26 15:00:00,21.0881503,trend_down,0.8888063780690166
2024-03-27 09:45:00,21.02509603,trend_down,0.8689658134381623
2024-03-27 10:00:00,21.00407794,trend_down,0.8835923464260621
2024-03-27 10:15:00,20.92701161,trend_down,0.8533140008289928
2024-03-27 10:30:00,20.92701161,trend_down,0.6697004484743548
2024-03-27 10:45:00,20.85695131,trend_down,0.5682252013923839
2024-03-27 11:00:00,20.87096337,trend_down,0.7273938149837434
2024-03-27 11:15:00,21.06713221,range,0.4489901317272557
2024-03-27 11:30:00,21.20024678,trend_up,0.5180164935018656
2024-03-27 13:15:00,21.5085121,trend_up,0.7349938092554127
2024-03-27 13:30:00,21.51551813,trend_up,0.7791129098472483
2024-03-27 13:45:00,21.6486327,trend_up,0.9558414499823895
2024-03-27 14:00:00,21.50150607,trend_up,0.9558414499823895
2024-03-27 14:15:00,21.66965079,trend_up,0.9526892231117793
2024-03-27 14:30:00,21.52252416,trend_up,0.9526892231117793
2024-03-27 14:45:00,21.35437944,trend_up,0.967576630127711
2024-03-27 15:00:00,21.25629502,trend_up,0.9025564970643071
2024-03-28 09:45:00,21.62060858,trend_up,0.8460154761819709
2024-03-28 10:00:00,21.77474124,trend_up,0.8405112352464333
2024-03-28 10:15:00,21.83779551,trend_up,0.8273627485107009
2024-03-28 10:30:00,21.76072918,trend_up,0.9558414499823894
2024-03-28 10:45:00,21.8588136,trend_up,0.9742323281814625
2024-03-28 11:00:00,21.88683772,trend_up,0.9298877270666909
2024-03-28 11:15:00,21.90084978,trend_up,0.9019048519618212
2024-03-28 11:30:00,21.90785581,trend_up,0.9254264981159408
2024-03-28 13:15:00,22.03396435,breakout_up,0.48399826794247963
2024-03-28 13:30:00,22.0689945,trend_up,0.968840342841616
2024-03-28 13:45:00,22.06198847,trend_up,0.8958711337427966
2024-03-28 14:00:00,22.09701862,trend_up,0.968840342841616
2024-03-28 14:15:00,22.12504274,trend_up,0.8958711337427966
2024-03-28 14:30:00,21.97091008,trend_up,0.9687409804976631
2024-03-28 14:45:00,21.97091008,trend_up,0.9687409804976631
2024-03-28 15:00:00,22.13204877,trend_up,0.9679511336517824
2024-03-29 09:45:00,22.01294626,trend_up,0.9365728327825781
2024-03-29 10:00:00,21.94989199,trend_up,0.8402943511389828
2024-03-29 10:15:00,21.87282566,trend_up,0.9448570951446239
2024-03-29 10:30:00,21.83779551,range,0.5016324948275044
2024-03-29 10:45:00,21.79575933,range,0.5016324948275044
2024-03-29 11:00:00,21.82378345,range,0.5016324948275044
2024-03-29 11:15:00,21.78174727,range,0.6356567985997432
2024-03-29 11:30:00,21.80977139,trend_down,0.6359685894540297
2024-03-29 13:15:00,21.80977139,trend_down,0.8375576247161503
2024-03-29 13:30:00,21.89384375,range,0.5731823569743637
2024-03-29 13:45:00,21.82378345,range,0.7521371808182002
2024-03-29 14:00:00,21.83078948,range,0.8072668076257075
2024-03-29 14:15:00,21.96390405,range,0.7738946113840957
2024-03-29 14:30:00,21.93587993,range,0.7738946113840957
2024-03-29 14:45:00,21.94989199,range,0.664060939026449
2024-03-29 15:00:00,21.97091008,range,0.8076301088394207
2024-04-01 09:45:00,21.9288739,trend_up,0.5007254421426698
2024-04-01 10:00:00,22.2091151,trend_up,0.8483113206688474
2024-04-01 10:15:00,22.3492357,trend_up,0.8532603527991378
2024-04-01 10:30:00,22.33522364,trend_up,0.9569306208080132
2024-04-01 10:45:00,22.2791754,trend_up,0.9569306208080132
2024-04-01 11:00:00,22.37725982,trend_up,0.9742323281814625
2024-04-01 11:15:00,22.34222967,trend_up,0.8927407182097999
2024-04-01 11:30:00,22.36324776,trend_up,0.9206961464705191
2024-04-01 13:15:00,22.39127188,trend_up,0.9742323281814625
2024-04-01 13:30:00,22.32821761,trend_up,0.9206961464705191
2024-04-01 13:45:00,22.30719952,trend_up,0.9742323281814625
2024-04-01 14:00:00,22.36324776,trend_up,0.9742323281814625
2024-04-01 14:15:00,22.35624173,trend_up,0.8927407182097999
2024-04-01 14:30:00,22.45432615,trend_up,0.6508913379078912
2024-04-01 14:45:00,22.49636233,trend_up,0.767061440741372
2024-04-01 15:00:00,22.51738042,trend_up,0.8927407182097999
2024-04-02 09:45:00,22.25115128,breakout_up,0.7233767354119366
2024-04-02 10:00:00,22.27216937,trend_down,0.9423709533776204
2024-04-02 10:15:00,22.20210907,trend_down,0.934401781259849
2024-04-02 10:30:00,22.33522364,trend_up,0.7939991758485883
2024-04-02 10:45:00,22.36324776,trend_up,0.7990807723304278
2024-04-02 11:00:00,22.45432615,trend_up,0.5183425986193364
2024-04-02 11:15:00,22.41228997,trend_up,0.5183425986193364
2024-04-02 11:30:00,22.43330806,trend_up,0.7171215582709535
2024-04-02 13:15:00,22.34222967,trend_up,0.6159256428573411
2024-04-02 13:30:00,22.29318746,range,0.7521371808182002
2024-04-02 13:45:00,22.29318746,range,0.7544736893571622
2024-04-02 14:00:00,22.27216937,range,0.7544736893571622
2024-04-02 14:15:00,22.25815731,range,0.8076301088394207
2024-04-02 14:30:00,22.2091151,range,0.664060939026449
2024-04-02 14:45:00,22.2091151,range,0.6148610574654111
2024-04-02 15:00:00,22.34222967,range,0.8881710623963003
2024-04-03 09:45:00,21.97091008,range,0.6383083886878206
2024-04-03 10:00:00,21.78174727,trend_down,0.4247525245250973
2024-04-03 10:15:00,22.00594023,range,0.5099495668271643
2024-04-03 10:30:00,21.9288739,trend_down,0.6073029387372603
2024-04-03 10:45:00,21.97091008,trend_down,0.9096603708933312
2024-04-03 11:00:00,22.01294626,trend_down,0.7707603053954855
2024-04-03 11:15:00,22.0689945,trend_down,0.8164731192348211
2024-04-03 11:30:00,22.04097038,trend_down,0.8164731192348211
2024-04-03 13:15:00,22.09701862,trend_down,0.8164731192348211
2024-04-03 13:30:00,22.05498244,trend_down,0.9096603708933312
2024-04-03 13:45:00,22.03396435,trend_down,0.8164731192348211
2024-04-03 14:00:00,22.11803671,trend_up,0.5529036999713479
2024-04-03 14:15:00,22.11103068,trend_up,0.5963623155074708
2024-04-03 14:30:00,22.08300656,range,0.5592954350852848
2024-04-03 14:45:00,22.03396435,trend_up,0.6615824891304735
2024-04-03 15:00:00,21.95689802,range,0.43720636478307423
2024-04-08 09:45:00,22.22312716,range,0.4489901317272557
2024-04-08 10:00:00,22.17408495,range,0.5521940070910744
2024-04-08 10:15:00,22.40528394,trend_up,0.8183169538160069
2024-04-08 10:30:00,22.29318746,trend_up,0.9526892231117793
2024-04-08 10:45:00,22.31420555,trend_up,0.9735686106763175
2024-04-08 11:00:00,22.44031409,trend_up,0.8609773329160698
2024-04-08 11:15:00,22.37725982,trend_up,0.9742323281814625
2024-04-08 11:30:00,22.31420555,trend_up,0.8989257226588602
2024-04-08 13:15:00,22.38426585,trend_up,0.9696978493388541
2024-04-08 13:30:00,22.30019349,trend_up,0.9696978493388541
2024-04-08 13:45:00,22.32821761,trend_up,0.9742323281814625
2024-04-08 14:00:00,22.23013319,trend_up,0.8812855876076623
2024-04-08 14:15:00,22.26516334,trend_up,0.9058461351597149
2024-04-08 14:30:00,22.26516334,range,0.47633243362523947
2024-04-08 14:45:00,22.25115128,range,0.47633243362523947
2024-04-08 15:00:00,22.22312716,range,0.6805761434856741
2024-04-09 09:45:00,22.16707892,trend_down,0.4764065730541286
2024-04-09 10:00:00,22.00594023,trend_down,0.4764065730541286
2024-04-09 10:15:00,22.10402465,range,0.41902774149197514
2024-04-09 10:30:00,22.08300656,trend_down,0.7275557528240247
2024-04-09 10:45:00,22.05498244,trend_down,0.9025564970643071
2024-04-09 11:00:00,22.0689945,trend_down,0.7806749976032626
2024-04-09 11:15:00,22.11103068,trend_down,0.7806749976032626
2024-04-09 11:30:00,22.07600053,trend_down,0.8205066479738508
2024-04-09 13:15:00,22.10402465,trend_down,0.8164731192348211
2024-04-09 13:30:00,21.95689802,trend_down,0.9217742799779272
2024-04-09 13:45:00,21.97091008,trend_down,0.9183473557035261
2024-04-09 14:00:00,22.01995229,trend_down,0.9666699543776186
2024-04-09 14:15:00,21.99192817,trend_down,0.649036624354085
2024-04-09 14:30:00,22.0689945,trend_down,0.7437781350334146
2024-04-09 14:45:00,22.16007289,trend_up,0.6032138335566802
2024-04-09 15:00:00,22.17408495,range,0.4910342603249249
2024-04-10 09:45:00,21.3683915,breakout_down,0.45468938376457885
2024-04-10 10:00:00,21.59258446,trend_down,0.7949667203703942
2024-04-10 10:15:00,21.61360255,trend_down,0.936572832782578
2024-04-10 10:30:00,21.56456034,trend_down,0.9558414499823894
2024-04-10 10:45:00,21.53653622,trend_down,0.9742323281814625
2024-04-10 11:00:00,21.49450004,trend_down,0.904808988462874
2024-04-10 11:15:00,21.51551813,trend_down,0.9742323281814625
2024-04-10 11:30:00,21.60659652,trend_down,0.9742323281814625
2024-04-10 13:15:00,21.62761461,trend_down,0.9742323281814625
2024-04-10 13:30:00,21.63462064,trend_down,0.9742323281814625
2024-04-10 13:45:00,21.72569903,trend_down,0.9270210358572549
2024-04-10 14:00:00,21.718693,trend_down,0.9270210358572549
2024-04-10 14:15:00,21.65563873,trend_down,0.8199282075881936
2024-04-10 14:30:00,21.76773521,trend_down,0.7174783664142402
2024-04-10 14:45:00,21.77474124,trend_down,0.8156601237330515
2024-04-10 15:00:00,21.66965079,trend_down,0.9423709533776204
2024-04-11 09:45:00,21.62060858,trend_down,0.9558414499823894
2024-04-11 10:00:00,21.69767491,trend_down,0.8156601237330515
2024-04-11 10:15:00,22.09701862,trend_up,0.8144270115893723
2024-04-11 10:30:00,21.95689802,trend_up,0.9470025662049734
2024-04-11 10:45:00,21.93587993,trend_up,0.7757646083214381
2024-04-11 11:00:00,22.02695832,trend_up,0.9096603708933312
2024-04-11 11:15:00,21.93587993,trend_up,0.9013965819316143
2024-04-11 11:30:00,21.91486184,trend_up,0.7707603053954855
2024-04-11 13:15:00,21.94989199,trend_up,0.8414240059105436
2024-04-11 13:30:00,22.01294626,trend_up,0.934401781259849
2024-04-11 13:45:00,22.01995229,trend_up,0.8964466843873214
2024-04-11 14:00:00,21.99192817,trend_up,0.6412619597296555
2024-04-11 14:15:00,21.92186787,range,0.5851334218962132
2024-04-11 14:30:00,21.89384375,range,0.5851334218962132
2024-04-11 14:45:00,21.84480154,range,0.7535994836059334
2024-04-11 15:00:00,21.83779551,range,0.5851334218962132
2024-04-12 09:45:00,21.98492214,range,0.5294037623753223
2024-04-12 10:00:00,22.09701862,range,0.6299592696573502
2024-04-12 10:15:00,22.18109098,trend_up,0.6894178824037194
2024-04-12 10:30:00,22.2091151,trend_up,0.7542706930484038
2024-04-12 10:45:00,22.4893563,trend_up,0.4525522613431871
2024-04-12 11:00:00,22.58744072,breakout_up,0.48512049459319745
2024-04-12 11:15:00,22.61546484,trend_up,0.9742323281814625
2024-04-12 11:30:00,22.66450705,trend_up,0.9742323281814625
2024-04-12 13:15:00,22.65750102,trend_up,0.8003153026697971
2024-04-12 13:30:00,22.73456735,trend_up,0.9742323281814625
2024-04-12 13:45:00,22.81863971,trend_up,0.8003153026697971
2024-04-12 14:00:00,22.75558544,trend_up,0.967029182099857
2024-04-12 14:15:00,22.64348896,trend_up,0.967029182099857
2024-04-12 14:30:00,22.58043469,trend_up,0.9661863672976857
2024-04-12 14:45:00,22.48235027,trend_up,0.9661863672976857
2024-04-12 15:00:00,22.54540454,trend_up,0.9557253993927181
2024-04-15 09:45:00,23.09888091,breakout_up,0.4452658905757582
2024-04-15 10:00:00,23.03582664,trend_up,0.7991902473970328
2024-04-15 10:15:00,23.0498387,trend_up,0.9569306208080132
2024-04-15 10:30:00,23.02181458,trend_up,0.9569306208080132
2024-04-15 10:45:00,22.9797784,trend_up,0.9206961464705191
2024-04-15 11:00:00,23.0498387,trend_up,0.8927407182097999
2024-04-15 11:15:00,22.9797784,trend_up,0.9742323281814625
2024-04-15 11:30:00,23.00079649,trend_up,0.9182273385573261
2024-04-15 13:15:00,22.92373016,trend_up,0.9653094962875512
2024-04-15 13:30:00,22.88870001,trend_up,0.8920597894315797
2024-04-15 13:45:00,23.00079649,trend_up,0.9162450753751263
2024-04-15 14:00:00,23.09187488,trend_up,0.9182273385573261
2024-04-15 14:15:00,22.88870001,trend_up,0.9200970289289416
2024-04-15 14:30:00,22.79762162,trend_up,0.7071502087268331
2024-04-15 14:45:00,22.88870001,trend_up,0.7071502087268331
2024-04-15 15:00:00,22.91672413,trend_up,0.74429590927734
2024-04-16 09:45:00,23.35109799,trend_up,0.7650615968107726
2024-04-16 10:00:00,23.0498387,trend_up,0.9015062663814333
2024-04-16 10:15:00,23.10588694,trend_up,0.9237558618896629
2024-04-16 10:30:00,23.10588694,trend_up,0.5804954938016856
2024-04-16 10:45:00,23.11289297,trend_up,0.5869865257032929
2024-04-16 11:00:00,23.2600196,trend_up,0.7075252337545701
2024-04-16 11:15:00,23.09888091,trend_up,0.757483659280673
2024-04-16 11:30:00,23.08486885,trend_up,0.7585322054351483
2024-04-16 13:15:00,23.30205578,trend_up,0.9384338008120603
2024-04-16 13:30:00,23.37912211,trend_up,0.8101823525557476
2024-04-16 13:45:00,23.37211608,trend_up,0.9255748033673173
2024-04-16 14:00:00,23.37211608,trend_up,0.8026220028412758
2024-04-16 14:15:00,23.2600196,trend_up,0.9206961464705191
2024-04-16 14:30:00,23.16894121,trend_up,0.922476408586515
2024-04-16 14:45:00,23.05684473,trend_down,0.6554353925269597
2024-04-16 15:00:00,22.93774222,trend_up,0.4775185035089532
2024-04-17 09:45:00,23.44918241,trend_up,0.791011945543973
2024-04-17 10:00:00,23.31606784,trend_up,0.9203653755158664
2024-04-17 10:15:00,23.32307387,trend_up,0.9037099434649061
2024-04-17 10:30:00,23.28103769,trend_up,0.7912276721569186
2024-04-17 10:45:00,23.38612814,trend_up,0.9421127839593577
2024-04-17 11:00:00,23.38612814,trend_up,0.7624714097997891
2024-04-17 11:15:00,23.50523065,trend_up,0.9227273176045719
2024-04-17 11:30:00,23.47720653,trend_up,0.8192822453641552
2024-04-17 13:15:00,23.56127889,trend_up,0.8863644856693637
2024-04-17 13:30:00,23.62433316,trend_up,0.9254264981159408
2024-04-17 13:45:00,23.6803814,trend_up,0.9254264981159408
2024-04-17 14:00:00,23.71541155,trend_up,0.7818025507973966
2024-04-17 14:15:00,23.86253818,trend_up,0.9683020799336459
2024-04-17 14:30:00,23.93960451,trend_up,0.8647634424030581
2024-04-17 14:45:00,23.99565275,trend_up,0.4839498821261851
2024-04-17 15:00:00,24.09373717,trend_up,0.539313794585776
2024-04-18 09:45:00,24.08673114,breakout_up,0.48512049459319745
2024-04-18 10:00:00,24.03768893,trend_up,0.9742323281814625
2024-04-18 10:15:00,24.40200249,trend_up,0.938106489634533
2024-04-18 10:30:00,24.43703264,trend_up,0.9742323281814625
2024-04-18 10:45:00,24.53511706,trend_up,0.8264601616968841
2024-04-18 11:00:00,24.57715324,trend_up,0.8231946377914303
2024-04-18 11:15:00,24.52811103,trend_up,0.8989257226588602
2024-04-18 11:30:00,24.35296028,trend_up,0.9696978493388541
2024-04-18 13:15:00,24.35296028,trend_up,0.9742323281814625
2024-04-18 13:30:00,24.35996631,trend_up,0.9254264981159408
2024-04-18 13:45:00,24.14978541,trend_up,0.9653094962875512
2024-04-18 14:00:00,24.10774923,trend_up,0.8983132835346506
2024-04-18 14:15:00,24.08673114,trend_down,0.6554353925269597
2024-04-18 14:30:00,23.97463466,trend_down,0.8156601237330515
2024-04-18 14:45:00,23.91858642,trend_down,0.8156601237330515
2024-04-18 15:00:00,24.00966481,trend_up,0.790893365222354
2024-04-19 09:45:00,26.02289024,breakout_up,0.4482922937390147
2024-04-19 10:00:00,25.87413134,trend_up,0.7986623257322079
2024-04-19 10:15:00,25.57661354,trend_up,0.936572832782578
2024-04-19 10:30:00,25.30884752,trend_up,0.936572832782578
2024-04-19 10:45:00,25.4377719,trend_up,0.9679556215260039
2024-04-19 11:00:00,25.1898404,trend_up,0.9679556215260039
2024-04-19 11:15:00,25.52702724,trend_up,0.9608446534331625
2024-04-19 11:30:00,25.69562066,trend_up,0.9679556215260039
2024-04-19 13:15:00,25.6857034,trend_up,0.9742323281814625
2024-04-19 13:30:00,25.75512422,trend_up,0.9182273385573261
2024-04-19 13:45:00,25.66586888,trend_up,0.9182273385573261
2024-04-19 14:00:00,25.32868204,trend_up,0.9735686106763175
2024-04-19 14:15:00,25.60636532,trend_up,0.9735686106763175
2024-04-19 14:30:00,25.6857034,trend_up,0.9735686106763175
2024-04-19 14:45:00,25.41793738,trend_up,0.9653094962875512
2024-04-19 15:00:00,25.55677902,trend_up,0.9735686106763175
2024-04-22 09:45:00,26.2311527,trend_up,0.5293985367695945
2024-04-22 10:00:00,26.3799116,trend_up,0.9569306208080132
2024-04-22 10:15:00,27.04436802,trend_up,0.8139754305656954
2024-04-22 10:30:00,26.93527816,trend_up,0.9569306208080132
2024-04-22 10:45:00,27.0245335,trend_up,0.9230955164120815
2024-04-22 11:00:00,26.7270157,trend_up,0.9696978493388541
2024-04-22 11:15:00,26.76668474,trend_up,0.8989257226588602
2024-04-22 11:30:00,26.6774294,trend_up,0.9254264981159408
2024-04-22 13:15:00,26.3799116,trend_up,0.9653094962875512
2024-04-22 13:30:00,26.16173188,trend_up,0.8983132835346506
2024-04-22 13:45:00,26.25098722,trend_up,0.8983132835346506
2024-04-22 14:00:00,26.280739,trend_up,0.8983132835346506
2024-04-22 14:15:00,26.26090448,trend_up,0.8983132835346506
2024-04-22 14:30:00,26.21131818,trend_up,0.8983132835346506
2024-04-22 14:45:00,26.26090448,trend_up,0.7694034557279344
2024-04-22 15:00:00,26.51875324,trend_up,0.8153836840655707
2024-04-23 09:45:00,25.76504148,trend_up,0.5442715107740077
2024-04-23 10:00:00,25.70553792,trend_down,0.5442715107740077
2024-04-23 10:15:00,25.5865308,trend_down,0.5963623155074708
2024-04-23 10:30:00,25.39810286,trend_down,0.6073029387372603
2024-04-23 10:45:00,25.46752368,trend_down,0.8784154790480619
2024-04-23 11:00:00,25.34851656,trend_down,0.8976590831882497
2024-04-23 11:15:00,25.289013,trend_down,0.8391550283665405
2024-04-23 11:30:00,25.39810286,trend_down,0.8391550283665405
2024-04-23 13:15:00,25.44768916,trend_down,0.9096603708933312
2024-04-23 13:30:00,25.37826834,trend_down,0.5182498481931086
2024-04-23 13:45:00,25.41793738,trend_down,0.5182498481931086
2024-04-23 14:00:00,25.31876478,trend_down,0.5182498481931086
2024-04-23 14:15:00,25.27909574,trend_down,0.5182498481931086
2024-04-23 14:30:00,25.25926122,trend_down,0.5182498481931086
2024-04-23 14:45:00,25.3385993,trend_down,0.5182498481931086
2024-04-23 15:00:00,25.25926122,trend_down,0.5182498481931086
2024-04-24 09:45:00,26.07247654,trend_up,0.39385542801168005
2024-04-24 10:00:00,26.20140092,trend_up,0.5529036999713479
2024-04-24 10:15:00,26.0823938,trend_up,0.9567949741861582
2024-04-24 10:30:00,26.1319801,trend_up,0.9423709533776204
2024-04-24 10:45:00,25.89396586,trend_up,0.9735686106763175
2024-04-24 11:00:00,25.8344623,trend_up,0.8902144987503774
2024-04-24 11:15:00,25.784876,trend_up,0.8952284811874971
2024-04-24 11:30:00,25.7352897,trend_up,0.6554353925269597
2024-04-24 13:15:00,25.76504148,trend_up,0.6491959135829651
2024-04-24 13:30:00,25.7352897,trend_up,0.6491959135829651
2024-04-24 13:45:00,26.25098722,trend_up,0.929356564652179
2024-04-24 14:00:00,26.15181462,trend_up,0.8055234417385794
2024-04-24 14:15:00,26.06255928,trend_up,0.9505140032602494
2024-04-24 14:30:00,26.1815664,trend_up,0.8784592239053839
2024-04-24 14:45:00,26.26090448,trend_up,0.9230955164120815
2024-04-24 15:00:00,26.19148366,trend_up,0.8958711337427966
2024-04-25 09:45:00,25.75512422,trend_up,0.8152824523550809
2024-04-25 10:00:00,25.52702724,trend_up,0.7970122181324113
2024-04-25 10:15:00,25.4873582,trend_down,0.5963623155074708
2024-04-25 10:30:00,25.52702724,trend_down,0.7970122181324113
2024-04-25 10:45:00,25.44768916,trend_down,0.7547601062651265
2024-04-25 11:00:00,25.5865308,trend_down,0.5908897730935444
2024-04-25 11:15:00,25.55677902,trend_down,0.6534742824303152
2024-04-25 11:30:00,25.47744094,trend_down,0.648246343667833
2024-04-25 13:15:00,25.289013,trend_down,0.9053624902036228
2024-04-25 13:30:00,25.1898404,trend_down,0.6505957202309758
2024-04-25 13:45:00,25.25926122,trend_down,0.6519587470986764
2024-04-25 14:00:00,25.21959218,trend_down,0.6519587470986764
2024-04-25 14:15:00,25.19975766,trend_down,0.6577787222618937
2024-04-25 14:30:00,25.17992314,trend_down,0.707697177671514
2024-04-25 14:45:00,25.29893026,trend_down,0.7025582472978368
2024-04-25 15:00:00,25.24934396,trend_down,0.6974420134051905
2024-04-26 09:45:00,25.3881856,trend_down,0.687474973724114
2024-04-26 10:00:00,25.40802012,trend_up,0.5446515488416681
2024-04-26 10:15:00,25.51710998,range,0.72067736070684
2024-04-26 10:30:00,25.59644806,range,0.6813037943603433
2024-04-26 10:45:00,25.66586888,range,0.6324362144853907
2024-04-26 11:00:00,25.6361171,range,0.6453051112718295
2024-04-26 11:15:00,25.5865308,trend_up,0.5507757844364722
2024-04-26 11:30:00,25.5865308,trend_up,0.5507757844364722
2024-04-26 13:15:00,25.51710998,trend_up,0.5954143118264487
2024-04-26 13:30:00,25.62619984,trend_up,0.5954143118264487
2024-04-26 13:45:00,25.47744094,range,0.6767270180912871
2024-04-26 14:00:00,25.35843382,range,0.6767270180912871
2024-04-26 14:15:00,25.5369445,range,0.72067736070684
2024-04-26 14:30:00,25.51710998,range,0.7960741648574148
2024-04-26 14:45:00,25.5369445,range,0.7960741648574148
2024-04-26 15:00:00,25.55677902,range,0.7960741648574148
2024-04-29 09:45:00,24.81298452,range,0.44321713147645064
2024-04-29 10:00:00,24.87248808,trend_down,0.5360031449433499
2024-04-29 10:15:00,24.8923226,trend_down,0.8414240059105436
2024-04-29 10:30:00,24.9419089,trend_down,0.8784154790480619
2024-04-29 10:45:00,24.78323274,trend_down,0.9742323281814625
2024-04-29 11:00:00,24.82290178,trend_down,0.9696978493388541
2024-04-29 11:15:00,24.91215712,trend_down,0.8986267431189191
2024-04-29 11:30:00,24.90223986,trend_down,0.9696011356265064
2024-04-29 13:15:00,24.88240534,trend_down,0.8986267431189191
2024-04-29 13:30:00,25.02124698,trend_down,0.9716442844366692
2024-04-29 13:45:00,25.07083328,trend_down,0.9158152268647679
2024-04-29 14:00:00,25.06091602,trend_up,0.8447160309961037
2024-04-29 14:15:00,25.07083328,trend_up,0.8447160309961037
2024-04-29 14:30:00,25.1402541,trend_up,0.8164731192348211
2024-04-29 14:45:00,25.06091602,range,0.6241366913594073
2024-04-29 15:00:00,25.0410815,range,0.6241366913594073
2024-04-30 09:45:00,25.16008862,trend_up,0.4023418816377386
2024-04-30 10:00:00,25.42785464,range,0.7172378895645664
2024-04-30 10:15:00,25.77495874,trend_up,0.40022591183534206
2024-04-30 10:30:00,25.784876,trend_up,0.9053624902036228
2024-04-30 10:45:00,25.9832212,trend_up,0.8563647491599883
2024-04-30 11:00:00,26.27082174,trend_up,0.9310376619313472
2024-04-30 11:15:00,25.96338668,trend_up,0.5407135016471885
2024-04-30 11:30:00,26.07247654,trend_up,0.9742323281814625
2024-04-30 13:15:00,25.9832212,trend_up,0.9679511336517824
2024-04-30 13:30:00,26.07247654,trend_up,0.967029182099857
2024-04-30 13:45:00,26.0823938,trend_up,0.9182273385573261
2024-04-30 14:00:00,26.12206284,trend_up,0.9182273385573261
2024-04-30 14:15:00,26.12206284,trend_up,0.9182273385573261
2024-04-30 14:30:00,26.0328075,trend_up,0.9742323281814625
2024-04-30 14:45:00,25.99313846,trend_up,0.9182273385573261
2024-04-30 15:00:00,26.01297298,trend_up,0.9182273385573261
2024-05-06 09:45:00,25.86421408,breakout_up,0.5041652982024489
2024-05-06 10:00:00,26.06255928,trend_up,0.9661863672976857
2024-05-06 10:15:00,26.16173188,trend_up,0.9487246146283509
2024-05-06 10:30:00,26.15181462,trend_up,0.6519047507389444
2024-05-06 10:45:00,26.1815664,trend_up,0.8364706572086146
2024-05-06 11:00:00,26.1319801,trend_up,0.7075252337545701
2024-05-06 11:15:00,26.3303253,trend_up,0.886942038506704
2024-05-06 11:30:00,26.60800858,trend_up,0.6144662816192576
2024-05-06 13:15:00,26.5286705,trend_up,0.6144662816192575
2024-05-06 13:30:00,26.39974612,trend_up,0.8927407182097999
2024-05-06 13:45:00,26.3799116,trend_up,0.6659364707332064
2024-05-06 14:00:00,26.4790842,trend_up,0.8533140008289928
2024-05-06 14:15:00,26.48900146,trend_up,0.7128994785324759
2024-05-06 14:30:00,26.45924968,trend_up,0.7075252337545701
2024-05-06 14:45:00,26.56833954,trend_up,0.9182273385573261
2024-05-06 15:00:00,26.54850502,trend_up,0.9179802441287964
2024-05-07 09:45:00,26.31049078,trend_up,0.9090635430530795
2024-05-07 10:00:00,26.4294979,trend_up,0.9661863672976857
2024-05-07 10:15:00,26.43941516,trend_up,0.6519047507389444
2024-05-07 10:30:00,26.41958064,trend_up,0.5858872534115398
2024-05-07 10:45:00,26.31049078,range,0.6356567985997432
2024-05-07 11:00:00,26.280739,range,0.685759807008504
2024-05-07 11:15:00,26.36999434,range,0.6356567985997432
2024-05-07 11:30:00,26.280739,range,0.6356567985997432
2024-05-07 13:15:00,26.36007708,trend_up,0.5824918233590364
2024-05-07 13:30:00,26.35015982,range,0.7521371808182002
2024-05-07 13:45:00,26.54850502,trend_up,0.6901246879786478
2024-05-07 14:00:00,26.51875324,trend_up,0.5597440010896126
2024-05-07 14:15:00,26.41958064,trend_up,0.5774656010470498
2024-05-07 14:30:00,26.39974612,trend_up,0.504960685561156
2024-05-07 14:45:00,26.3303253,range,0.6412288529727601
2024-05-07 15:00:00,26.43941516,trend_up,0.504960685561156
2024-05-08 09:45:00,26.27082174,trend_down,0.4564510275150695
2024-05-08 10:00:00,26.06255928,range,0.8034067673847938
2024-05-08 10:15:00,26.20140092,range,0.7955958625973829
2024-05-08 10:30:00,26.27082174,range,0.7995050735526689
2024-05-08 10:45:00,26.24106996,trend_down,0.5845824471871091
2024-05-08 11:00:00,26.24106996,range,0.6125631315948684
2024-05-08 11:15:00,26.25098722,range,0.5851334218962132
2024-05-08 11:30:00,26.2311527,range,0.6629975606461551
2024-05-08 13:15:00,26.17164914,range,0.6125631315948684
2024-05-08 13:30:00,26.19148366,range,0.6125631315948684
2024-05-08 13:45:00,26.1319801,range,0.6125631315948684
2024-05-08 14:00:00,26.07247654,range,0.6629975606461551
2024-05-08 14:15:00,26.0328075,trend_down,0.5283093706388774
2024-05-08 14:30:00,26.00305572,breakout_down,0.5673157256181778
2024-05-08 14:45:00,25.99313846,trend_down,0.6002792785301752
2024-05-08 15:00:00,26.04272476,trend_down,0.7217937969344603
2024-05-09 09:45:00,26.280739,range,0.6353060086564459
2024-05-09 10:00:00,26.38982886,range,0.5321456459722116
2024-05-09 10:15:00,26.35015982,trend_up,0.6167259434089779
2024-05-09 10:30:00,26.6774294,trend_up,0.7791129098472483
2024-05-09 10:45:00,26.93527816,trend_up,0.8273627485107009
2024-05-09 11:00:00,26.90552638,trend_up,0.9569306208080132
2024-05-09 11:15:00,27.0245335,trend_up,0.5353414024884853
2024-05-09 11:30:00,27.1732924,trend_up,0.5293985367695945
2024-05-09 13:15:00,27.1732924,trend_up,0.5407135016471885
2024-05-09 13:30:00,27.3220513,trend_up,0.8231946377914303
2024-05-09 13:45:00,27.56006554,trend_up,0.5293985367695945
2024-05-09 14:00:00,27.3220513,trend_up,0.9742323281814625
2024-05-09 14:15:00,27.34188582,trend_up,0.9705246689210671
2024-05-09 14:30:00,27.45097568,trend_up,0.9019048519618212
2024-05-09 14:45:00,27.55014828,trend_up,0.9019048519618212
2024-05-09 15:00:00,27.53031376,trend_up,0.5176724489511012
2024-05-10 09:45:00,27.55014828,trend_up,0.6353152693330081
2024-05-10 10:00:00,27.7187417,trend_up,0.6372585403282438
2024-05-10 10:15:00,27.8675006,trend_up,0.6372585403282437
2024-05-10 10:30:00,27.9666732,trend_up,0.9742323281814625
2024-05-10 10:45:00,27.90716964,trend_up,0.5407135016471885
2024-05-10 11:00:00,27.89725238,trend_up,0.9679511336517824
2024-05-10 11:15:00,27.69890718,trend_up,0.9679511336517824
2024-05-10 11:30:00,27.6691554,trend_up,0.9653094962875512
2024-05-10 13:15:00,27.54023102,trend_up,0.9653094962875512
2024-05-10 13:30:00,27.38155486,trend_down,0.6554353925269597
2024-05-10 13:45:00,27.41130664,trend_down,0.6554353925269597
2024-05-10 14:00:00,27.38155486,trend_down,0.6554353925269597
2024-05-10 14:15:00,27.5203965,trend_up,0.8156601237330515
2024-05-10 14:30:00,27.5699828,trend_up,0.9558414499823894
2024-05-10 14:45:00,27.54023102,trend_up,0.6554353925269597
2024-05-10 15:00:00,27.58981732,trend_up,0.74429590927734
2024-05-13 09:45:00,26.50883598,trend_down,0.4937850020109617
2024-05-13 10:00:00,26.5286705,trend_down,0.872919724035682
2024-05-13 10:15:00,26.5286705,trend_down,0.9096603708933312
2024-05-13 10:30:00,26.55842228,trend_down,0.9096603708933312
2024-05-13 10:45:00,26.61792584,trend_down,0.8938647944710887
2024-05-13 11:00:00,26.64767762,trend_down,0.9450935403116844
2024-05-13 11:15:00,26.8261883,trend_down,0.9450935403116844
2024-05-13 11:30:00,26.776602,trend_down,0.8639326827781951
2024-05-13 13:15:00,26.9253609,trend_down,0.9440863650114307
2024-05-13 13:30:00,26.8261883,trend_down,0.8605170046064232
2024-05-13 13:45:00,27.03445076,trend_up,0.7876930355509575
2024-05-13 14:00:00,26.9253609,range,0.4645701428517306
2024-05-13 14:15:00,26.98486446,trend_up,0.6428670560630614
2024-05-13 14:30:00,26.85594008,trend_up,0.6428670560630614
2024-05-13 14:45:00,26.89560912,trend_up,0.6428670560630614
2024-05-13 15:00:00,26.86585734,range,0.5076080356158018
2024-05-14 09:45:00,26.5782568,trend_down,0.6931339589155717
2024-05-14 10:00:00,26.45924968,trend_down,0.5567597230667899
2024-05-14 10:15:00,26.5286705,trend_down,0.6933285753589431
2024-05-14 10:30:00,26.60800858,trend_down,0.6777546802359254
2024-05-14 10:45:00,26.60800858,trend_down,0.6872932051106249
2024-05-14 11:00:00,26.54850502,trend_down,0.6872932051106249
2024-05-14 11:15:00,26.61792584,trend_down,0.7387808298726368
2024-05-14 11:30:00,26.51875324,trend_down,0.7524824829551136
2024-05-14 13:15:00,26.30057352,trend_down,0.88625147446568
2024-05-14 13:30:00,26.1815664,trend_down,0.9639613855702905
2024-05-14 13:45:00,26.20140092,trend_down,0.939308120384116
2024-05-14 14:00:00,26.16173188,trend_down,0.8892108789204528
2024-05-14 14:15:00,25.96338668,trend_down,0.9377262209536074
2024-05-14 14:30:00,25.81462778,trend_down,0.8003153026697971
2024-05-14 14:45:00,25.91380038,trend_down,0.938106489634533
2024-05-14 15:00:00,26.00305572,trend_down,0.9206961464705191
2024-05-15 09:45:00,26.04272476,trend_down,0.9505459035167527
2024-05-15 10:00:00,26.02289024,trend_down,0.9742323281814625
2024-05-15 10:15:00,25.96338668,trend_down,0.8927407182097999
2024-05-15 10:30:00,25.82454504,trend_down,0.9679511336517824
2024-05-15 10:45:00,25.91380038,trend_down,0.9679511336517824
2024-05-15 11:00:00,26.00305572,trend_down,0.9735686106763175
2024-05-15 11:15:00,25.95346942,trend_down,0.9187684356464907
2024-05-15 11:30:00,26.02289024,trend_down,0.8952284811874971
2024-05-15 13:15:00,25.95346942,trend_down,0.9735686106763175
2024-05-15 13:30:00,25.9336349,trend_down,0.9187684356464907
2024-05-15 13:45:00,25.86421408,trend_down,0.9187684356464907
2024-05-15 14:00:00,25.8840486,trend_down,0.9187684356464907
2024-05-15 14:15:00,25.8840486,trend_down,0.7124680888866436
2024-05-15 14:30:00,25.8840486,trend_down,0.7124680888866436
2024-05-15 14:45:00,25.80471052,trend_down,0.5933025115890171
2024-05-15 15:00:00,25.74520696,trend_down,0.45505610758249093
2024-05-16 09:45:00,26.09231106,breakout_up,0.3508575748895084
2024-05-16 10:00:00,26.01297298,trend_up,0.5783064637189992
2024-05-16 10:15:00,25.86421408,trend_up,0.5783064637189992
2024-05-16 10:30:00,26.01297298,trend_up,0.5783064637189992
2024-05-16 10:45:00,25.76504148,range,0.5662926162526309
2024-05-16 11:00:00,25.8344623,range,0.6241366913594073
2024-05-16 11:15:00,25.96338668,range,0.795484194260536
2024-05-16 11:30:00,26.0328075,range,0.7687647182774826
2024-05-16 13:15:00,25.96338668,range,0.795484194260536
2024-05-16 13:30:00,26.06255928,range,0.7482809570184261
2024-05-16 13:45:00,25.99313846,range,0.5525671821101094
2024-05-16 14:00:00,25.8840486,range,0.8064962037434751
2024-05-16 14:15:00,25.81462778,range,0.5525671821101094
2024-05-16 14:30:00,25.77495874,trend_down,0.5691573685767216
2024-05-16 14:45:00,25.81462778,range,0.7446388367843573
2024-05-16 15:00:00,25.70553792,trend_down,0.5643116812574618
2024-05-17 09:45:00,25.20967492,trend_down,0.4652087860695407
2024-05-17 10:00:00,25.31876478,trend_down,0.48309475886286374
2024-05-17 10:15:00,25.2394267,trend_down,0.9558414499823895
2024-05-17 10:30:00,25.07083328,trend_down,0.8139754305656954
2024-05-17 10:45:00,24.97166068,trend_down,0.5407135016471885
2024-05-17 11:00:00,25.02124698,trend_down,0.5260651882901183
2024-05-17 11:15:00,25.08075054,trend_down,0.8989257226588602
2024-05-17 11:30:00,24.97166068,trend_down,0.8989257226588602
2024-05-17 13:15:00,24.92207438,trend_down,0.8225765820481383
2024-05-17 13:30:00,24.88240534,trend_down,0.8219355018305541
2024-05-17 13:45:00,24.96174342,trend_down,0.9679511336517824
2024-05-17 14:00:00,24.9914952,trend_down,0.8927407182097999
2024-05-17 14:15:00,24.9914952,trend_down,0.8927407182097999
2024-05-17 14:30:00,25.01132972,trend_down,0.8902144987503774
2024-05-17 14:45:00,25.10058506,trend_down,0.9653094962875512
2024-05-17 15:00:00,25.22950944,trend_down,0.8156601237330515
2024-05-20 09:45:00,25.29893026,trend_down,0.5428647267691095
2024-05-20 10:00:00,25.26917848,trend_down,0.790893365222354
2024-05-20 10:15:00,25.45760642,trend_up,0.8959112403874824
2024-05-20 10:30:00,25.3881856,trend_up,0.9332347807542475
2024-05-20 10:45:00,25.37826834,trend_up,0.8414240059105436
2024-05-20 11:00:00,25.34851656,trend_up,0.8123414493055849
2024-05-20 11:15:00,25.30884752,trend_up,0.9096603708933312
2024-05-20 11:30:00,25.32868204,trend_up,0.8123414493055849
2024-05-20 13:15:00,25.45760642,trend_up,0.9096603708933312
2024-05-20 13:30:00,25.55677902,trend_up,0.707439890782627
2024-05-20 13:45:00,25.77495874,trend_up,0.5514820862140636
2024-05-20 14:00:00,25.86421408,trend_up,0.6769452001158383
2024-05-20 14:15:00,25.91380038,trend_up,0.9423709533776204
2024-05-20 14:30:00,25.81462778,trend_up,0.9526892231117793
2024-05-20 14:45:00,25.8344623,trend_up,0.8705313301600581
2024-05-20 15:00:00,25.82454504,trend_up,0.8705313301600581
2024-05-21 09:45:00,25.8344623,trend_up,0.7310250647575071
2024-05-21 10:00:00,25.60636532,trend_up,0.8993481562721959
2024-05-21 10:15:00,25.59644806,trend_up,0.8993481562721959
2024-05-21 10:30:00,25.62619984,trend_up,0.7707603053954855
2024-05-21 10:45:00,25.56669628,trend_down,0.8993481562721959
2024-05-21 11:00:00,25.54686176,trend_down,0.8164731192348211
2024-05-21 11:15:00,25.55677902,range,0.6241366913594073
2024-05-21 11:30:00,25.57661354,range,0.6241366913594073
2024-05-21 13:15:00,25.54686176,trend_down,0.6518016609119309
2024-05-21 13:30:00,25.59644806,range,0.6299592696573502
2024-05-21 13:45:00,25.56669628,range,0.7851479446904522
2024-05-21 14:00:00,25.47744094,range,0.6813037943603433
2024-05-21 14:15:00,25.4377719,trend_down,0.5331812904942944
2024-05-21 14:30:00,25.45760642,trend_down,0.5313532064346188
2024-05-21 14:45:00,25.49727546,trend_down,0.6981159566911366
2024-05-21 15:00:00,25.51710998,trend_down,0.5369144893070597
2024-05-22 09:45:00,25.31876478,trend_down,0.6140668296714097
2024-05-22 10:00:00,25.39810286,trend_down,0.6111308495628112
2024-05-22 10:15:00,25.3385993,trend_down,0.8400579146119669
2024-05-22 10:30:00,25.25926122,trend_down,0.8434095799572288
2024-05-22 10:45:00,25.10058506,trend_down,0.9285794203562051
2024-05-22 11:00:00,25.05099876,trend_down,0.8532603527991378
2024-05-22 11:15:00,25.1402541,trend_down,0.9639613855702905
2024-05-22 11:30:00,25.0906678,trend_down,0.9742323281814625
2024-05-22 13:15:00,24.92207438,trend_down,0.897989906797047
2024-05-22 13:30:00,24.95182616,trend_down,0.6372585403282437
2024-05-22 13:45:00,24.97166068,trend_down,0.9742323281814625
2024-05-22 14:00:00,25.10058506,trend_down,0.9696978493388541
2024-05-22 14:15:00,25.15017136,trend_down,0.9365728327825781
2024-05-22 14:30:00,25.10058506,trend_down,0.9696978493388541
2024-05-22 14:45:00,25.11050232,trend_down,0.8989257226588602
2024-05-22 15:00:00,25.10058506,trend_down,0.8965282913525047
2024-05-23 09:45:00,25.15017136,trend_down,0.912270311325252
2024-05-23 10:00:00,24.97166068,trend_down,0.9689210597843152
2024-05-23 10:15:00,24.91215712,trend_down,0.952555408724359
2024-05-23 10:30:00,24.88240534,trend_down,0.8841751765460708
2024-05-23 10:45:00,24.9419089,trend_down,0.9098009843105702
2024-05-23 11:00:00,24.95182616,trend_down,0.5964619998421714
2024-05-23 11:15:00,24.8923226,trend_down,0.5933025115890171
2024-05-23 11:30:00,24.82290178,trend_down,0.5770000796177124
2024-05-23 13:15:00,24.79315,trend_down,0.3781648938817773
2024-05-23 13:30:00,24.98157794,trend_down,0.6348970189538503
2024-05-23 13:45:00,24.88240534,trend_down,0.7124680888866436
2024-05-23 14:00:00,24.79315,trend_down,0.757483659280673
2024-05-23 14:15:00,24.82290178,trend_down,0.7516158153162651
2024-05-23 14:30:00,24.77331548,trend_down,0.7106438320296968
2024-05-23 14:45:00,24.73364644,trend_down,0.8809636631528646
2024-05-23 15:00:00,24.79315,trend_down,0.886942038506704
2024-05-24 09:45:00,25.10058506,trend_up,0.737823825568231
2024-05-24 10:00:00,25.1898404,trend_up,0.7373049382652888
2024-05-24 10:15:00,25.02124698,trend_up,0.9096603708933312
2024-05-24 10:30:00,25.08075054,range,0.455445798709778
2024-05-24 10:45:00,25.06091602,trend_up,0.808111438353901
2024-05-24 11:00:00,25.08075054,trend_up,0.8959112403874824
2024-05-24 11:15:00,25.1402541,trend_up,0.808111438353901
2024-05-24 11:30:00,25.13033684,trend_up,0.9526892231117793
2024-05-24 13:15:00,25.00141246,trend_up,0.4639852444248265
2024-05-24 13:30:00,25.0410815,trend_down,0.4639852444248265
2024-05-24 13:45:00,24.98157794,range,0.6941415031866094
2024-05-24 14:00:00,24.96174342,range,0.6941415031866094
2024-05-24 14:15:00,25.01132972,range,0.6941415031866094
2024-05-24 14:30:00,24.90223986,trend_down,0.8992337021191241
2024-05-24 14:45:00,24.88240534,trend_down,0.797651098358285
2024-05-24 15:00:00,24.85265356,trend_down,0.7901268861007262
2024-05-27 09:45:00,25.05099876,trend_down,0.39385542801168005
2024-05-27 10:00:00,24.97166068,trend_down,0.5824918233590364
2024-05-27 10:15:00,24.96174342,trend_down,0.5858872534115398
2024-05-27 10:30:00,24.83281904,trend_down,0.6519047507389444
2024-05-27 10:45:00,24.76339822,trend_down,0.6103782667135389
2024-05-27 11:00:00,24.80306726,trend_down,0.6621878992095468
2024-05-27 11:15:00,24.81298452,trend_down,0.8471799711672638
2024-05-27 11:30:00,24.75348096,trend_down,0.8579993070247722
2024-05-27 13:15:00,24.76339822,trend_down,0.8250474735137773
2024-05-27 13:30:00,24.7435637,trend_down,0.7224166514371863
2024-05-27 13:45:00,24.76339822,trend_down,0.7274146089053374
2024-05-27 14:00:00,24.76339822,trend_down,0.5013131707599661
2024-05-27 14:15:00,24.83281904,range,0.5634720182948987
2024-05-27 14:30:00,25.00141246,range,0.7929387889700131
2024-05-27 14:45:00,24.9914952,range,0.8095349036905007
2024-05-27 15:00:00,25.02124698,range,0.8095349036905007
2024-05-28 09:45:00,24.87248808,range,0.8851589731971736
2024-05-28 10:00:00,24.87248808,range,0.7669299850682175
2024-05-28 10:15:00,24.80306726,range,0.8095349036905007
2024-05-28 10:30:00,24.83281904,range,0.8095349036905007
2024-05-28 10:45:00,24.85265356,range,0.5634720182948987
2024-05-28 11:00:00,24.76339822,trend_down,0.536754946592297
2024-05-28 11:15:00,24.86257082,range,0.7818914962549456
2024-05-28 11:30:00,24.90223986,range,0.8851589731971736
2024-05-28 13:15:00,24.8923226,range,0.8851589731971736
2024-05-28 13:30:00,24.88240534,range,0.8947105530629855
2024-05-28 13:45:00,24.79315,range,0.5198817745810703
2024-05-28 14:00:00,24.71381192,trend_down,0.5388583163871968
2024-05-28 14:15:00,24.62455658,trend_down,0.5716455707241019
2024-05-28 14:30:00,24.67414288,trend_down,0.6612626801342758
2024-05-28 14:45:00,24.61463932,trend_down,0.8500151940332742
2024-05-28 15:00:00,24.5452185,trend_down,0.8571746153206622
2024-05-29 09:45:00,24.61463932,trend_down,0.8245521707886249
2024-05-29 10:00:00,24.4956322,trend_down,0.8573931791132244
2024-05-29 10:15:00,24.68406014,trend_down,0.863612138995893
2024-05-29 10:30:00,24.68406014,trend_down,0.6573104566453738
2024-05-29 10:45:00,24.5948048,trend_down,0.8579993070247722
2024-05-29 11:00:00,24.60472206,trend_down,0.6692163404760045
2024-05-29 11:15:00,24.5948048,trend_down,0.8934098402710774
2024-05-29 11:30:00,24.66422562,trend_down,0.6314553321033184
2024-05-29 13:15:00,24.73364644,range,0.5278516112988646
2024-05-29 13:30:00,24.71381192,range,0.7482809570184261
2024-05-29 13:45:00,24.6443911,range,0.5592954350852848
2024-05-29 14:00:00,24.57497028,range,0.4962490207082196
2024-05-29 14:15:00,24.55513576,trend_down,0.5379557425675399
2024-05-29 14:30:00,24.63447384,range,0.8862011044689261
2024-05-29 14:45:00,24.6443911,range,0.783641678197764
2024-05-29 15:00:00,24.71381192,range,0.8862011044689261
2024-05-30 09:45:00,24.68406014,range,0.7929387889700131
2024-05-30 10:00:00,24.77331548,range,0.8947105530629855
2024-05-30 10:15:00,24.81298452,range,0.7835906037116828
2024-05-30 10:30:00,24.79315,range,0.6065665537364031
2024-05-30 10:45:00,24.7435637,range,0.6101895967861346
2024-05-30 11:00:00,24.77331548,range,0.6307382521208832
2024-05-30 11:15:00,25.01132972,trend_up,0.4619965339342067
2024-05-30 11:30:00,25.0410815,trend_up,0.42165362425986025
2024-05-30 13:15:00,25.00141246,trend_up,0.7656634859672273
2024-05-30 13:30:00,24.90223986,trend_up,0.7656634859672273
2024-05-30 13:45:00,24.93199164,trend_up,0.7656634859672273
2024-05-30 14:00:00,24.87248808,trend_up,0.5239737120696346
2024-05-30 14:15:00,24.8427363,range,0.5016324948275044
2024-05-30 14:30:00,24.8923226,trend_up,0.6483396415591989
2024-05-30 14:45:00,24.79315,trend_down,0.5183425986193364
2024-05-30 15:00:00,24.86257082,range,0.6813037943603433
2024-05-31 09:45:00,25.02124698,trend_up,0.6008334331331971
2024-05-31 10:00:00,24.96174342,trend_up,0.7100613190755783
2024-05-31 10:15:00,24.83281904,trend_down,0.5894533561033574
2024-05-31 10:30:00,24.85265356,range,0.7952570075835796
2024-05-31 10:45:00,24.77331548,range,0.7863367821971079
2024-05-31 11:00:00,24.76339822,range,0.6324362144853908
2024-05-31 11:15:00,24.86257082,range,0.7071601563822434
2024-05-31 11:30:00,24.79315,range,0.7863367821971079
2024-05-31 13:15:00,24.78323274,range,0.7863367821971079
2024-05-31 13:30:00,24.6939774,trend_down,0.6981159566911367
2024-05-31 13:45:00,24.73364644,range,0.5586815927789716
2024-05-31 14:00:00,24.66422562,trend_down,0.5369144893070597
2024-05-31 14:15:00,24.66422562,trend_down,0.5626338737677908
2024-05-31 14:30:00,24.66422562,trend_down,0.5916774437892452
2024-05-31 14:45:00,24.5948048,trend_down,0.6702327384077174
2024-05-31 15:00:00,24.60472206,trend_down,0.6700250206588598
2024-06-03 09:45:00,24.7435637,trend_down,0.44258257630733017
2024-06-03 10:00:00,24.82290178,trend_down,0.44258257630733017
2024-06-03 10:15:00,25.08075054,reversal,0.4450783208248069
2024-06-03 10:30:00,25.0906678,reversal,0.6191690191516286
2024-06-03 10:45:00,25.06091602,trend_up,0.9131755176070061
2024-06-03 11:00:00,25.08075054,trend_up,0.9569306208080132
2024-06-03 11:15:00,25.1402541,trend_up,0.9741497011086431
2024-06-03 11:30:00,25.10058506,trend_up,0.9016137202431637
2024-06-03 13:15:00,25.20967492,trend_up,0.8948389168459503
2024-06-03 13:30:00,25.00141246,trend_up,0.9365728327825781
2024-06-03 13:45:00,25.16008862,trend_up,0.9742323281814625
2024-06-03 14:00:00,25.15017136,trend_up,0.9742323281814625
2024-06-03 14:15:00,25.13033684,trend_up,0.9742323281814625
2024-06-03 14:30:00,25.0906678,trend_up,0.9098009843105702
2024-06-03 14:45:00,25.15017136,trend_up,0.8989257226588602
2024-06-03 15:00:00,25.17992314,trend_up,0.8989257226588602
2024-06-04 09:45:00,25.289013,trend_up,0.5283018173322191
2024-06-04 10:00:00,25.45760642,trend_up,0.5339693347282727
2024-06-04 10:15:00,25.40802012,trend_up,0.5395694509594747
2024-06-04 10:30:00,25.4873582,trend_up,0.9705246689210671
2024-06-04 10:45:00,25.55677902,trend_up,0.5395694509594747
2024-06-04 11:00:00,25.52702724,trend_up,0.9713217933116737
2024-06-04 11:15:00,25.55677902,trend_up,0.8264601616968841
2024-06-04 11:30:00,25.57661354,trend_up,0.9742323281814625
2024-06-04 13:15:00,25.56669628,trend_up,0.9742323281814625
2024-06-04 13:30:00,25.77495874,trend_up,0.5283018173322191
2024-06-04 13:45:00,25.65595162,trend_up,0.5398157423806391
2024-06-04 14:00:00,25.67578614,trend_up,0.904808988462874
2024-06-04 14:15:00,25.71545518,trend_up,0.904808988462874
2024-06-04 14:30:00,25.6857034,trend_up,0.904808988462874
2024-06-04 14:45:00,25.784876,trend_up,0.9742323281814625
2024-06-04 15:00:00,25.74520696,trend_up,0.9298877270666909
2024-06-05 09:45:00,25.6857034,trend_up,0.9705853704545222
2024-06-05 10:00:00,25.91380038,trend_up,0.9283791429760239
2024-06-05 10:15:00,25.79479326,trend_up,0.6464687446919469
2024-06-05 10:30:00,25.74520696,trend_up,0.9025359750836585
2024-06-05 10:45:00,25.79479326,trend_up,0.8995701894473405
2024-06-05 11:00:00,25.69562066,trend_up,0.9603701744438654
2024-06-05 11:15:00,25.64603436,trend_up,0.9653094962875512
2024-06-05 11:30:00,25.65595162,trend_up,0.8983132835346506
2024-06-05 13:15:00,25.55677902,trend_down,0.9096603708933312
2024-06-05 13:30:00,25.44768916,trend_down,0.9096603708933312
2024-06-05 13:45:00,25.34851656,trend_down,0.9423709533776204
2024-06-05 14:00:00,25.17992314,trend_down,0.8455619703373614
2024-06-05 14:15:00,25.22950944,trend_down,0.9460652390401708
2024-06-05 14:30:00,25.24934396,trend_down,0.8753697464663618
2024-06-05 14:45:00,25.16008862,trend_down,0.9483254052857735
2024-06-05 15:00:00,25.17000588,trend_down,0.9492355013356424
2024-06-06 09:45:00,25.29893026,trend_down,0.8360818146694527
2024-06-06 10:00:00,25.27909574,trend_down,0.9470025662049734
2024-06-06 10:15:00,25.12041958,trend_down,0.8491236163364417
2024-06-06 10:30:00,25.07083328,trend_down,0.9470025662049734
2024-06-06 10:45:00,25.3385993,trend_down,0.9526892231117793
2024-06-06 11:00:00,25.45760642,trend_up,0.7970122181324113
2024-06-06 11:15:00,25.56669628,trend_up,0.7970122181324113
2024-06-06 11:30:00,25.49727546,trend_up,0.7970122181324113
2024-06-06 13:15:00,25.47744094,trend_up,0.7970122181324113
2024-06-06 13:30:00,25.52702724,trend_up,0.9680422957267861
2024-06-06 13:45:00,25.31876478,trend_up,0.7970122181324113
2024-06-06 14:00:00,25.26917848,trend_up,0.7970122181324113
2024-06-06 14:15:00,25.40802012,trend_up,0.7939991758485883
2024-06-06 14:30:00,25.22950944,range,0.4463221082749991
2024-06-06 14:45:00,25.27909574,range,0.7995050735526689
2024-06-06 15:00:00,25.24934396,range,0.7995050735526689
2024-06-07 09:45:00,25.05099876,range,0.6442107565073955
2024-06-07 10:00:00,24.96174342,trend_down,0.6924511079276787
2024-06-07 10:15:00,24.75348096,trend_down,0.6268576024390292
2024-06-07 10:30:00,24.60472206,trend_down,0.607538127053016
2024-06-07 10:45:00,24.67414288,trend_down,0.6121180977583018
2024-06-07 11:00:00,24.70389466,trend_down,0.6652049846882311
2024-06-07 11:15:00,24.8427363,trend_down,0.8405686734344288
2024-06-07 11:30:00,24.86257082,trend_down,0.6437081227896745
2024-06-07 13:15:00,24.72372918,trend_down,0.7075252337545701
2024-06-07 13:30:00,24.76339822,trend_down,0.7128994785324759
2024-06-07 13:45:00,24.71381192,trend_down,0.7075252337545701
2024-06-07 14:00:00,24.81298452,trend_down,0.7075252337545701
2024-06-07 14:15:00,24.8427363,range,0.655257203448431
2024-06-07 14:30:00,24.86257082,range,0.655257203448431
2024-06-07 14:45:00,24.87248808,trend_up,0.52948686991717
2024-06-07 15:00:00,24.8923226,range,0.655257203448431
2024-06-11 09:45:00,24.77331548,trend_down,0.8216770192964161
2024-06-11 10:00:00,24.93199164,trend_up,0.5111506662096559
2024-06-11 10:15:00,24.86257082,trend_up,0.5111506662096559
2024-06-11 10:30:00,24.85265356,trend_up,0.5111506662096559
2024-06-11 10:45:00,24.8923226,range,0.7722451375612671
2024-06-11 11:00:00,25.06091602,range,0.7863367821971079
2024-06-11 11:15:00,25.05099876,range,0.6356567985997432
2024-06-11 11:30:00,25.17000588,trend_up,0.5111506662096559
2024-06-11 13:15:00,24.97166068,trend_up,0.5183425986193364
2024-06-11 13:30:00,25.01132972,trend_up,0.79441816231226
2024-06-11 13:45:00,25.05099876,trend_up,0.7990807723304278
2024-06-11 14:00:00,25.15017136,trend_up,0.7990807723304278
2024-06-11 14:15:00,25.20967492,trend_up,0.7987059104147493
2024-06-11 14:30:00,25.4377719,trend_up,0.6029693994521184
2024-06-11 14:45:00,25.47744094,trend_up,0.6811180577233678
2024-06-11 15:00:00,25.51710998,trend_up,0.9285794203562051
2024-06-12 09:45:00,25.25926122,trend_up,0.9365728327825781
2024-06-12 10:00:00,25.27909574,trend_up,0.9735686106763175
2024-06-12 10:15:00,25.27909574,trend_up,0.9735686106763175
2024-06-12 10:30:00,25.17992314,trend_up,0.9569493631443057
2024-06-12 10:45:00,25.1898404,trend_up,0.8596638413505254
2024-06-12 11:00:00,25.2394267,trend_up,0.7124680888866436
2024-06-12 11:15:00,25.289013,trend_up,0.7029277703122272
2024-06-12 11:30:00,25.22950944,range,0.6299592696573502
2024-06-12 13:15:00,25.17000588,range,0.5367232051589758
2024-06-12 13:30:00,25.19975766,range,0.8752594922767772
2024-06-12 13:45:00,25.2394267,range,0.7497206378675046
2024-06-12 14:00:00,25.26917848,range,0.7497206378675046
2024-06-12 14:15:00,25.36835108,range,0.5731823569743637
2024-06-12 14:30:00,25.32868204,range,0.503616096073202
2024-06-12 14:45:00,25.36835108,trend_up,0.5052698549814015
2024-06-12 15:00:00,25.35843382,trend_up,0.5043631180588056
2024-06-13 09:45:00,24.90223986,range,0.6438626110492927
2024-06-13 10:00:00,24.9914952,range,0.6302882454312341
2024-06-13 10:15:00,24.98157794,range,0.8034067673847938
2024-06-13 10:30:00,24.81298452,trend_down,0.5034824588043187
2024-06-13 10:45:00,24.80306726,trend_down,0.9162450753751263
2024-06-13 11:00:00,24.7435637,trend_down,0.9088258551786972
2024-06-13 11:15:00,24.79315,trend_down,0.9639613855702905
2024-06-13 11:30:00,24.79315,trend_down,0.9741497011086431
2024-06-13 13:15:00,24.85265356,trend_down,0.9687409804976631
2024-06-13 13:30:00,24.80306726,trend_down,0.8955641684077396
2024-06-13 13:45:00,24.8427363,trend_down,0.9687409804976631
2024-06-13 14:00:00,24.8923226,trend_down,0.8863309620124101
2024-06-13 14:15:00,24.83281904,trend_down,0.9687409804976631
2024-06-13 14:30:00,24.90223986,trend_down,0.965729791089964
2024-06-13 14:45:00,24.93199164,trend_down,0.795880562509138
2024-06-13 15:00:00,24.96174342,trend_up,0.5963623155074708
2024-06-14 09:45:00,24.78323274,trend_down,0.7744296558678051
2024-06-14 10:00:00,25.1402541,trend_up,0.5442715107740077
2024-06-14 10:15:00,25.13033684,trend_up,0.737823825568231
2024-06-14 10:30:00,25.02124698,trend_up,0.5963623155074708
2024-06-14 10:45:00,24.8923226,trend_down,0.7707603053954855
2024-06-14 11:00:00,24.90223986,trend_down,0.7707603053954855
2024-06-14 11:15:00,24.9914952,range,0.6299592696573502
2024-06-14 11:30:00,24.90223986,range,0.6299592696573502
2024-06-14 13:15:00,24.6939774,trend_down,0.5867784051335329
2024-06-14 13:30:00,24.62455658,trend_down,0.7370431437789436
2024-06-14 13:45:00,24.6939774,trend_down,0.9203653755158664
2024-06-14 14:00:00,24.65430836,trend_down,0.8369028146721125
2024-06-14 14:15:00,24.67414288,trend_down,0.8192822453641552
2024-06-14 14:30:00,24.78323274,trend_down,0.9247839297203075
2024-06-14 14:45:00,24.80306726,trend_down,0.6726221402503004
2024-06-14 15:00:00,25.08075054,trend_up,0.5059697794206977
2024-06-17 09:45:00,25.08075054,trend_up,0.5084507448281362
2024-06-17 10:00:00,25.00141246,trend_up,0.7224773335313012
2024-06-17 10:15:00,24.92207438,trend_up,0.7224773335313012
2024-06-17 10:30:00,24.8923226,trend_up,0.4764065730541286
2024-06-17 10:45:00,24.8427363,range,0.4281058360795582
2024-06-17 11:00:00,24.82290178,trend_down,0.7958286637388137
2024-06-17 11:15:00,24.82290178,range,0.5785881912725127
2024-06-17 11:30:00,24.81298452,trend_down,0.7065708320159619
2024-06-17 13:15:00,24.93199164,range,0.5521940070910744
2024-06-17 13:30:00,24.9914952,range,0.5785881912725127
2024-06-17 13:45:00,24.96174342,range,0.5785881912725127
2024-06-17 14:00:00,24.79315,range,0.7428245249135514
2024-06-17 14:15:00,24.8427363,trend_down,0.5142803300338894
2024-06-17 14:30:00,24.79315,range,0.5525671821101094
2024-06-17 14:45:00,24.73364644,trend_down,0.5151617675913235
2024-06-17 15:00:00,24.7435637,trend_down,0.5288820389180803
2024-06-18 09:45:00,24.97166068,range,0.7240131848057194
2024-06-18 10:00:00,24.95182616,range,0.7240131848057194
2024-06-18 10:15:00,25.17992314,range,0.7240131848057194
2024-06-18 10:30:00,25.12041958,range,0.5484930970060148
2024-06-18 10:45:00,25.3881856,trend_up,0.7941516078768207
2024-06-18 11:00:00,25.47744094,trend_up,0.8273627485107009
2024-06-18 11:15:00,25.27909574,trend_up,0.9742323281814625
2024-06-18 11:30:00,25.31876478,trend_up,0.9742323281814625
2024-06-18 13:15:00,25.3385993,trend_up,0.9742323281814625
2024-06-18 13:30:00,25.44768916,trend_up,0.968840342841616
2024-06-18 13:45:00,25.39810286,trend_up,0.968840342841616
2024-06-18 14:00:00,25.3385993,trend_up,0.968840342841616
2024-06-18 14:15:00,25.36835108,trend_up,0.8958711337427966
2024-06-18 14:30:00,25.40802012,trend_up,0.8958711337427966
2024-06-18 14:45:00,25.3881856,trend_up,0.8958711337427966
2024-06-18 15:00:00,25.39810286,trend_up,0.8958711337427966
2024-06-19 09:45:00,25.17000588,trend_down,0.7310250647575071
2024-06-19 10:00:00,25.17000588,trend_down,0.8993481562721959
2024-06-19 10:15:00,24.93199164,trend_down,0.8993481562721959
2024-06-19 10:30:00,24.95182616,trend_down,0.9355279931890701
2024-06-19 10:45:00,25.08075054,trend_down,0.9470025662049734
2024-06-19 11:00:00,25.11050232,trend_down,0.8989569418665566
2024-06-19 11:15:00,25.1402541,trend_down,0.8164731192348211
2024-06-19 11:30:00,25.08075054,trend_down,0.8123414493055849
2024-06-19 13:15:00,25.00141246,trend_down,0.8123414493055849
2024-06-19 13:30:00,24.9914952,trend_down,0.8754655967026245
2024-06-19 13:45:00,24.97166068,trend_down,0.8724350267186767
2024-06-19 14:00:00,24.9914952,trend_down,0.808111438353901
2024-06-19 14:15:00,24.95182616,trend_down,0.8037830379511186
2024-06-19 14:30:00,24.91215712,trend_down,0.8693229371688215
2024-06-19 14:45:00,24.98157794,trend_down,0.9716442844366692
2024-06-19 15:00:00,24.90223986,trend_down,0.9735686106763175
2024-06-20 09:45:00,24.72372918,trend_down,0.6337574937668937
2024-06-20 10:00:00,24.85265356,trend_down,0.967029182099857
2024-06-20 10:15:00,24.97166068,trend_down,0.9637445948107466
2024-06-20 10:30:00,24.90223986,trend_down,0.8533140008289928
2024-06-20 10:45:00,24.95182616,trend_down,0.8794915588041824
2024-06-20 11:00:00,24.87248808,trend_down,0.8533140008289928
2024-06-20 11:15:00,24.76339822,trend_down,0.8400112954921015
2024-06-20 11:30:00,24.71381192,trend_down,0.7035906648144485
2024-06-20 13:15:00,24.63447384,trend_down,0.5128882817184326
2024-06-20 13:30:00,24.63447384,trend_down,0.6128098625903985
2024-06-20 13:45:00,24.56505302,trend_down,0.6280224890544183
2024-06-20 14:00:00,24.57497028,trend_down,0.5509177271815873
2024-06-20 14:15:00,24.65430836,trend_down,0.9182273385573261
2024-06-20 14:30:00,24.66422562,trend_down,0.9182273385573261
2024-06-20 14:45:00,24.63447384,trend_down,0.9182273385573261
2024-06-20 15:00:00,24.55513576,trend_down,0.9182273385573261
2024-06-21 09:45:00,24.82290178,trend_down,0.3300428626815941
2024-06-21 10:00:00,25.01132972,trend_up,0.7890063809423489
2024-06-21 10:15:00,25.11050232,trend_up,0.8233504847307384
2024-06-21 10:30:00,25.25926122,trend_up,0.8215852609612485
2024-06-21 10:45:00,25.25926122,trend_up,0.8528484063173296
2024-06-21 11:00:00,25.2394267,trend_up,0.9149683773633934
2024-06-21 11:15:00,25.12041958,trend_up,0.9558414499823895
2024-06-21 11:30:00,25.13033684,trend_up,0.9742323281814625
2024-06-21 13:15:00,25.08075054,trend_up,0.9680422957267861
2024-06-21 13:30:00,25.24934396,trend_up,0.9735686106763175
2024-06-21 13:45:00,25.2394267,trend_up,0.9742323281814625
2024-06-21 14:00:00,25.27909574,trend_up,0.9212211388208612
2024-06-21 14:15:00,25.27909574,trend_up,0.922861896497621
2024-06-21 14:30:00,25.30884752,trend_up,0.9230955164120815
2024-06-21 14:45:00,25.20967492,trend_up,0.9735686106763175
2024-06-21 15:00:00,25.2394267,trend_up,0.9212211388208612
2024-06-24 09:45:00,25.15017136,trend_up,0.9581306173140381
2024-06-24 10:00:00,25.17992314,trend_up,0.7139696774456238
2024-06-24 10:15:00,24.91215712,trend_down,0.7970122181324113
2024-06-24 10:30:00,24.86257082,trend_down,0.7159611718510721
2024-06-24 10:45:00,24.77331548,trend_down,0.7100613190755783
2024-06-24 11:00:00,24.79315,trend_down,0.7036253186684867
2024-06-24 11:15:00,24.8923226,trend_down,0.8414240059105436
2024-06-24 11:30:00,25.03116424,range,0.5662926162526309
2024-06-24 13:15:00,24.96174342,range,0.5662926162526309
2024-06-24 13:30:00,24.9419089,range,0.5731823569743637
2024-06-24 13:45:00,24.83281904,trend_down,0.7467088075887622
2024-06-24 14:00:00,24.78323274,trend_down,0.8747281281567539
2024-06-24 14:15:00,24.81298452,trend_down,0.8722053219439818
2024-06-24 14:30:00,24.73364644,trend_down,0.6981159566911366
2024-06-24 14:45:00,24.68406014,trend_down,0.6442845045462628
2024-06-24 15:00:00,24.6939774,trend_down,0.6428840570719807
2024-06-25 09:45:00,24.85265356,trend_down,0.8082120025053989
2024-06-25 10:00:00,25.10058506,trend_up,0.4348970672860595
2024-06-25 10:15:00,25.13033684,trend_up,0.7604757499852173
2024-06-25 10:30:00,25.1402541,trend_up,0.7604757499852173
2024-06-25 10:45:00,25.02124698,trend_up,0.5824918233590364
2024-06-25 11:00:00,25.00141246,trend_up,0.7040978686100972
2024-06-25 11:15:00,24.98157794,trend_up,0.7040978686100972
2024-06-25 11:30:00,24.95182616,range,0.6289200282351567
2024-06-25 13:15:00,24.9419089,range,0.5455324485346053
2024-06-25 13:30:00,24.92207438,range,0.8881710623963003
2024-06-25 13:45:00,24.80306726,trend_down,0.6846371050174314
2024-06-25 14:00:00,24.6443911,trend_down,0.7516158153162651
2024-06-25 14:15:00,24.56505302,trend_down,0.9145702985221822
2024-06-25 14:30:00,24.58488754,trend_down,0.8674412142808058
2024-06-25 14:45:00,24.61463932,trend_down,0.7671682660063865
2024-06-25 15:00:00,24.6443911,trend_down,0.8927407182097999
2024-06-26 09:45:00,24.4956322,trend_down,0.6349470762771685
2024-06-26 10:00:00,24.22786618,trend_down,0.493864875391554
2024-06-26 10:15:00,24.28736974,trend_down,0.9742323281814625
2024-06-26 10:30:00,24.2477007,trend_down,0.9742323281814625
2024-06-26 10:45:00,24.1981144,trend_down,0.9254264981159408
2024-06-26 11:00:00,24.1981144,trend_down,0.9254264981159408
2024-06-26 11:15:00,24.20803166,trend_down,0.9696978493388541
2024-06-26 11:30:00,24.17827988,trend_down,0.9696978493388541
2024-06-26 13:15:00,24.23778344,trend_down,0.9742323281814625
2024-06-26 13:30:00,24.00968646,trend_down,0.5280567246047543
2024-06-26 13:45:00,24.08902454,trend_down,0.539313794585776
2024-06-26 14:00:00,24.1981144,trend_down,0.9696978493388541
2024-06-26 14:15:00,24.16836262,trend_down,0.9696978493388541
2024-06-26 14:30:00,24.27745248,trend_down,0.9177303842893451
2024-06-26 14:45:00,24.23778344,trend_down,0.9653094962875512
2024-06-26 15:00:00,24.26753522,trend_down,0.8983132835346506
2024-06-27 09:45:00,24.297287,trend_down,0.9053832245708683
2024-06-27 10:00:00,24.08902454,trend_down,0.9735686106763175
2024-06-27 10:15:00,24.26753522,trend_down,0.863612138995893
2024-06-27 10:30:00,24.15844536,trend_down,0.8442011952587081
2024-06-27 10:45:00,24.25761796,trend_down,0.6412619597296555
2024-06-27 11:00:00,24.21794892,trend_down,0.7124680888866436
2024-06-27 11:15:00,23.9501829,trend_down,0.7029277703122272
2024-06-27 11:30:00,24.0493555,trend_down,0.7563989646609167
2024-06-27 13:15:00,23.9997692,trend_down,0.7563838706517835
2024-06-27 13:30:00,23.96010016,trend_down,0.589931739184062
2024-06-27 13:45:00,23.96010016,trend_down,0.5996976465098526
2024-06-27 14:00:00,23.9005966,trend_down,0.5996976465098526
2024-06-27 14:15:00,23.801424,trend_down,0.9452333998711213
2024-06-27 14:30:00,23.87084482,trend_down,0.8281636651260168
2024-06-27 14:45:00,23.81134126,trend_down,0.8281636651260168
2024-06-27 15:00:00,23.801424,trend_down,0.7818025507973966
2024-06-28 09:45:00,24.05927276,trend_down,0.4740811131435734
2024-06-28 10:00:00,24.11877632,trend_down,0.7475138537998735
2024-06-28 10:15:00,24.06919002,trend_down,0.47542594699569074
2024-06-28 10:30:00,23.98985194,trend_down,0.9099217658729523
2024-06-28 10:45:00,24.00968646,trend_down,0.46836719269395266
2024-06-28 11:00:00,24.03943824,range,0.5449917909084167
2024-06-28 11:15:00,23.92043112,trend_down,0.6573542631442072
2024-06-28 11:30:00,23.9501829,trend_down,0.5209065123849376
2024-06-28 13:15:00,23.9997692,range,0.5449917909084168
2024-06-28 13:30:00,24.03943824,range,0.7419692446177366
2024-06-28 13:45:00,24.13861084,range,0.5376925074681689
2024-06-28 14:00:00,23.97001742,trend_down,0.7120327792700281
2024-06-28 14:15:00,23.8510103,trend_down,0.7126098734898108
2024-06-28 14:30:00,23.87084482,trend_down,0.563931252947803
2024-06-28 14:45:00,23.87084482,trend_down,0.5379557425675399
2024-06-28 15:00:00,23.89067934,trend_down,0.5901611865688013
2024-07-01 09:45:00,24.31712152,trend_up,0.46536388702316017
2024-07-01 10:00:00,24.40637686,trend_up,0.87300958070033
2024-07-01 10:15:00,24.26753522,trend_up,0.8164731192348211
2024-07-01 10:30:00,24.30720426,trend_up,0.8164731192348211
2024-07-01 10:45:00,24.31712152,trend_up,0.7984524515105774
2024-07-01 11:00:00,24.21794892,trend_up,0.7378201178256709
2024-07-01 11:15:00,24.23778344,trend_up,0.5845824471871092
2024-07-01 11:30:00,24.36670782,trend_up,0.8123414493055849
2024-07-01 13:15:00,24.48571494,trend_up,0.7967227512507079
2024-07-01 13:30:00,24.6443911,breakout_up,0.5148809403120288
2024-07-01 13:45:00,24.51546672,trend_up,0.9355279931890701
2024-07-01 14:00:00,24.58488754,trend_up,0.965729791089964
2024-07-01 14:15:00,24.63447384,trend_up,0.8958711337427966
2024-07-01 14:30:00,24.57497028,trend_up,0.8955641684077396
2024-07-01 14:45:00,24.57497028,trend_up,0.8924256327184921
2024-07-01 15:00:00,24.5948048,trend_up,0.9204558658492991
2024-07-02 09:45:00,24.0493555,trend_down,0.8144270115893723
2024-07-02 10:00:00,23.71216866,trend_down,0.7791129098472483
2024-07-02 10:15:00,23.53365798,trend_down,0.6008592647342702
2024-07-02 10:30:00,23.52374072,trend_down,0.8186987499094057
2024-07-02 10:45:00,23.33531278,trend_down,0.897989906797047
2024-07-02 11:00:00,23.32539552,trend_down,0.9742323281814625
2024-07-02 11:15:00,23.27580922,trend_down,0.5407135016471885
2024-07-02 11:30:00,23.42456812,trend_down,0.9742323281814625
2024-07-02 13:15:00,23.53365798,trend_down,0.9742323281814625
2024-07-02 13:30:00,23.54357524,trend_down,0.967029182099857
2024-07-02 13:45:00,23.4543199,trend_down,0.967029182099857
2024-07-02 14:00:00,23.4543199,trend_down,0.9182273385573261
2024-07-02 14:15:00,23.4543199,trend_down,0.9742323281814625
2024-07-02 14:30:00,23.4543199,trend_down,0.9182273385573261
2024-07-02 14:45:00,23.44440264,trend_down,0.9156880955987667
2024-07-02 15:00:00,23.5534925,trend_down,0.8888063780690166
2024-07-03 09:45:00,23.11713306,trend_down,0.5293985367695945
2024-07-03 10:00:00,23.0576295,trend_down,0.5381908190367913
2024-07-03 10:15:00,23.0080432,trend_down,0.5076488550908564
2024-07-03 10:30:00,23.01796046,trend_down,0.8371509201440157
2024-07-03 10:45:00,23.03779498,trend_down,0.88625147446568
2024-07-03 11:00:00,22.97829142,trend_down,0.9244569324478901
2024-07-03 11:15:00,23.0576295,trend_down,0.967029182099857
2024-07-03 11:30:00,23.09729854,trend_down,0.8895342149017359
2024-07-03 13:15:00,22.99812594,trend_down,0.967029182099857
2024-07-03 13:30:00,22.9584569,trend_down,0.886942038506704
2024-07-03 13:45:00,22.99812594,trend_down,0.9661863672976857
2024-07-03 14:00:00,22.9584569,trend_down,0.886942038506704
2024-07-03 14:15:00,22.93862238,trend_down,0.9179802441287964
2024-07-03 14:30:00,22.97829142,trend_down,0.9162450753751263
2024-07-03 14:45:00,22.8592843,trend_down,0.6280895024558242
2024-07-03 15:00:00,22.87911882,trend_down,0.886942038506704
2024-07-04 09:45:00,22.86920156,trend_down,0.9297390133172877
2024-07-04 10:00:00,22.69069088,trend_down,0.9268281060548182
2024-07-04 10:15:00,22.62127006,trend_down,0.8264601616968841
2024-07-04 10:30:00,22.6113528,trend_down,0.8264601616968841
2024-07-04 10:45:00,22.6609391,trend_down,0.9230955164120815
2024-07-04 11:00:00,22.65102184,trend_down,0.9696978493388541
2024-07-04 11:15:00,22.69069088,trend_down,0.9689210597843152
2024-07-04 11:30:00,22.64110458,trend_down,0.9236042312450827
2024-07-04 13:15:00,22.69069088,trend_down,0.9742323281814625
2024-07-04 13:30:00,22.55184924,trend_down,0.9630431473640584
2024-07-04 13:45:00,22.43284212,trend_down,0.6288732761096041
2024-07-04 14:00:00,22.43284212,trend_down,0.6516806989816127
2024-07-04 14:15:00,22.35350404,trend_down,0.6516806989816127
2024-07-04 14:30:00,22.313835,trend_down,0.6313818520968785
2024-07-04 14:45:00,22.42292486,trend_down,0.9742323281814625
2024-07-04 15:00:00,22.40309034,trend_down,0.8965282913525047
2024-07-05 09:45:00,21.93697912,trend_down,0.4850766622556711
2024-07-05 10:00:00,21.87747556,trend_down,0.9742323281814625
2024-07-05 10:15:00,21.65929584,trend_down,0.504032890722713
2024-07-05 10:30:00,21.7683857,trend_down,0.5353414024884853
2024-07-05 10:45:00,21.92706186,trend_down,0.5407135016471885
2024-07-05 11:00:00,21.99648268,trend_down,0.9742323281814625
2024-07-05 11:15:00,22.00639994,trend_down,0.8989257226588602
2024-07-05 11:30:00,22.05598624,trend_down,0.8674730476995611
2024-07-05 13:15:00,22.2146624,trend_down,0.9653094962875512
2024-07-05 13:30:00,22.13532432,trend_down,0.9653094962875512
2024-07-05 13:45:00,22.34358678,trend_down,0.8156601237330515
2024-07-05 14:00:00,22.39317308,trend_up,0.9423709533776204
2024-07-05 14:15:00,22.32375226,trend_up,0.6554353925269597
2024-07-05 14:30:00,22.27416596,trend_up,0.6073029387372603
2024-07-05 14:45:00,22.29400048,trend_up,0.8123414493055849
2024-07-05 15:00:00,22.34358678,trend_up,0.808111438353901
2024-07-08 09:45:00,22.14524158,trend_down,0.47103168417235153
2024-07-08 10:00:00,22.30391774,trend_up,0.5693234864679636
2024-07-08 10:15:00,22.18491062,trend_down,0.5111506662096559
2024-07-08 10:30:00,22.32375226,range,0.6289200282351567
2024-07-08 10:45:00,22.45267664,range,0.6289200282351567
2024-07-08 11:00:00,22.50226294,trend_up,0.5080665329505312
2024-07-08 11:15:00,22.59151828,trend_up,0.5151713360032139
2024-07-08 11:30:00,22.5121802,trend_up,0.7990807723304278
2024-07-08 13:15:00,22.52209746,range,0.5067820346763223
2024-07-08 13:30:00,22.60143554,range,0.5067820346763223
2024-07-08 13:45:00,22.64110458,range,0.5014075005228872
2024-07-08 14:00:00,22.63118732,range,0.6125631315948684
2024-07-08 14:15:00,22.62127006,range,0.6125631315948684
2024-07-08 14:30:00,22.57168376,trend_up,0.5239737120696346
2024-07-08 14:45:00,22.5121802,trend_up,0.5239737120696346
2024-07-08 15:00:00,22.60143554,trend_up,0.5239737120696346
2024-07-09 09:45:00,22.92870512,trend_up,0.5922461587471155
2024-07-09 10:00:00,23.03779498,trend_up,0.5256026693431191
2024-07-09 10:15:00,22.88903608,trend_up,0.9096603708933312
2024-07-09 10:30:00,22.93862238,trend_up,0.8204744981771703
2024-07-09 10:45:00,23.02787772,trend_up,0.8812855876076623
2024-07-09 11:00:00,23.01796046,trend_up,0.9236042312450827
2024-07-09 11:15:00,23.24605744,trend_up,0.9310376619313472
2024-07-09 11:30:00,23.39481634,trend_up,0.539313794585776
2024-07-09 13:15:00,23.44440264,trend_up,0.539313794585776
2024-07-09 13:30:00,23.46423716,trend_up,0.9696978493388541
2024-07-09 13:45:00,23.71216866,trend_up,0.4850766622556711
2024-07-09 14:00:00,23.7022514,trend_up,0.5156789627930598
2024-07-09 14:15:00,23.69233414,trend_up,0.968840342841616
2024-07-09 14:30:00,23.72208592,trend_up,0.968840342841616
2024-07-09 14:45:00,23.69233414,trend_up,0.8927407182097999
2024-07-09 15:00:00,23.81134126,trend_up,0.8264601616968841
2024-07-10 09:45:00,24.40637686,breakout_up,0.48512049459319745
2024-07-10 10:00:00,24.11877632,trend_up,0.9742323281814625
2024-07-10 10:15:00,24.28736974,trend_up,0.9742323281814625
2024-07-10 10:30:00,24.47579768,trend_up,0.9742323281814625
2024-07-10 10:45:00,24.3964596,trend_up,0.9230955164120815
2024-07-10 11:00:00,24.45596316,trend_up,0.8958711337427966
2024-07-10 11:15:00,24.25761796,trend_up,0.9742323281814625
2024-07-10 11:30:00,24.22786618,trend_up,0.9182273385573261
2024-07-10 13:15:00,24.25761796,trend_up,0.9162450753751263
2024-07-10 13:30:00,24.25761796,trend_up,0.9162450753751263
2024-07-10 13:45:00,24.26753522,trend_up,0.9162450753751263
2024-07-10 14:00:00,24.21794892,trend_up,0.9735686106763175
2024-07-10 14:15:00,24.33695604,trend_up,0.9735686106763175
2024-07-10 14:30:00,24.22786618,trend_up,0.8920597894315797
2024-07-10 14:45:00,24.22786618,trend_up,0.8920597894315797
2024-07-10 15:00:00,24.23778344,trend_up,0.8061339348240945
2024-07-11 09:45:00,24.15844536,trend_up,0.7041717602706875
2024-07-11 10:00:00,24.06919002,trend_down,0.3981116224126416
2024-07-11 10:15:00,24.28736974,trend_up,0.8414240059105436
2024-07-11 10:30:00,24.33695604,trend_up,0.7029277703122273
2024-07-11 10:45:00,24.45596316,trend_up,0.8784592239053839
2024-07-11 11:00:00,24.297287,trend_up,0.8414240059105436
2024-07-11 11:15:00,24.27745248,trend_up,0.8155130958834124
2024-07-11 11:30:00,24.12869358,trend_up,0.5183425986193364
2024-07-11 13:15:00,24.27745248,trend_up,0.7990807723304278
2024-07-11 13:30:00,24.25761796,trend_up,0.5906161733765932
2024-07-11 13:45:00,24.297287,trend_up,0.6876217229161292
2024-07-11 14:00:00,24.3964596,trend_up,0.7563838706517836
2024-07-11 14:15:00,24.45596316,trend_up,0.5682252013923839
2024-07-11 14:30:00,24.4460459,trend_up,0.5647392265623256
2024-07-11 14:45:00,24.45596316,trend_up,0.5699155043903241
2024-07-11 15:00:00,24.4460459,trend_up,0.5699155043903241
2024-07-12 09:45:00,24.25761796,range,0.6181897121652762
2024-07-12 10:00:00,24.08902454,trend_down,0.5415660544584266
2024-07-12 10:15:00,24.16836262,trend_down,0.6627757634874151
2024-07-12 10:30:00,24.297287,trend_up,0.6627757634874151
2024-07-12 10:45:00,24.30720426,trend_up,0.7174726011309656
2024-07-12 11:00:00,24.32703878,trend_up,0.5429638378223092
2024-07-12 11:15:00,24.33695604,trend_up,0.5415660544584266
2024-07-12 11:30:00,24.30720426,trend_up,0.6684341537707239
2024-07-12 13:15:00,24.47579768,trend_up,0.6684341537707239
2024-07-12 13:30:00,24.3964596,trend_up,0.6573542631442072
2024-07-12 13:45:00,24.40637686,trend_up,0.5209065123849376
2024-07-12 14:00:00,24.43612864,trend_up,0.5900345128575731
2024-07-12 14:15:00,24.48571494,trend_up,0.7325615290221538
2024-07-12 14:30:00,24.35679056,trend_up,0.6684341537707239
2024-07-12 14:45:00,24.30720426,range,0.6121192117337858
2024-07-12 15:00:00,24.3964596,trend_up,0.6519587470986764
2024-07-15 09:45:00,24.07910728,trend_down,0.6992807953581822
2024-07-15 10:00:00,24.08902454,trend_down,0.4702253666007526
2024-07-15 10:15:00,23.91051386,trend_down,0.8517974619502757
2024-07-15 10:30:00,23.72208592,trend_down,0.8128570770732816
2024-07-15 10:45:00,23.71216866,trend_down,0.5187062493446978
2024-07-15 11:00:00,23.68241688,trend_down,0.5345238370200474
2024-07-15 11:15:00,23.7022514,trend_down,0.5345238370200474
2024-07-15 11:30:00,23.73200318,trend_down,0.9496354774399214
2024-07-15 13:15:00,23.56340976,trend_down,0.49605760007274224
2024-07-15 13:30:00,23.7022514,trend_down,0.5390484451925946
2024-07-15 13:45:00,23.79150674,trend_down,0.9687409804976631
2024-07-15 14:00:00,23.72208592,trend_down,0.9687409804976631
2024-07-15 14:15:00,23.69233414,trend_down,0.8924256327184921
2024-07-15 14:30:00,23.6030788,trend_down,0.8927407182097999
2024-07-15 14:45:00,23.62291332,trend_down,0.8927407182097999
2024-07-15 15:00:00,23.67249962,trend_down,0.8924256327184921
2024-07-16 09:45:00,23.28572648,trend_down,0.8219355018305541
2024-07-16 10:00:00,22.87911882,breakout_down,0.4835645679925929
2024-07-16 10:15:00,22.9584569,trend_down,0.504032890722713
2024-07-16 10:30:00,22.78986348,trend_down,0.9569306208080132
2024-07-16 10:45:00,22.7601117,trend_down,0.9206961464705191
2024-07-16 11:00:00,22.77994622,trend_down,0.8958711337427966
2024-07-16 11:15:00,22.74027718,trend_down,0.8958711337427966
2024-07-16 11:30:00,22.79978074,trend_down,0.8264601616968841
2024-07-16 13:15:00,22.7601117,trend_down,0.8264601616968841
2024-07-16 13:30:00,22.82953252,trend_down,0.9230955164120815
2024-07-16 13:45:00,22.98820868,trend_down,0.9735686106763175
2024-07-16 14:00:00,22.809698,trend_down,0.9671310851438669
2024-07-16 14:15:00,22.60143554,trend_down,0.634168667883698
2024-07-16 14:30:00,22.62127006,trend_down,0.8895342149017359
2024-07-16 14:45:00,22.59151828,trend_down,0.9182273385573261
2024-07-16 15:00:00,22.69069088,trend_down,0.9179802441287964
2024-07-17 09:45:00,22.10557254,trend_down,0.4850766622556711
2024-07-17 10:00:00,21.87747556,trend_down,0.5293985367695945
2024-07-17 10:15:00,21.73863392,trend_down,0.5293985367695945
2024-07-17 10:30:00,21.98656542,trend_down,0.9569306208080132
2024-07-17 10:45:00,21.92706186,trend_down,0.9742323281814625
2024-07-17 11:00:00,22.02623446,trend_down,0.9679511336517824
2024-07-17 11:15:00,22.00639994,trend_down,0.8927407182097999
2024-07-17 11:30:00,22.19482788,trend_down,0.9653094962875512
2024-07-17 13:15:00,21.97664816,trend_down,0.9735686106763175
2024-07-17 13:30:00,21.97664816,trend_down,0.9179802441287964
2024-07-17 13:45:00,22.15515884,trend_down,0.9653094962875512
2024-07-17 14:00:00,22.19482788,trend_down,0.9653094962875512
2024-07-17 14:15:00,22.18491062,trend_down,0.8920597894315797
2024-07-17 14:30:00,22.19482788,trend_down,0.9653094962875512
2024-07-17 14:45:00,22.1154898,trend_down,0.9162450753751263
2024-07-17 15:00:00,22.08573802,trend_down,0.9179802441287964
2024-07-18 09:45:00,22.2642487,trend_down,0.8156601237330515
2024-07-18 10:00:00,22.17499336,trend_down,0.790893365222354
2024-07-18 10:15:00,22.10557254,trend_down,0.6901246879786478
2024-07-18 10:30:00,22.05598624,trend_down,0.6901246879786478
2024-07-18 10:45:00,21.98656542,trend_down,0.8724350267186767
2024-07-18 11:00:00,21.97664816,trend_down,0.7616523128325627
2024-07-18 11:15:00,22.19482788,range,0.8034067673847938
2024-07-18 11:30:00,22.29400048,range,0.5799617300945734
2024-07-18 13:15:00,22.44275938,trend_up,0.637996226913473
2024-07-18 13:30:00,22.44275938,range,0.5774241363039099
2024-07-18 13:45:00,22.5121802,trend_up,0.6846371050174314
2024-07-18 14:00:00,22.43284212,trend_up,0.808111438353901
2024-07-18 14:15:00,22.35350404,trend_up,0.5182498481931086
2024-07-18 14:30:00,22.42292486,trend_up,0.5182498481931086
2024-07-18 14:45:00,22.4625939,trend_up,0.5182498481931086
2024-07-18 15:00:00,22.49234568,range,0.6148610574654111
2024-07-19 09:45:00,22.38325582,trend_up,0.5182498481931086
2024-07-19 10:00:00,22.33366952,range,0.8881710623963003
2024-07-19 10:15:00,22.7105254,range,0.6289200282351567
2024-07-19 10:30:00,22.74027718,trend_up,0.49719390160986177
2024-07-19 10:45:00,22.83944978,breakout_up,0.5637752880036306
2024-07-19 11:00:00,22.97829142,breakout_up,0.6787933702659342
2024-07-19 11:15:00,22.94853964,trend_up,0.8375576247161503
2024-07-19 11:30:00,22.84936704,trend_up,0.8959112403874824
2024-07-19 13:15:00,22.79978074,trend_up,0.8959112403874824
2024-07-19 13:30:00,22.8592843,trend_up,0.8959112403874824
2024-07-19 13:45:00,22.77994622,trend_up,0.8959112403874824
2024-07-19 14:00:00,22.69069088,trend_up,0.8959112403874824
2024-07-19 14:15:00,22.7105254,trend_up,0.7604757499852173
2024-07-19 14:30:00,22.65102184,trend_down,0.790893365222354
2024-07-19 14:45:00,22.58160102,trend_down,0.790893365222354
2024-07-19 15:00:00,22.60143554,trend_down,0.7551989029526169
2024-07-22 09:45:00,22.6113528,trend_down,0.4676909840775995
2024-07-22 10:00:00,22.49234568,range,0.6412288529727601
2024-07-22 10:15:00,22.48242842,trend_down,0.5812297646283645
2024-07-22 10:30:00,22.50226294,trend_down,0.8325009323973218
2024-07-22 10:45:00,22.57168376,trend_down,0.8325009323973218
2024-07-22 11:00:00,22.49234568,trend_down,0.8459161839655458
2024-07-22 11:15:00,22.52209746,trend_down,0.7026083875862044
2024-07-22 11:30:00,22.55184924,trend_down,0.8835923464260621
2024-07-22 13:15:00,22.6113528,trend_down,0.5754827443311201
2024-07-22 13:30:00,22.52209746,trend_down,0.8336073750509411
2024-07-22 13:45:00,22.64110458,trend_down,0.5039668211840818
2024-07-22 14:00:00,22.63118732,trend_down,0.5039668211840818
2024-07-22 14:15:00,22.82953252,range,0.4431127668422914
2024-07-22 14:30:00,22.77002896,range,0.5905110966140823
2024-07-22 14:45:00,22.84936704,trend_up,0.7395417404928557
2024-07-22 15:00:00,22.8592843,trend_up,0.7936138606137709
2024-07-23 09:45:00,22.4625939,reversal,0.4348863490896934
2024-07-23 10:00:00,22.3634213,trend_down,0.8778388329315164
2024-07-23 10:15:00,22.24441418,trend_down,0.8775047503396359
2024-07-23 10:30:00,22.08573802,trend_down,0.8694638931625033
2024-07-23 10:45:00,22.0163172,trend_down,0.5407135016471885
2024-07-23 11:00:00,21.93697912,trend_down,0.5387730654631989
2024-07-23 11:15:00,21.82788926,trend_down,0.5387730654631989
2024-07-23 11:30:00,21.99648268,trend_down,0.5390484451925946
2024-07-23 13:15:00,22.09565528,trend_down,0.968840342841616
2024-07-23 13:30:00,21.99648268,trend_down,0.9742323281814625
2024-07-23 13:45:00,21.95681364,trend_down,0.9230955164120815
2024-07-23 14:00:00,21.98656542,trend_down,0.9230955164120815
2024-07-23 14:15:00,21.9171446,trend_down,0.9230955164120815
2024-07-23 14:30:00,21.89731008,trend_down,0.9230955164120815
2024-07-23 14:45:00,21.77830296,trend_down,0.5407135016471885
2024-07-23 15:00:00,21.74855118,trend_down,0.5245845125643309
2024-07-24 09:45:00,21.56012324,breakout_down,0.49339772895351075
2024-07-24 10:00:00,21.53037146,trend_down,0.968840342841616
2024-07-24 10:15:00,21.51053694,trend_down,0.968840342841616
2024-07-24 10:30:00,21.33202626,trend_down,0.8225765820481383
2024-07-24 10:45:00,21.35186078,trend_down,0.5166895936399544
2024-07-24 11:00:00,21.35186078,trend_down,0.968840342841616
2024-07-24 11:15:00,21.3716953,trend_down,0.968840342841616
2024-07-24 11:30:00,21.4212816,trend_down,0.9742323281814625
2024-07-24 13:15:00,21.29235722,trend_down,0.9310376619313472
2024-07-24 13:30:00,21.24277092,trend_down,0.6174834065405932
2024-07-24 13:45:00,21.23285366,trend_down,0.49247547729211216
2024-07-24 14:00:00,21.28243996,trend_down,0.8927407182097999
2024-07-24 14:15:00,21.29235722,trend_down,0.8902144987503774
2024-07-24 14:30:00,21.24277092,trend_down,0.8902144987503774
2024-07-24 14:45:00,21.14359832,trend_down,0.897989906797047
2024-07-24 15:00:00,21.18326736,trend_down,0.6345650335292518
2024-07-25 09:45:00,20.91550134,trend_down,0.4850766622556711
2024-07-25 10:00:00,20.95517038,trend_down,0.9742323281814625
2024-07-25 10:15:00,21.06426024,trend_down,0.9735686106763175
2024-07-25 10:30:00,21.04442572,trend_down,0.9735686106763175
2024-07-25 10:45:00,21.19318462,trend_down,0.9569493631443057
2024-07-25 11:00:00,21.31219174,trend_down,0.5894533561033574
2024-07-25 11:15:00,21.322109,range,0.6299592696573502
2024-07-25 11:30:00,21.33202626,trend_up,0.8414240059105436
2024-07-25 13:15:00,21.26260544,trend_down,0.5824918233590364
2024-07-25 13:30:00,21.26260544,range,0.6356567985997432
2024-07-25 13:45:00,21.29235722,trend_up,0.7604757499852173
2024-07-25 14:00:00,21.2725227,range,0.8766633165993692
2024-07-25 14:15:00,21.21301914,trend_down,0.5079855202092495
2024-07-25 14:30:00,21.30227448,range,0.7587811733891006
2024-07-25 14:45:00,21.34194352,range,0.5455324485346053
2024-07-25 15:00:00,21.30227448,range,0.5455324485346053
2024-07-26 09:45:00,21.64937858,breakout_up,0.43538746832533254
2024-07-26 10:00:00,21.58987502,trend_up,0.7040978686100972
2024-07-26 10:15:00,21.35186078,trend_up,0.7100613190755783
2024-07-26 10:30:00,21.26260544,range,0.7995050735526689
2024-07-26 10:45:00,21.2725227,range,0.7995050735526689
2024-07-26 11:00:00,21.34194352,range,0.6289200282351567
2024-07-26 11:15:00,21.54028872,range,0.8600395340794738
2024-07-26 11:30:00,21.51053694,range,0.72067736070684
2024-07-26 13:15:00,21.57995776,range,0.8559391462599245
2024-07-26 13:30:00,21.6196268,trend_up,0.9366146637350224
2024-07-26 13:45:00,21.63946132,trend_up,0.8525171527028197
2024-07-26 14:00:00,21.54028872,trend_up,0.824442379215678
2024-07-26 14:15:00,21.49070242,trend_up,0.6035789887180525
2024-07-26 14:30:00,21.48078516,trend_up,0.6035789887180525
2024-07-26 14:45:00,21.48078516,trend_up,0.6672066495870825
2024-07-26 15:00:00,21.54028872,trend_up,0.6672066495870825
2024-07-29 09:45:00,21.23285366,trend_down,0.48097880482870925
2024-07-29 10:00:00,21.23285366,trend_down,0.6573542631442072
2024-07-29 10:15:00,21.08409476,trend_down,0.5735235711722163
2024-07-29 10:30:00,21.0741775,trend_down,0.8079069789049026
2024-07-29 10:45:00,20.93533586,trend_down,0.9285794203562051
2024-07-29 11:00:00,21.05434298,trend_down,0.9639613855702905
2024-07-29 11:15:00,21.1237638,trend_down,0.927690188616068
2024-07-29 11:30:00,21.10392928,trend_down,0.9019048519618212
2024-07-29 13:15:00,20.93533586,trend_down,0.9705246689210671
2024-07-29 13:30:00,21.00475668,trend_down,0.9276509167099622
2024-07-29 13:45:00,20.93533586,trend_down,0.9705246689210671
2024-07-29 14:00:00,20.91550134,trend_down,0.8989257226588602
2024-07-29 14:15:00,20.90558408,trend_down,0.8958711337427966
2024-07-29 14:30:00,20.9750049,trend_down,0.8264601616968841
2024-07-29 14:45:00,20.93533586,trend_down,0.8895342149017359
2024-07-29 15:00:00,20.91550134,trend_down,0.9182273385573261
2024-07-30 09:45:00,20.5783145,breakout_down,0.48512049459319745
2024-07-30 10:00:00,20.59814902,trend_down,0.5407135016471885
2024-07-30 10:15:00,20.65765258,trend_down,0.9679511336517824
2024-07-30 10:30:00,20.64773532,trend_down,0.8927407182097999
2024-07-30 10:45:00,20.85599778,trend_down,0.9671310851438669
2024-07-30 11:00:00,20.74690792,trend_down,0.9742323281814625
2024-07-30 11:15:00,20.71715614,trend_down,0.9742323281814625
2024-07-30 11:30:00,20.7270734,trend_down,0.9206961464705191
2024-07-30 13:15:00,20.66756984,trend_down,0.9052286302355669
2024-07-30 13:30:00,20.61798354,trend_down,0.9182273385573261
2024-07-30 13:45:00,20.69732162,trend_down,0.9735686106763175
2024-07-30 14:00:00,20.6279008,trend_down,0.9162450753751263
2024-07-30 14:15:00,20.6279008,trend_down,0.9162450753751263
2024-07-30 14:30:00,20.69732162,trend_down,0.7023470941254666
2024-07-30 14:45:00,20.70723888,trend_down,0.5145769405993377
2024-07-30 15:00:00,20.7766597,range,0.7521371808182002
2024-07-31 09:45:00,21.04442572,trend_up,0.6672461080077644
2024-07-31 10:00:00,21.2229364,trend_up,0.7791129098472483
2024-07-31 10:15:00,21.31219174,trend_up,0.8105915465586094
2024-07-31 10:30:00,21.5204542,trend_up,0.8405112352464333
2024-07-31 10:45:00,21.7187994,trend_up,0.5770509136651124
2024-07-31 11:00:00,21.67913036,trend_up,0.9558414499823895
2024-07-31 11:15:00,21.79813748,trend_up,0.9558414499823895
2024-07-31 11:30:00,21.92706186,trend_up,0.8264601616968841
2024-07-31 13:15:00,22.03615172,trend_up,0.5407135016471885
2024-07-31 13:30:00,22.03615172,trend_up,0.966073424863376
2024-07-31 13:45:00,21.99648268,trend_up,0.8859197621083211
2024-07-31 14:00:00,22.0659035,trend_up,0.8859197621083211
2024-07-31 14:15:00,22.0163172,trend_up,0.8859197621083211
2024-07-31 14:30:00,21.97664816,trend_up,0.9154340349285539
2024-07-31 14:45:00,22.04606898,trend_up,0.9154340349285539
2024-07-31 15:00:00,22.0659035,trend_up,0.9154340349285539
2024-08-01 09:45:00,21.92706186,trend_up,0.5261608370206734
2024-08-01 10:00:00,21.80805474,trend_up,0.9280836135727817
2024-08-01 10:15:00,21.60970954,trend_down,0.8941029787259807
2024-08-01 10:30:00,21.5700405,trend_down,0.7551989029526169
2024-08-01 10:45:00,21.46095064,trend_down,0.9096603708933312
2024-08-01 11:00:00,21.43119886,trend_down,0.7551989029526169
2024-08-01 11:15:00,21.38161256,trend_down,0.8605170046064232
2024-08-01 11:30:00,21.44111612,trend_down,0.932025720133591
2024-08-01 13:15:00,21.48078516,trend_down,0.932025720133591
2024-08-01 13:30:00,21.4708679,trend_down,0.8693229371688215
2024-08-01 13:45:00,21.56012324,trend_down,0.9423709533776204
2024-08-01 14:00:00,21.57995776,trend_down,0.6428670560630614
2024-08-01 14:15:00,21.48078516,trend_down,0.8156601237330515
2024-08-01 14:30:00,21.51053694,trend_down,0.8156601237330515
2024-08-01 14:45:00,21.55020598,trend_down,0.8156601237330515
2024-08-01 15:00:00,21.5204542,trend_down,0.5754827443311201
2024-08-02 09:45:00,21.6692131,trend_down,0.8105048560772765
2024-08-02 10:00:00,21.7187994,trend_down,0.5754827443311201
2024-08-02 10:15:00,21.59979228,trend_down,0.7876930355509575
2024-08-02 10:30:00,21.58987502,trend_down,0.5039668211840818
2024-08-02 10:45:00,21.58987502,trend_down,0.528801737056278
2024-08-02 11:00:00,21.57995776,range,0.6900963490162731
2024-08-02 11:15:00,21.6196268,range,0.6412288529727601
2024-08-02 11:30:00,21.65929584,range,0.685759807008504
2024-08-02 13:15:00,21.54028872,range,0.7705357985483827
2024-08-02 13:30:00,21.60970954,range,0.7705357985483827
2024-08-02 13:45:00,21.59979228,range,0.7705357985483827
2024-08-02 14:00:00,21.55020598,range,0.7851479446904522
2024-08-02 14:15:00,21.56012324,range,0.7851479446904522
2024-08-02 14:30:00,21.6692131,range,0.7056467217477775
2024-08-02 14:45:00,21.7683857,range,0.5531641998509547
2024-08-02 15:00:00,21.69896488,trend_up,0.5023888911025559
2024-08-05 09:45:00,21.84772378,range,0.5551129164024304
2024-08-05 10:00:00,21.65929584,range,0.6109713110722141
2024-08-05 10:15:00,21.57995776,range,0.8840769116367145
2024-08-05 10:30:00,21.5700405,range,0.7650296528715808
2024-08-05 10:45:00,21.62954406,range,0.7813070530221972
2024-08-05 11:00:00,21.69896488,range,0.7650296528715808
2024-08-05 11:15:00,21.72871666,trend_up,0.545575438720345
2024-08-05 11:30:00,21.83780652,trend_up,0.545575438720345
2024-08-05 13:15:00,21.60970954,range,0.8817872619998535
2024-08-05 13:30:00,21.53037146,range,0.5999035191933095
2024-08-05 13:45:00,21.50061968,range,0.7585653969026401
2024-08-05 14:00:00,21.38161256,range,0.7610242443377552
2024-08-05 14:15:00,21.45103338,trend_down,0.7229006495384367
2024-08-05 14:30:00,21.5204542,trend_down,0.7229006495384367
2024-08-05 14:45:00,21.4708679,trend_down,0.7229006495384367
2024-08-05 15:00:00,21.43119886,trend_down,0.5278680495371891
2024-08-06 09:45:00,21.49070242,trend_down,0.6682190705494867
2024-08-06 10:00:00,21.55020598,trend_down,0.6627757634874151
2024-08-06 10:15:00,21.30227448,trend_down,0.7221132128320457
2024-08-06 10:30:00,21.43119886,trend_down,0.7218079965591261
2024-08-06 10:45:00,21.45103338,trend_down,0.5690290591468133
2024-08-06 11:00:00,21.40144708,trend_down,0.560830937255697
2024-08-06 11:15:00,21.3716953,trend_down,0.7773152170942038
2024-08-06 11:30:00,21.38161256,trend_down,0.5967418583404716
2024-08-06 13:15:00,21.33202626,trend_down,0.7770472091192231
2024-08-06 13:30:00,21.39152982,trend_down,0.5967418583404716
2024-08-06 13:45:00,21.44111612,trend_down,0.5243953945721042
2024-08-06 14:00:00,21.34194352,trend_down,0.5643116812574618
2024-08-06 14:15:00,21.36177804,trend_down,0.5013335018947492
2024-08-06 14:30:00,21.4212816,range,0.8064962037434751
2024-08-06 14:45:00,21.62954406,range,0.7812531981621958
2024-08-06 15:00:00,21.58987502,range,0.810076439693821
2024-08-07 09:45:00,21.97664816,trend_up,0.706062375708968
2024-08-07 10:00:00,22.0163172,trend_up,0.5770509136651123
2024-08-07 10:15:00,21.7187994,trend_up,0.9716442844366692
2024-08-07 10:30:00,21.77830296,trend_up,0.8964466843873214
2024-08-07 10:45:00,21.68904762,trend_up,0.913210072468972
2024-08-07 11:00:00,21.69896488,trend_up,0.913210072468972
2024-08-07 11:15:00,21.69896488,trend_up,0.8829512133984158
2024-08-07 11:30:00,21.6196268,range,0.455445798709778
2024-08-07 13:15:00,21.63946132,range,0.455445798709778
2024-08-07 13:30:00,21.70888214,trend_up,0.9096603708933312
2024-08-07 13:45:00,21.70888214,trend_up,0.8938647944710887
2024-08-07 14:00:00,21.64937858,range,0.4998880512009192
2024-08-07 14:15:00,21.57995776,range,0.4998880512009192
2024-08-07 14:30:00,21.6196268,trend_down,0.641881695646907
2024-08-07 14:45:00,21.63946132,range,0.4998880512009192
2024-08-07 15:00:00,21.64937858,trend_up,0.5182498481931086
2024-08-08 09:45:00,21.45103338,trend_down,0.4284422482649069
2024-08-08 10:00:00,21.24277092,trend_down,0.5151713360032139
2024-08-08 10:15:00,21.0741775,trend_down,0.8107397006424614
2024-08-08 10:30:00,21.09401202,trend_down,0.5326212738562783
2024-08-08 10:45:00,21.1237638,trend_down,0.9204558658492991
2024-08-08 11:00:00,21.29235722,trend_down,0.9735686106763175
2024-08-08 11:15:00,21.46095064,trend_down,0.5529036999713479
2024-08-08 11:30:00,21.4212816,trend_down,0.790893365222354
2024-08-08 13:15:00,21.54028872,trend_down,0.5414110904703863
2024-08-08 13:30:00,21.5700405,trend_up,0.6491959135829651
2024-08-08 13:45:00,21.54028872,range,0.685759807008504
2024-08-08 14:00:00,21.74855118,range,0.434889322393725
2024-08-08 14:15:00,21.77830296,trend_up,0.7398631123240655
2024-08-08 14:30:00,21.79813748,trend_up,0.8323643721366082
2024-08-08 14:45:00,21.72871666,trend_up,0.6826739095759736
2024-08-08 15:00:00,21.7683857,trend_up,0.6923523892331434
2024-08-09 09:45:00,21.97664816,trend_up,0.49682648726739087
2024-08-09 10:00:00,21.9171446,trend_up,0.9735686106763175
2024-08-09 10:15:00,21.82788926,trend_up,0.9716442844366692
2024-08-09 10:30:00,21.78822022,trend_up,0.9179802441287964
2024-08-09 10:45:00,21.7187994,trend_up,0.9077766284665878
2024-08-09 11:00:00,21.74855118,trend_up,0.9716442844366692
2024-08-09 11:15:00,21.88739282,trend_up,0.9742323281814625
2024-08-09 11:30:00,21.82788926,trend_up,0.9000918545670356
2024-08-09 13:15:00,21.72871666,trend_up,0.8912103162014117
2024-08-09 13:30:00,21.73863392,trend_up,0.8311401299466902
2024-08-09 13:45:00,21.7187994,trend_down,0.6428670560630614
2024-08-09 14:00:00,21.69896488,trend_down,0.8037830379511186
2024-08-09 14:15:00,21.64937858,trend_down,0.6428670560630614
2024-08-09 14:30:00,21.64937858,trend_down,0.635503098512167
2024-08-09 14:45:00,21.7187994,range,0.5799617300945734
2024-08-09 15:00:00,21.6692131,range,0.7544736893571622
2024-08-12 09:45:00,21.54028872,trend_down,0.40369701103509253
2024-08-12 10:00:00,21.7187994,trend_down,0.6491959135829651
2024-08-12 10:15:00,21.50061968,range,0.6356567985997432
2024-08-12 10:30:00,21.65929584,range,0.6299592696573502
2024-08-12 10:45:00,21.69896488,range,0.6299592696573502
2024-08-12 11:00:00,21.65929584,range,0.7705357985483827
2024-08-12 11:15:00,21.63946132,range,0.7497206378675046
2024-08-12 11:30:00,21.62954406,range,0.8068890267785982
2024-08-12 13:15:00,21.65929584,range,0.7705357985483827
2024-08-12 13:30:00,21.65929584,range,0.6629975606461551
2024-08-12 13:45:00,21.62954406,range,0.5531899062912515
2024-08-12 14:00:00,21.55020598,range,0.5531899062912515
2024-08-12 14:15:00,21.6196268,range,0.4987464144289901
2024-08-12 14:30:00,21.5700405,range,0.4962490207082196
2024-08-12 14:45:00,21.54028872,range,0.516177559255072
2024-08-12 15:00:00,21.57995776,trend_down,0.5013131707599661
2024-08-13 09:45:00,21.60970954,range,0.507457032923678
2024-08-13 10:00:00,21.48078516,trend_down,0.5442123874492119
2024-08-13 10:15:00,21.34194352,trend_down,0.7777634712082923
2024-08-13 10:30:00,21.41136434,trend_down,0.8867275186553663
2024-08-13 10:45:00,21.44111612,trend_down,0.7268995565449969
2024-08-13 11:00:00,21.50061968,trend_down,0.6684341537707239
2024-08-13 11:15:00,21.5204542,trend_down,0.8712464509372875
2024-08-13 11:30:00,21.55020598,trend_down,0.532727735048976
2024-08-13 13:15:00,21.58987502,range,0.6049488934198607
2024-08-13 13:30:00,21.58987502,range,0.6049488934198607
2024-08-13 13:45:00,21.5204542,trend_down,0.532727735048976
2024-08-13 14:00:00,21.54028872,range,0.9000228764327376
2024-08-13 14:15:00,21.46095064,range,0.7669299850682175
2024-08-13 14:30:00,21.49070242,range,0.8060877553041752
2024-08-13 14:45:00,21.6196268,range,0.8851589731971736
2024-08-13 15:00:00,21.68904762,trend_up,0.471038701724343
2024-08-14 09:45:00,21.34194352,range,0.4170032859748763
2024-08-14 10:00:00,21.38161256,trend_down,0.7010959321612099
2024-08-14 10:15:00,21.31219174,trend_down,0.6729574629814318
2024-08-14 10:30:00,21.40144708,trend_down,0.6956124261749731
2024-08-14 10:45:00,21.40144708,trend_down,0.5838886751055224
2024-08-14 11:00:00,21.48078516,trend_down,0.6463336002171052
2024-08-14 11:15:00,21.4212816,trend_down,0.6981159566911366
2024-08-14 11:30:00,21.4708679,range,0.5731823569743637
2024-08-14 13:15:00,21.54028872,range,0.7638272540456548
2024-08-14 13:30:00,21.56012324,range,0.7544736893571622
2024-08-14 13:45:00,21.54028872,range,0.7544736893571622
2024-08-14 14:00:00,21.50061968,range,0.8780163445070504
2024-08-14 14:15:00,21.48078516,trend_down,0.5567597230667899
2024-08-14 14:30:00,21.49070242,range,0.7544736893571622
2024-08-14 14:45:00,21.44111612,range,0.7544736893571622
2024-08-14 15:00:00,21.40144708,trend_down,0.574510135140178
2024-08-15 09:45:00,21.43119886,trend_down,0.6933285753589431
2024-08-15 10:00:00,21.54028872,range,0.8071915136673933
2024-08-15 10:15:00,21.7187994,trend_up,0.3563774759862625
2024-08-15 10:30:00,21.90722734,breakout_up,0.41280692207934344
2024-08-15 10:45:00,22.02623446,trend_up,0.7624388123393597
2024-08-15 11:00:00,21.9667309,trend_up,0.871543152426647
2024-08-15 11:15:00,21.9171446,trend_up,0.8892108789204528
2024-08-15 11:30:00,21.88739282,trend_up,0.9162450753751263
2024-08-15 13:15:00,21.87747556,trend_up,0.9735686106763175
2024-08-15 13:30:00,21.85764104,trend_up,0.886942038506704
2024-08-15 13:45:00,21.80805474,trend_up,0.9557253993927181
2024-08-15 14:00:00,21.7683857,trend_up,0.9557253993927181
2024-08-15 14:15:00,21.77830296,trend_up,0.8920597894315797
2024-08-15 14:30:00,21.78822022,trend_up,0.6910003035373161
2024-08-15 14:45:00,21.817972,trend_up,0.6463336002171052
2024-08-15 15:00:00,21.84772378,trend_up,0.7075252337545701
2024-08-16 09:45:00,21.84772378,trend_up,0.7768352100011643
2024-08-16 10:00:00,21.84772378,trend_up,0.8106573326538037
2024-08-16 10:15:00,21.69896488,range,0.6289200282351567
2024-08-16 10:30:00,21.7683857,trend_down,0.5111506662096559
2024-08-16 10:45:00,21.7187994,range,0.685759807008504
2024-08-16 11:00:00,21.67913036,range,0.5455324485346053
2024-08-16 11:15:00,21.70888214,range,0.5367232051589758
2024-08-16 11:30:00,21.69896488,range,0.7995050735526689
2024-08-16 13:15:00,21.75846844,range,0.6813037943603433
2024-08-16 13:30:00,21.68904762,range,0.8335407204208519
2024-08-16 13:45:00,21.65929584,range,0.8960555700076558
2024-08-16 14:00:00,21.67913036,range,0.8960555700076558
2024-08-16 14:15:00,21.68904762,range,0.836379350546799
2024-08-16 14:30:00,21.68904762,range,0.5067820346763223
2024-08-16 14:45:00,21.72871666,range,0.8600395340794738
2024-08-16 15:00:00,21.74855118,range,0.8196254322347024
2024-08-19 09:45:00,21.95681364,range,0.4627517329959976
2024-08-19 10:00:00,22.02623446,trend_up,0.6901246879786478
2024-08-19 10:15:00,21.93697912,trend_up,0.9237558618896629
2024-08-19 10:30:00,21.87747556,trend_up,0.9237558618896629
2024-08-19 10:45:00,21.88739282,trend_up,0.9417516507203924
2024-08-19 11:00:00,22.07582076,trend_up,0.938106489634533
2024-08-19 11:15:00,22.1154898,trend_up,0.9206961464705191
2024-08-19 11:30:00,22.1154898,trend_up,0.9052286302355669
2024-08-19 13:15:00,21.99648268,trend_up,0.9569306208080132
2024-08-19 13:30:00,22.0163172,trend_up,0.9230955164120815
2024-08-19 13:45:00,21.95681364,trend_up,0.9671310851438669
2024-08-19 14:00:00,21.94689638,trend_up,0.8902144987503774
2024-08-19 14:15:00,21.94689638,trend_up,0.8952284811874971
2024-08-19 14:30:00,21.93697912,trend_up,0.8952284811874971
2024-08-19 14:45:00,21.9667309,trend_up,0.9187684356464907
2024-08-19 15:00:00,22.03615172,trend_up,0.9742323281814625
2024-08-20 09:45:00,21.90722734,trend_down,0.5739474073462888
2024-08-20 10:00:00,21.75846844,range,0.4463221082749991
2024-08-20 10:15:00,21.63946132,trend_down,0.6545042276127951
2024-08-20 10:30:00,21.6196268,trend_down,0.8786257713135136
2024-08-20 10:45:00,21.69896488,trend_down,0.9526892231117793
2024-08-20 11:00:00,21.65929584,trend_down,0.8737144869452158
2024-08-20 11:15:00,21.63946132,trend_down,0.8452061671728198
2024-08-20 11:30:00,21.53037146,trend_down,0.9350142231838947
2024-08-20 13:15:00,21.4708679,trend_down,0.9310376619313472
2024-08-20 13:30:00,21.48078516,trend_down,0.5166895936399544
2024-08-20 13:45:00,21.39152982,trend_down,0.539313794585776
2024-08-20 14:00:00,21.44111612,trend_down,0.5407135016471885
2024-08-20 14:15:00,21.48078516,trend_down,0.9230955164120815
2024-08-20 14:30:00,21.53037146,trend_down,0.9230955164120815
2024-08-20 14:45:00,21.55020598,trend_down,0.7663818818191903
2024-08-20 15:00:00,21.55020598,trend_down,0.8983132835346506
2024-08-21 09:45:00,21.49070242,trend_down,0.651293298425094
2024-08-21 10:00:00,21.2725227,trend_down,0.8225765820481383
2024-08-21 10:15:00,21.1733501,trend_down,0.4624696969093543
2024-08-21 10:30:00,21.2229364,trend_down,0.5353414024884853
2024-08-21 10:45:00,21.23285366,trend_down,0.9098009843105702
2024-08-21 11:00:00,21.28243996,trend_down,0.9742323281814625
2024-08-21 11:15:00,21.29235722,trend_down,0.9254264981159408
2024-08-21 11:30:00,21.26260544,trend_down,0.9696978493388541
2024-08-21 13:15:00,21.19318462,trend_down,0.968840342841616
2024-08-21 13:30:00,21.23285366,trend_down,0.9742323281814625
2024-08-21 13:45:00,21.23285366,trend_down,0.9742323281814625
2024-08-21 14:00:00,21.30227448,trend_down,0.9653094962875512
2024-08-21 14:15:00,21.33202626,trend_down,0.9653094962875512
2024-08-21 14:30:00,21.26260544,trend_down,0.9735686106763175
2024-08-21 14:45:00,21.26260544,trend_down,0.8101823525557476
2024-08-21 15:00:00,21.33202626,trend_down,0.8920597894315797
2024-08-22 09:45:00,21.26260544,trend_down,0.75908626549832
2024-08-22 10:00:00,21.14359832,trend_down,0.9029645626213624
2024-08-22 10:15:00,21.1733501,trend_down,0.9029645626213624
2024-08-22 10:30:00,21.3716953,range,0.5662926162526309
2024-08-22 10:45:00,21.60970954,trend_up,0.6950858822825088
2024-08-22 11:00:00,21.51053694,trend_up,0.8493096640531225
2024-08-22 11:15:00,21.49070242,trend_up,0.4639852444248265
2024-08-22 11:30:00,21.45103338,trend_up,0.641881695646907
2024-08-22 13:15:00,21.39152982,trend_up,0.808111438353901
2024-08-22 13:30:00,21.44111612,trend_up,0.8460384384782231
2024-08-22 13:45:00,21.4212816,trend_up,0.641881695646907
2024-08-22 14:00:00,21.3716953,range,0.700716910698857
2024-08-22 14:15:00,21.40144708,trend_up,0.45769042081438654
2024-08-22 14:30:00,21.4212816,range,0.8766633165993692
2024-08-22 14:45:00,21.45103338,range,0.7587811733891006
2024-08-22 15:00:00,21.4212816,range,0.8881710623963003
2024-08-23 09:45:00,21.83780652,trend_up,0.6498145927080087
2024-08-23 10:00:00,21.87747556,trend_up,0.8128570770732816
2024-08-23 10:15:00,21.84772378,trend_up,0.9569306208080132
2024-08-23 10:30:00,21.77830296,trend_up,0.9569306208080132
2024-08-23 10:45:00,21.83780652,trend_up,0.9742323281814625
2024-08-23 11:00:00,21.83780652,trend_up,0.9182273385573261
2024-08-23 11:15:00,21.8675583,trend_up,0.967029182099857
2024-08-23 11:30:00,21.95681364,trend_up,0.8219355018305541
2024-08-23 13:15:00,21.87747556,trend_up,0.9679511336517824
2024-08-23 13:30:00,21.87747556,trend_up,0.8927407182097999
2024-08-23 13:45:00,21.90722734,trend_up,0.9206961464705191
2024-08-23 14:00:00,21.82788926,trend_up,0.9206961464705191
2024-08-23 14:15:00,21.83780652,trend_up,0.9206961464705191
2024-08-23 14:30:00,21.87747556,trend_up,0.9187684356464907
2024-08-23 14:45:00,21.93697912,trend_up,0.9206961464705191
2024-08-23 15:00:00,21.9171446,trend_up,0.9187684356464907
2024-08-26 09:45:00,21.65929584,trend_down,0.8144270115893723
2024-08-26 10:00:00,21.62954406,trend_down,0.934401781259849
2024-08-26 10:15:00,21.5700405,trend_down,0.934401781259849
2024-08-26 10:30:00,21.57995776,trend_down,0.8414240059105436
2024-08-26 10:45:00,21.70888214,trend_down,0.9558414499823895
2024-08-26 11:00:00,21.68904762,trend_down,0.9423709533776204
2024-08-26 11:15:00,21.73863392,trend_down,0.6615824891304735
2024-08-26 11:30:00,21.7187994,range,0.49209851201904514
2024-08-26 13:15:00,21.63946132,trend_down,0.7123691467602389
2024-08-26 13:30:00,21.64937858,trend_down,0.648246343667833
2024-08-26 13:45:00,21.63946132,trend_down,0.648246343667833
2024-08-26 14:00:00,21.63946132,trend_down,0.5079855202092495
2024-08-26 14:15:00,21.6692131,trend_down,0.5079855202092495
2024-08-26 14:30:00,21.60970954,trend_down,0.5858872534115398
2024-08-26 14:45:00,21.62954406,range,0.5363314901913395
2024-08-26 15:00:00,21.67913036,range,0.5183862817236308
2024-08-27 09:45:00,21.55020598,trend_down,0.59041136213824
2024-08-27 10:00:00,21.59979228,trend_down,0.5906161733765932
2024-08-27 10:15:00,21.65929584,trend_down,0.5906161733765932
2024-08-27 10:30:00,21.59979228,range,0.5350813655231531
2024-08-27 10:45:00,21.69896488,range,0.72067736070684
2024-08-27 11:00:00,21.82788926,trend_up,0.572148350857349
2024-08-27 11:15:00,21.80805474,trend_up,0.6147361893689397
2024-08-27 11:30:00,21.82788926,range,0.481413749214466
2024-08-27 13:15:00,21.83780652,trend_up,0.5314785125189843
2024-08-27 13:30:00,21.88739282,trend_up,0.5369144893070597
2024-08-27 13:45:00,22.04606898,trend_up,0.9220332733534924
2024-08-27 14:00:00,21.97664816,trend_up,0.9661863672976857
2024-08-27 14:15:00,22.04606898,trend_up,0.9314258120147536
2024-08-27 14:30:00,22.13532432,trend_up,0.897989906797047
2024-08-27 14:45:00,22.09565528,trend_up,0.938106489634533
2024-08-27 15:00:00,22.09565528,trend_up,0.9206961464705191
2024-08-28 09:45:00,22.0659035,trend_up,0.7779103232958292
2024-08-28 10:00:00,22.12540706,trend_up,0.9679556215260039
2024-08-28 10:15:00,22.07582076,trend_up,0.9742323281814625
2024-08-28 10:30:00,22.10557254,trend_up,0.9742323281814625
2024-08-28 10:45:00,22.28408322,trend_up,0.9742323281814625
2024-08-28 11:00:00,22.27416596,trend_up,0.9705246689210671
2024-08-28 11:15:00,22.17499336,trend_up,0.9705246689210671
2024-08-28 11:30:00,22.18491062,trend_up,0.927690188616068
2024-08-28 13:15:00,22.1154898,trend_up,0.9259188089160423
2024-08-28 13:30:00,22.12540706,trend_up,0.9042349703146398
2024-08-28 13:45:00,22.17499336,trend_up,0.9259188089160423
2024-08-28 14:00:00,22.2146624,trend_up,0.9019048519618212
2024-08-28 14:15:00,22.25433144,trend_up,0.7274146089053374
2024-08-28 14:30:00,22.313835,trend_up,0.7375095755490675
2024-08-28 14:45:00,22.313835,trend_up,0.9076386927013654
2024-08-28 15:00:00,22.313835,trend_up,0.6098619826471324
2024-08-29 09:45:00,22.24441418,trend_up,0.7160145854792036
2024-08-29 10:00:00,22.313835,trend_up,0.7374381389707102
2024-08-29 10:15:00,22.313835,trend_up,0.7424628036741941
2024-08-29 10:30:00,22.42292486,trend_up,0.7914172803230097
2024-08-29 10:45:00,22.65102184,trend_up,0.853260352799138
2024-08-29 11:00:00,22.86920156,trend_up,0.8003153026697971
2024-08-29 11:15:00,22.67085636,trend_up,0.6008592647342702
2024-08-29 11:30:00,22.69069088,trend_up,0.9742323281814625
2024-08-29 13:15:00,22.79978074,trend_up,0.9742323281814625
2024-08-29 13:30:00,22.79978074,trend_up,0.9742323281814625
2024-08-29 13:45:00,22.8592843,trend_up,0.5283018173322191
2024-08-29 14:00:00,22.8592843,trend_up,0.9019048519618212
2024-08-29 14:15:00,22.88903608,trend_up,0.9019048519618212
2024-08-29 14:30:00,22.9088706,trend_up,0.9019048519618212
2024-08-29 14:45:00,22.86920156,trend_up,0.9019048519618212
2024-08-29 15:00:00,22.8592843,trend_up,0.927690188616068
2024-08-30 09:45:00,22.39317308,trend_down,0.737823825568231
2024-08-30 10:00:00,22.5617665,trend_down,0.737823825568231
2024-08-30 10:15:00,22.62127006,trend_down,0.9096603708933312
2024-08-30 10:30:00,22.84936704,trend_up,0.9558414499823894
2024-08-30 10:45:00,22.81961526,trend_up,0.8609048307728409
2024-08-30 11:00:00,22.9088706,trend_up,0.9526892231117793
2024-08-30 11:15:00,22.9088706,trend_up,0.9049463233551722
2024-08-30 11:30:00,22.9584569,trend_up,0.8829512133984158
2024-08-30 13:15:00,23.02787772,trend_up,0.9679511336517824
2024-08-30 13:30:00,23.21630566,trend_up,0.9115176920307307
2024-08-30 13:45:00,23.2063884,trend_up,0.9206961464705191
2024-08-30 14:00:00,23.0576295,trend_up,0.9182273385573261
2024-08-30 14:15:00,23.14688484,trend_up,0.9162450753751263
2024-08-30 14:30:00,23.1072158,trend_up,0.8061339348240945
2024-08-30 14:45:00,22.9584569,trend_up,0.8827596709537892
2024-08-30 15:00:00,23.0080432,trend_up,0.850094082048078
2024-09-02 09:45:00,22.87911882,trend_down,0.5645989289760663
2024-09-02 10:00:00,22.79978074,trend_down,0.5645989289760663
2024-09-02 10:15:00,22.55184924,trend_down,0.5645989289760663
2024-09-02 10:30:00,22.5617665,trend_down,0.5754827443311201
2024-09-02 10:45:00,22.63118732,trend_down,0.8336073750509411
2024-09-02 11:00:00,22.69069088,trend_down,0.8037830379511186
2024-09-02 11:15:00,22.63118732,trend_down,0.8037830379511186
2024-09-02 11:30:00,22.6113528,trend_down,0.8037830379511186
2024-09-02 13:15:00,22.62127006,trend_down,0.8037830379511186
2024-09-02 13:30:00,22.60143554,trend_down,0.8037830379511186
2024-09-02 13:45:00,22.57168376,trend_down,0.8037830379511186
2024-09-02 14:00:00,22.60143554,trend_down,0.8037830379511186
2024-09-02 14:15:00,22.5121802,trend_down,0.9053624902036228
2024-09-02 14:30:00,22.47251116,trend_down,0.6134518799751668
2024-09-02 14:45:00,22.58160102,trend_down,0.9096603708933312
2024-09-02 15:00:00,22.44275938,trend_down,0.8941029787259807
2024-09-03 09:45:00,22.6609391,trend_down,0.8933411136090431
2024-09-03 10:00:00,22.64110458,trend_down,0.8941029787259807
2024-09-03 10:15:00,22.65102184,trend_up,0.7876930355509575
2024-09-03 10:30:00,22.6609391,trend_up,0.6980746318986955
2024-09-03 10:45:00,22.72044266,trend_up,0.6980746318986955
2024-09-03 11:00:00,22.81961526,trend_up,0.3895764933249306
2024-09-03 11:15:00,22.68077362,trend_up,0.79441816231226
2024-09-03 11:30:00,22.8592843,trend_up,0.6981159566911366
2024-09-03 13:15:00,22.96837416,trend_up,0.8290615852067179
2024-09-03 13:30:00,22.98820868,trend_up,0.797651098358285
2024-09-03 13:45:00,22.99812594,trend_up,0.9476878648481896
2024-09-03 14:00:00,23.07746402,trend_up,0.9669242414729065
2024-09-03 14:15:00,23.02787772,trend_up,0.8837714244399443
2024-09-03 14:30:00,23.07746402,trend_up,0.8902144987503774
2024-09-03 14:45:00,23.08738128,trend_up,0.8924256327184921
2024-09-03 15:00:00,23.1072158,trend_up,0.8902144987503774
2024-09-04 09:45:00,23.1072158,trend_up,0.9285160777997169
2024-09-04 10:00:00,23.08738128,trend_up,0.9671310851438669
2024-09-04 10:15:00,23.06754676,trend_up,0.9671310851438669
2024-09-04 10:30:00,23.2559747,trend_up,0.9671310851438669
2024-09-04 10:45:00,23.27580922,trend_up,0.8527040991577887
2024-09-04 11:00:00,23.29564374,trend_up,0.6692163404760045
2024-09-04 11:15:00,23.23614018,trend_up,0.8934098402710774
2024-09-04 11:30:00,23.11713306,trend_up,0.863612138995893
2024-09-04 13:15:00,23.07746402,trend_up,0.6314553321033184
2024-09-04 13:30:00,22.98820868,trend_down,0.5963623155074708
2024-09-04 13:45:00,22.98820868,range,0.7851479446904522
2024-09-04 14:00:00,22.94853964,range,0.7851479446904522
2024-09-04 14:15:00,22.9584569,range,0.7851479446904522
2024-09-04 14:30:00,22.96837416,range,0.6324362144853907
2024-09-04 14:45:00,22.98820868,trend_down,0.5239737120696346
2024-09-04 15:00:00,22.97829142,trend_down,0.5239737120696346
2024-09-05 09:45:00,23.07746402,range,0.5731823569743637
2024-09-05 10:00:00,22.99812594,range,0.6289200282351567
2024-09-05 10:15:00,23.12705032,trend_up,0.5111506662096559
2024-09-05 10:30:00,23.19647114,trend_up,0.79441816231226
2024-09-05 10:45:00,23.1568021,trend_up,0.9526892231117793
2024-09-05 11:00:00,23.16671936,trend_up,0.8639326827781951
2024-09-05 11:15:00,23.14688484,trend_up,0.886942038506704
2024-09-05 11:30:00,23.0576295,trend_down,0.5693234864679636
2024-09-05 13:15:00,23.14688484,trend_up,0.5039668211840818
2024-09-05 13:30:00,23.2063884,trend_up,0.7896842717487778
2024-09-05 13:45:00,23.07746402,range,0.636678816530835
2024-09-05 14:00:00,23.0576295,range,0.8891015305300419
2024-09-05 14:15:00,23.02787772,range,0.7738946113840957
2024-09-05 14:30:00,23.04771224,range,0.7738946113840957
2024-09-05 14:45:00,23.08738128,trend_up,0.504960685561156
2024-09-05 15:00:00,23.0576295,range,0.8780163445070504
2024-09-06 09:45:00,23.03779498,range,0.6498108345124656
2024-09-06 10:00:00,23.12705032,range,0.6356567985997432
2024-09-06 10:15:00,23.03779498,range,0.6356567985997432
2024-09-06 10:30:00,23.02787772,range,0.7722451375612671
2024-09-06 10:45:00,23.03779498,range,0.7722451375612671
2024-09-06 11:00:00,23.0080432,range,0.7722451375612671
2024-09-06 11:15:00,23.02787772,range,0.6148610574654111
2024-09-06 11:30:00,22.809698,trend_down,0.5947066119379709
2024-09-06 13:15:00,22.9584569,trend_down,0.7626163164730683
2024-09-06 13:30:00,22.99812594,trend_down,0.7656634859672273
2024-09-06 13:45:00,22.9088706,trend_down,0.7656634859672273
2024-09-06 14:00:00,22.9088706,trend_down,0.7707603053954855
2024-09-06 14:15:00,22.82953252,trend_down,0.8993481562721959
2024-09-06 14:30:00,22.809698,trend_down,0.5954143118264487
2024-09-06 14:45:00,22.75019444,trend_down,0.8118958935872768
2024-09-06 15:00:00,22.7601117,breakout_down,0.46843539461819295
2024-09-09 09:45:00,22.77002896,trend_down,0.484255859236628
2024-09-09 10:00:00,22.62127006,trend_down,0.9741497011086431
2024-09-09 10:15:00,22.6113528,trend_down,0.5285797227738098
2024-09-09 10:30:00,22.59151828,trend_down,0.9251993854483096
2024-09-09 10:45:00,22.50226294,trend_down,0.8264601616968841
2024-09-09 11:00:00,22.59151828,trend_down,0.9696011356265064
2024-09-09 11:15:00,22.65102184,trend_down,0.8986267431189191
2024-09-09 11:30:00,22.62127006,trend_down,0.9741497011086431
2024-09-09 13:15:00,22.52209746,trend_down,0.9742323281814625
2024-09-09 13:30:00,22.63118732,trend_down,0.9742323281814625
2024-09-09 13:45:00,22.63118732,trend_down,0.9742323281814625
2024-09-09 14:00:00,22.58160102,trend_down,0.9236042312450827
2024-09-09 14:15:00,22.55184924,trend_down,0.9680422957267861
2024-09-09 14:30:00,22.5121802,trend_down,0.8934098402710774
2024-09-09 14:45:00,22.6113528,trend_down,0.9581306173140381
2024-09-09 15:00:00,22.63118732,trend_down,0.8596638413505254
2024-09-10 09:45:00,22.74027718,trend_up,0.5183425986193364
2024-09-10 10:00:00,22.809698,trend_up,0.8036700552552861
2024-09-10 10:15:00,22.75019444,trend_up,0.6975880624924743
2024-09-10 10:30:00,22.70060814,range,0.7669299850682175
2024-09-10 10:45:00,22.59151828,trend_down,0.7077603272823539
2024-09-10 11:00:00,22.59151828,trend_down,0.7124592383610923
2024-09-10 11:15:00,22.45267664,trend_down,0.9251229587059667
2024-09-10 11:30:00,22.44275938,trend_down,0.804211722762573
2024-09-10 13:15:00,22.68077362,trend_up,0.6676344334317177
2024-09-10 13:30:00,22.55184924,trend_down,0.6615824891304735
2024-09-10 13:45:00,22.54193198,range,0.5592954350852848
2024-09-10 14:00:00,22.68077362,trend_up,0.7174783664142402
2024-09-10 14:15:00,22.79978074,trend_up,0.47793519479928265
2024-09-10 14:30:00,22.77994622,trend_up,0.6735886903367564
2024-09-10 14:45:00,22.77994622,range,0.5449917909084167
2024-09-10 15:00:00,22.86920156,trend_up,0.7670846988512563
2024-09-11 09:45:00,22.83944978,trend_up,0.9079162633781166
2024-09-11 10:00:00,23.01796046,trend_up,0.9052750745197594
2024-09-11 10:15:00,23.0576295,trend_up,0.9072730768578252
2024-09-11 10:30:00,23.21630566,trend_up,0.5293985367695945
2024-09-11 10:45:00,23.54357524,breakout_up,0.4638212914878978
2024-09-11 11:00:00,23.72208592,trend_up,0.4850766622556711
2024-09-11 11:15:00,23.67249962,trend_up,0.5293985367695945
2024-09-11 11:30:00,23.59316154,trend_up,0.9742323281814625
2024-09-11 13:15:00,23.78158948,trend_up,0.8003153026697971
2024-09-11 13:30:00,23.76175496,trend_up,0.8003153026697971
2024-09-11 13:45:00,23.74192044,trend_up,0.9742323281814625
2024-09-11 14:00:00,23.68241688,trend_up,0.9254264981159408
2024-09-11 14:15:00,23.7022514,trend_up,0.9254264981159408
2024-09-11 14:30:00,23.7022514,trend_up,0.8989257226588602
2024-09-11 14:45:00,23.68241688,trend_up,0.9254264981159408
2024-09-11 15:00:00,23.74192044,trend_up,0.9254264981159408
2024-09-12 09:45:00,23.87084482,trend_up,0.5278023342409506
2024-09-12 10:00:00,23.98985194,trend_up,0.9679511336517824
2024-09-12 10:15:00,23.81134126,trend_up,0.9679511336517824
2024-09-12 10:30:00,23.89067934,trend_up,0.9671310851438669
2024-09-12 10:45:00,23.92043112,trend_up,0.8902144987503774
2024-09-12 11:00:00,23.76175496,trend_up,0.9653094962875512
2024-09-12 11:15:00,23.77167222,trend_up,0.8952284811874971
2024-09-12 11:30:00,23.81134126,trend_up,0.9187684356464907
2024-09-12 13:15:00,23.87084482,trend_up,0.9735686106763175
2024-09-12 13:30:00,23.89067934,trend_up,0.9187684356464907
2024-09-12 13:45:00,23.82125852,trend_up,0.8952284811874971
2024-09-12 14:00:00,23.78158948,trend_up,0.5145769405993377
2024-09-12 14:15:00,23.7518377,trend_up,0.5145769405993377
2024-09-12 14:30:00,23.76175496,trend_up,0.5114733383376779
2024-09-12 14:45:00,23.73200318,trend_up,0.5114733383376779
2024-09-12 15:00:00,23.68241688,range,0.7738946113840957
2024-09-13 09:45:00,23.7518377,trend_down,0.5182498481931086
2024-09-13 10:00:00,23.69233414,range,0.8034067673847938
2024-09-13 10:15:00,23.43448538,trend_down,0.5693234864679636
2024-09-13 10:30:00,23.37498182,trend_down,0.930444457826738
2024-09-13 10:45:00,23.37498182,trend_down,0.8375576247161503
2024-09-13 11:00:00,23.46423716,trend_down,0.9496354774399214
2024-09-13 11:15:00,23.42456812,trend_down,0.8976590831882497
2024-09-13 11:30:00,23.48407168,trend_down,0.8123414493055849
2024-09-13 13:15:00,23.4047336,trend_down,0.9096603708933312
2024-09-13 13:30:00,23.42456812,trend_down,0.8123414493055849
2024-09-13 13:45:00,23.43448538,trend_down,0.8123414493055849
2024-09-13 14:00:00,23.39481634,trend_down,0.8123414493055849
2024-09-13 14:15:00,23.47415442,trend_down,0.9096603708933312
2024-09-13 14:30:00,23.5534925,trend_down,0.6073029387372603
2024-09-13 14:45:00,23.42456812,trend_down,0.6073029387372603
2024-09-13 15:00:00,23.37498182,reversal,0.5752766530325432
2024-09-18 09:45:00,23.0576295,breakout_down,0.7579262485718016
2024-09-18 10:00:00,23.12705032,trend_down,0.872919724035682
2024-09-18 10:15:00,22.9584569,trend_down,0.9321427773149108
2024-09-18 10:30:00,22.99812594,trend_down,0.938106489634533
2024-09-18 10:45:00,23.1072158,trend_down,0.9678535315793385
2024-09-18 11:00:00,22.97829142,trend_down,0.943345182942301
2024-09-18 11:15:00,22.98820868,trend_down,0.922861896497621
2024-09-18 11:30:00,22.89895334,trend_down,0.9254264981159408
2024-09-18 13:15:00,23.11713306,trend_down,0.9183473557035261
2024-09-18 13:30:00,23.0576295,trend_down,0.9435205639145571
2024-09-18 13:45:00,23.17663662,trend_down,0.8833267650013827
2024-09-18 14:00:00,23.14688484,trend_down,0.7867514854352515
2024-09-18 14:15:00,23.18655388,trend_down,0.8447160309961037
2024-09-18 14:30:00,23.1568021,trend_down,0.6055421365915741
2024-09-18 14:45:00,23.23614018,trend_up,0.6615824891304735
2024-09-18 15:00:00,23.29564374,trend_up,0.6615824891304735
2024-09-19 09:45:00,23.57332702,trend_up,0.8131520924639396
2024-09-19 10:00:00,23.305561,trend_up,0.7999342837378464
2024-09-19 10:15:00,23.32539552,trend_up,0.9366146637350224
2024-09-19 10:30:00,23.46423716,trend_up,0.9376630151002645
2024-09-19 10:45:00,23.47415442,trend_up,0.9386742439641551
2024-09-19 11:00:00,23.33531278,trend_up,0.9386742439641551
2024-09-19 11:15:00,23.21630566,trend_up,0.6794429596005211
2024-09-19 11:30:00,23.36506456,trend_up,0.8156601237330515
2024-09-19 13:15:00,23.3551473,trend_up,0.8156601237330515
2024-09-19 13:30:00,23.32539552,range,0.6181897121652762
2024-09-19 13:45:00,23.34523004,range,0.7446388367843573
2024-09-19 14:00:00,23.31547826,trend_up,0.5142803300338894
2024-09-19 14:15:00,23.31547826,trend_up,0.5142803300338894
2024-09-19 14:30:00,23.34523004,trend_up,0.5142803300338894
2024-09-19 14:45:00,23.34523004,trend_up,0.589931739184062
2024-09-19 15:00:00,23.38489908,trend_up,0.5078611377129091
2024-09-20 09:45:00,23.23614018,range,0.7777672257200037
2024-09-20 10:00:00,23.02787772,trend_down,0.7092925631654906
2024-09-20 10:15:00,23.09729854,trend_down,0.8505654060231332
2024-09-20 10:30:00,23.03779498,trend_down,0.8384083056319496
2024-09-20 10:45:00,22.81961526,trend_down,0.8811293723822852
2024-09-20 11:00:00,22.81961526,trend_down,0.9138694005110987
2024-09-20 11:15:00,22.73035992,trend_down,0.897989906797047
2024-09-20 11:30:00,22.69069088,trend_down,0.8820241035008868
2024-09-20 13:15:00,22.7105254,trend_down,0.9206961464705191
2024-09-20 13:30:00,22.65102184,trend_down,0.7693713625113313
2024-09-20 13:45:00,22.78986348,trend_down,0.968840342841616
2024-09-20 14:00:00,22.91878786,trend_down,0.9314574362320277
2024-09-20 14:15:00,22.99812594,trend_down,0.7970122181324113
2024-09-20 14:30:00,23.03779498,trend_up,0.7970122181324113
2024-09-20 14:45:00,23.09729854,trend_up,0.7970122181324113
2024-09-20 15:00:00,23.04771224,trend_up,0.5784702925237408
2024-09-23 09:45:00,23.16671936,trend_up,0.8152824523550809
2024-09-23 10:00:00,22.98820868,trend_down,0.7970122181324113
2024-09-23 10:15:00,22.81961526,trend_down,0.5255368726491012
2024-09-23 10:30:00,22.88903608,trend_down,0.5255368726491012
2024-09-23 10:45:00,22.87911882,range,0.6125631315948684
2024-09-23 11:00:00,22.91878786,trend_down,0.6412619597296555
2024-09-23 11:15:00,22.93862238,range,0.5872012849427013
2024-09-23 11:30:00,22.94853964,range,0.5872012849427013
2024-09-23 13:15:00,22.9584569,range,0.7654490135854276
2024-09-23 13:30:00,22.9584569,range,0.7654490135854276
2024-09-23 13:45:00,22.93862238,trend_down,0.5177646269349031
2024-09-23 14:00:00,22.89895334,trend_down,0.5860438556749826
2024-09-23 14:15:00,22.88903608,trend_down,0.5079855202092495
2024-09-23 14:30:00,22.91878786,range,0.5543668809139047
2024-09-23 14:45:00,22.89895334,trend_down,0.5898751691437624
2024-09-23 15:00:00,22.93862238,range,0.8103760737157109
2024-09-24 09:45:00,22.809698,trend_down,0.5321054519767161
2024-09-24 10:00:00,22.68077362,trend_down,0.656879411559542
2024-09-24 10:15:00,22.6113528,trend_down,0.8667920628380856
2024-09-24 10:30:00,22.77002896,trend_down,0.8778388329315164
2024-09-24 10:45:00,22.77994622,trend_down,0.6697004484743548
2024-09-24 11:00:00,22.99812594,range,0.8559391462599245
2024-09-24 11:15:00,23.23614018,trend_up,0.5366100519903155
2024-09-24 11:30:00,23.5534925,trend_up,0.8472462761778394
2024-09-24 13:15:00,23.79150674,trend_up,0.5770509136651123
2024-09-24 13:30:00,23.88076208,trend_up,0.504032890722713
2024-09-24 13:45:00,23.9997692,trend_up,0.8264601616968841
2024-09-24 14:00:00,23.86092756,trend_up,0.9742323281814625
2024-09-24 14:15:00,23.7518377,trend_up,0.9742323281814625
2024-09-24 14:30:00,23.81134126,trend_up,0.9696978493388541
2024-09-24 14:45:00,23.92043112,trend_up,0.9696978493388541
2024-09-24 15:00:00,23.93034838,trend_up,0.8989257226588602
2024-09-25 09:45:00,24.25761796,trend_up,0.5293985367695945
2024-09-25 10:00:00,24.28736974,trend_up,0.5293985367695945
2024-09-25 10:15:00,24.48571494,trend_up,0.5293985367695945
2024-09-25 10:30:00,24.43612864,trend_up,0.5407135016471885
2024-09-25 10:45:00,24.40637686,trend_up,0.9742323281814625
2024-09-25 11:00:00,24.46588042,trend_up,0.968840342841616
2024-09-25 11:15:00,24.23778344,trend_up,0.968840342841616
2024-09-25 11:30:00,24.21794892,trend_up,0.9206961464705191
2024-09-25 13:15:00,24.08902454,trend_up,0.8952284811874971
2024-09-25 13:30:00,23.801424,trend_up,0.8156601237330515
2024-09-25 13:45:00,23.82125852,trend_down,0.6491959135829651
2024-09-25 14:00:00,23.84109304,trend_up,0.8156601237330515
2024-09-25 14:15:00,23.84109304,trend_down,0.6491959135829651
2024-09-25 14:30:00,23.801424,trend_down,0.8724350267186767
2024-09-25 14:45:00,23.8510103,trend_down,0.808111438353901
2024-09-25 15:00:00,23.76175496,trend_down,0.8037830379511186
2024-09-26 09:45:00,23.94026564,trend_up,0.8105048560772765
2024-09-26 10:00:00,24.12869358,trend_up,0.932025720133591
2024-09-26 10:15:00,24.23778344,trend_up,0.9488986485199994
2024-09-26 10:30:00,24.35679056,trend_up,0.9567949741861582
2024-09-26 10:45:00,24.26753522,trend_up,0.9569306208080132
2024-09-26 11:00:00,24.0493555,trend_up,0.9544574003068366
2024-09-26 11:15:00,24.0989418,trend_up,0.8835923464260621
2024-09-26 11:30:00,24.08902454,trend_up,0.8888063780690166
2024-09-26 13:15:00,24.35679056,trend_up,0.9569306208080132
2024-09-26 13:30:00,24.38654234,trend_up,0.9569306208080132
2024-09-26 13:45:00,24.2477007,trend_up,0.9219896601569001
2024-09-26 14:00:00,24.35679056,trend_up,0.9003869920514468
2024-09-26 14:15:00,24.3468733,trend_up,0.7573139905139525
2024-09-26 14:30:00,24.38654234,trend_up,0.8859120759409637
2024-09-26 14:45:00,24.43612864,trend_up,0.8859120759409637
2024-09-26 15:00:00,24.51546672,trend_up,0.8777437610818407
2024-09-27 09:45:00,24.68406014,trend_up,0.493864875391554
2024-09-27 10:00:00,25.01132972,trend_up,0.6372585403282437
2024-09-27 10:15:00,24.96174342,trend_up,0.9310376619313472
2024-09-27 10:30:00,24.91215712,trend_up,0.9182273385573261
2024-09-27 10:45:00,25.15017136,trend_up,0.8264601616968841
2024-09-27 11:00:00,25.1898404,trend_up,0.5407135016471885
2024-09-27 11:15:00,25.02124698,trend_up,0.967029182099857
2024-09-27 11:30:00,25.17992314,trend_up,0.967029182099857
2024-09-27 13:15:00,25.69562066,breakout_up,0.48512049459319745
2024-09-27 13:30:00,25.3881856,trend_up,0.5407135016471885
2024-09-27 13:45:00,25.0906678,trend_up,0.9671310851438669
2024-09-27 14:00:00,25.05099876,trend_up,0.9671310851438669
2024-09-27 14:15:00,25.07083328,trend_up,0.8596638413505254
2024-09-27 14:30:00,25.17000588,trend_up,0.9679511336517824
2024-09-27 14:45:00,25.2394267,trend_up,0.9206961464705191
2024-09-27 15:00:00,25.41793738,trend_up,0.9742323281814625
2024-09-30 09:45:00,25.8344623,breakout_up,0.4452658905757582
2024-09-30 10:00:00,25.81462778,trend_up,0.9074700472430703
2024-09-30 10:15:00,25.6857034,trend_up,0.9679556215260039
2024-09-30 10:30:00,26.09231106,trend_up,0.9393236626405097
2024-09-30 10:45:00,26.06255928,trend_up,0.9452333998711213
2024-09-30 11:00:00,26.4294979,trend_up,0.9742323281814625
2024-09-30 11:15:00,26.21131818,trend_up,0.9705246689210671
2024-09-30 11:30:00,26.45924968,trend_up,0.9696978493388541
2024-09-30 13:15:00,26.84602282,trend_up,0.5280567246047543
2024-09-30 13:30:00,26.83610556,trend_up,0.8989257226588602
2024-09-30 13:45:00,27.14354062,trend_up,0.539313794585776
2024-09-30 14:00:00,27.34188582,trend_up,0.539313794585776
2024-09-30 14:15:00,27.4212239,trend_up,0.8989257226588602
2024-09-30 14:30:00,26.94519542,trend_up,0.968840342841616
2024-09-30 14:45:00,27.00469898,trend_up,0.8958711337427966
2024-09-30 15:00:00,27.20304418,trend_up,0.8958711337427966
2024-10-08 09:45:00,28.4129499,trend_up,0.47675406878691773
2024-10-08 10:00:00,28.9088129,trend_up,0.9679556215260039
2024-10-08 10:15:00,28.37328086,trend_up,0.9679556215260039
2024-10-08 10:30:00,27.92700416,trend_up,0.9742323281814625
2024-10-08 10:45:00,27.95675594,trend_up,0.9074700472430703
2024-10-08 11:00:00,27.4212239,trend_up,0.9653094962875512
2024-10-08 11:15:00,27.9170869,trend_up,0.9671310851438669
2024-10-08 11:30:00,28.0658458,trend_up,0.8902144987503774
2024-10-08 13:15:00,27.768328,trend_up,0.9647550446694093
2024-10-08 13:30:00,27.87741786,trend_up,0.9029645626213624
2024-10-08 13:45:00,27.83774882,trend_up,0.9162450753751263
2024-10-08 14:00:00,27.79807978,trend_up,0.8920597894315797
2024-10-08 14:15:00,27.83774882,trend_up,0.8061339348240945
2024-10-08 14:30:00,28.34352908,trend_up,0.9399253461109718
2024-10-08 14:45:00,28.38319812,trend_up,0.8101823525557476
2024-10-08 15:00:00,28.3633636,trend_up,0.8096764468495843
2024-10-09 09:45:00,27.41130664,trend_down,0.6724790551027678
2024-10-09 10:00:00,27.69890718,range,0.4463221082749991
2024-10-09 10:15:00,27.35180308,range,0.4463221082749991
2024-10-09 10:30:00,27.13362336,range,0.7535994836059334
2024-10-09 10:45:00,26.9253609,trend_down,0.7495505910828448
2024-10-09 11:00:00,26.8261883,trend_down,0.6956124261749731
2024-10-09 11:15:00,26.5286705,trend_down,0.6901246879786478
2024-10-09 11:30:00,26.5782568,trend_down,0.8769511935654908
2024-10-09 13:15:00,27.15345788,trend_down,0.8959112403874824
2024-10-09 13:30:00,27.28238226,trend_down,0.7604757499852173
2024-10-09 13:45:00,27.1237061,trend_down,0.8959112403874824
2024-10-09 14:00:00,26.85594008,trend_down,0.8959112403874824
2024-10-09 14:15:00,26.71709844,trend_down,0.8724350267186767
2024-10-09 14:30:00,26.73693296,trend_down,0.7604757499852173
2024-10-09 14:45:00,26.36007708,trend_down,0.7604757499852173
2024-10-09 15:00:00,26.29065626,trend_down,0.6359685894540297
2024-10-10 09:45:00,27.06420254,range,0.434889322393725
2024-10-10 10:00:00,26.39974612,range,0.6289200282351567
2024-10-10 10:15:00,26.25098722,range,0.6289200282351567
2024-10-10 10:30:00,26.50883598,trend_down,0.5111506662096559
2024-10-10 10:45:00,26.61792584,range,0.636678816530835
2024-10-10 11:00:00,26.74685022,trend_down,0.6980746318986955
2024-10-10 11:15:00,26.94519542,trend_up,0.5126015124029761
2024-10-10 11:30:00,26.85594008,trend_up,0.5126015124029761
2024-10-10 13:15:00,26.68734666,range,0.6412288529727601
2024-10-10 13:30:00,26.60800858,range,0.7544736893571622
2024-10-10 13:45:00,26.55842228,range,0.7544736893571622
2024-10-10 14:00:00,26.45924968,range,0.7544736893571622
2024-10-10 14:15:00,26.38982886,range,0.5543668809139047
2024-10-10 14:30:00,26.25098722,range,0.5543668809139047
2024-10-10 14:45:00,26.31049078,range,0.664060939026449
2024-10-10 15:00:00,26.26090448,trend_down,0.5043631180588056
2024-10-11 09:45:00,26.39974612,trend_down,0.5043370296913264
2024-10-11 10:00:00,25.90388312,trend_down,0.5187806470366241
2024-10-11 10:15:00,25.3385993,trend_down,0.46076628091649535
2024-10-11 10:30:00,25.54686176,trend_down,0.8722053219439818
2024-10-11 10:45:00,25.30884752,trend_down,0.9567949741861582
2024-10-11 11:00:00,25.5865308,trend_down,0.9735686106763175
2024-10-11 11:15:00,25.57661354,trend_down,0.9204558658492991
2024-10-11 11:30:00,25.44768916,trend_down,0.9679511336517824
2024-10-11 13:15:00,25.29893026,trend_down,0.9206961464705191
2024-10-11 13:30:00,25.50719272,trend_down,0.9741497011086431
2024-10-11 13:45:00,25.289013,trend_down,0.9206961464705191
2024-10-11 14:00:00,25.19975766,trend_down,0.7876092458734775
2024-10-11 14:15:00,24.97166068,trend_down,0.5387730654631989
2024-10-11 14:30:00,24.9914952,trend_down,0.5387730654631989
2024-10-11 14:45:00,24.75348096,trend_down,0.48351442822878427
2024-10-11 15:00:00,25.05099876,trend_down,0.9679511336517824
2024-10-14 09:45:00,25.8344623,trend_up,0.8204744981771703
2024-10-14 10:00:00,25.46752368,trend_up,0.9423709533776204
2024-10-14 10:15:00,25.7352897,trend_up,0.9423709533776204
2024-10-14 10:30:00,25.76504148,trend_up,0.8156601237330515
2024-10-14 10:45:00,26.00305572,trend_up,0.8156601237330515
2024-10-14 11:00:00,26.14189736,trend_up,0.7604757499852173
2024-10-14 11:15:00,26.280739,trend_up,0.9483254052857735
2024-10-14 11:30:00,26.41958064,trend_up,0.9498237469722951
2024-10-14 13:15:00,26.1815664,trend_up,0.8939032702006827
2024-10-14 13:30:00,26.45924968,trend_up,0.9005271499839334
2024-10-14 13:45:00,26.02289024,trend_up,0.9005271499839334
2024-10-14 14:00:00,26.01297298,trend_up,0.7939417205601699
2024-10-14 14:15:00,25.97330394,trend_up,0.7939417205601699
2024-10-14 14:30:00,26.00305572,trend_up,0.7939417205601699
2024-10-14 14:45:00,26.05264202,trend_up,0.7939417205601699
2024-10-14 15:00:00,26.05264202,trend_up,0.78186981235211
2024-10-15 09:45:00,25.7352897,trend_up,0.5008115425279924
2024-10-15 10:00:00,25.85429682,trend_down,0.45769042081438654
2024-10-15 10:15:00,26.24106996,range,0.6356567985997432
2024-10-15 10:30:00,26.1815664,range,0.6148610574654111
2024-10-15 10:45:00,25.76504148,range,0.8034067673847938
2024-10-15 11:00:00,25.6857034,range,0.7722451375612671
2024-10-15 11:15:00,25.7352897,range,0.5011696763574541
2024-10-15 11:30:00,25.91380038,range,0.7863367821971079
2024-10-15 13:15:00,25.70553792,range,0.6148610574654111
2024-10-15 13:30:00,25.5369445,range,0.5586815927789716
2024-10-15 13:45:00,25.55677902,trend_down,0.5001314029086936
2024-10-15 14:00:00,25.56669628,range,0.6635394563209284
2024-10-15 14:15:00,25.5369445,trend_down,0.5043631180588056
2024-10-15 14:30:00,25.51710998,trend_down,0.5108897869477536
2024-10-15 14:45:00,25.40802012,trend_down,0.536051220136012
2024-10-15 15:00:00,25.42785464,trend_down,0.49902923972298646
2024-10-16 09:45:00,25.31876478,trend_down,0.3838752115521446
2024-10-16 10:00:00,25.25926122,trend_down,0.6221920849792
2024-10-16 10:15:00,25.11050232,trend_down,0.8540433404472647
2024-10-16 10:30:00,24.85265356,trend_down,0.8537198224700129
2024-10-16 10:45:00,24.9914952,trend_down,0.9639613855702905
2024-10-16 11:00:00,25.34851656,trend_down,0.9337363164491075
2024-10-16 11:15:00,25.54686176,reversal,0.6191690191516286
2024-10-16 11:30:00,25.1898404,trend_down,0.8452061671728198
2024-10-16 13:15:00,25.17000588,trend_down,0.8784592239053839
2024-10-16 13:30:00,25.13033684,trend_down,0.6658899461810609
2024-10-16 13:45:00,25.10058506,trend_down,0.5253973953251138
2024-10-16 14:00:00,25.12041958,trend_down,0.5461109324226264
2024-10-16 14:15:00,24.95182616,trend_down,0.5404470469467834
2024-10-16 14:30:00,24.9914952,trend_down,0.5469253967637031
2024-10-16 14:45:00,25.21959218,range,0.783641678197764
2024-10-16 15:00:00,25.12041958,range,0.5586478735761402
2024-10-17 09:45:00,25.21959218,range,0.783641678197764
2024-10-17 10:00:00,25.1898404,range,0.7980726928403753
2024-10-17 10:15:00,25.02124698,range,0.5180600844809882
2024-10-17 10:30:00,24.86257082,range,0.48079724380814076
2024-10-17 10:45:00,24.88240534,trend_down,0.5406137373914892
2024-10-17 11:00:00,24.96174342,range,0.5350813655231531
2024-10-17 11:15:00,24.90223986,trend_down,0.5236131050653243
2024-10-17 11:30:00,24.85265356,trend_down,0.5301224418072125
2024-10-17 13:15:00,24.95182616,trend_down,0.5503363746233976
2024-10-17 13:30:00,24.97166068,range,0.542450123075177
2024-10-17 13:45:00,24.8923226,trend_down,0.5503363746233976
2024-10-17 14:00:00,24.88240534,range,0.542450123075177
2024-10-17 14:15:00,24.79315,trend_down,0.5280631273793275
2024-10-17 14:30:00,24.77331548,trend_down,0.6027653246993291
2024-10-17 14:45:00,24.76339822,trend_down,0.5293037674759162
2024-10-17 15:00:00,24.76339822,range,0.5412023832418099
2024-10-18 09:45:00,24.90223986,range,0.6897110142175935
2024-10-18 10:00:00,24.6939774,trend_down,0.5585329125631213
2024-10-18 10:15:00,24.83281904,range,0.7342841024488602
2024-10-18 10:30:00,24.86257082,range,0.7342841024488602
2024-10-18 10:45:00,24.87248808,range,0.6570241396580523
2024-10-18 11:00:00,24.81298452,trend_down,0.5585329125631213
2024-10-18 11:15:00,24.8923226,range,0.7342841024488602
2024-10-18 11:30:00,24.88240534,range,0.8088533280053264
2024-10-18 13:15:00,25.20967492,range,0.6837884362892779
2024-10-18 13:30:00,25.03116424,range,0.6548715570926495
2024-10-18 13:45:00,25.0410815,range,0.8939982410047287
2024-10-18 14:00:00,25.24934396,range,0.7774158330825803
2024-10-18 14:15:00,25.26917848,trend_up,0.5972235963934063
2024-10-18 14:30:00,25.3881856,trend_up,0.9053624902036228
2024-10-18 14:45:00,25.30884752,trend_up,0.8128570770732816
2024-10-18 15:00:00,25.17000588,trend_up,0.8491236163364417
2024-10-21 09:45:00,25.11,trend_up,0.8128570770732816
2024-10-21 10:00:00,24.9,trend_up,0.737823825568231
2024-10-21 10:15:00,25.16,trend_up,0.737823825568231
2024-10-21 10:30:00,25.31,trend_up,0.9096603708933312
2024-10-21 10:45:00,25.26,trend_up,0.9096603708933312
2024-10-21 11:00:00,25.37,trend_up,0.9526892231117793
2024-10-21 11:15:00,25.44,trend_up,0.9532068788311022
2024-10-21 11:30:00,25.4,trend_up,0.9098701378212136
2024-10-21 13:15:00,25.67,trend_up,0.5153489051177415
2024-10-21 13:30:00,25.34,trend_up,0.9231969350148002
2024-10-21 13:45:00,25.35,trend_up,0.7860743496917144
2024-10-21 14:00:00,25.19,trend_up,0.5475586497718523
2024-10-21 14:15:00,25.22,range,0.6025973835262449
2024-10-21 14:30:00,25.16,range,0.5751730443407856
2024-10-21 14:45:00,25.2,range,0.5785881912725127
2024-10-21 15:00:00,25.21,trend_down,0.5758689156497017
2024-10-22 09:45:00,25.19,trend_down,0.6452690572056728
2024-10-22 10:00:00,25.31,trend_up,0.5415660544584266
2024-10-22 10:15:00,25.49,trend_up,0.5356352519973492
2024-10-22 10:30:00,25.47,trend_up,0.7653156989197472
2024-10-22 10:45:00,25.37,trend_up,0.53795574256754
2024-10-22 11:00:00,25.6,trend_up,0.7179279360267924
2024-10-22 11:15:00,25.68,trend_up,0.5707208304865908
2024-10-22 11:30:00,25.69,trend_up,0.8113479002745343
2024-10-22 13:15:00,25.58,trend_up,0.9116293930468407
2024-10-22 13:30:00,25.5,trend_up,0.759439109689112
2024-10-22 13:45:00,25.44,trend_up,0.9399124116508447
2024-10-22 14:00:00,25.45,trend_down,0.6792986968423667
2024-10-22 14:15:00,25.51,trend_up,0.8090124891874622
2024-10-22 14:30:00,25.62,trend_up,0.8070118257097992
2024-10-22 14:45:00,25.49,trend_up,0.6545920166124131
2024-10-22 15:00:00,25.6,trend_up,0.8029122368642263
2024-10-23 09:45:00,25.66,trend_up,0.8841362055892334
2024-10-23 10:00:00,25.65,trend_up,0.9098009843105702
2024-10-23 10:15:00,25.92,trend_up,0.8609773329160698
2024-10-23 10:30:00,25.88,trend_up,0.9254264981159408
2024-10-23 10:45:00,25.96,trend_up,0.9310376619313472
2024-10-23 11:00:00,25.95,trend_up,0.8958711337427966
2024-10-23 11:15:00,26.0,trend_up,0.8958711337427966
2024-10-23 11:30:00,25.98,trend_up,0.9696978493388541
2024-10-23 13:15:00,26.11,trend_up,0.539313794585776
2024-10-23 13:30:00,26.13,trend_up,0.5166895936399544
2024-10-23 13:45:00,25.99,trend_up,0.5395694509594747
2024-10-23 14:00:00,25.99,trend_up,0.9019048519618212
2024-10-23 14:15:00,25.91,trend_up,0.9592704627017886
2024-10-23 14:30:00,26.08,trend_up,0.9689210597843152
2024-10-23 14:45:00,25.98,trend_up,0.9689210597843152
2024-10-23 15:00:00,26.19,trend_up,0.9339013390805402
2024-10-24 09:45:00,26.05,trend_up,0.8003153026697971
2024-10-24 10:00:00,25.81,trend_up,0.8156601237330515
2024-10-24 10:15:00,25.87,trend_down,0.6100032138997542
2024-10-24 10:30:00,25.9,range,0.6121192117337858
2024-10-24 10:45:00,25.79,range,0.6181897121652762
2024-10-24 11:00:00,25.73,trend_down,0.5399094434744496
2024-10-24 11:15:00,25.7,range,0.6121192117337858
2024-10-24 11:30:00,25.68,range,0.6121192117337858
2024-10-24 13:15:00,25.52,trend_down,0.9376630151002645
2024-10-24 13:30:00,25.49,trend_down,0.7512969563512757
2024-10-24 13:45:00,25.52,trend_down,0.7700830570888895
2024-10-24 14:00:00,25.48,trend_down,0.8840769116367145
2024-10-24 14:15:00,25.54,trend_down,0.8840769116367145
2024-10-24 14:30:00,25.53,trend_down,0.8812855876076623
2024-10-24 14:45:00,25.49,trend_down,0.8784154790480619
2024-10-24 15:00:00,25.52,trend_down,0.6465933116478583
2024-10-25 09:45:00,25.29,reversal,0.4748991183205502
2024-10-25 10:00:00,25.24,trend_down,0.8564519227486773
2024-10-25 10:15:00,25.35,trend_down,0.9689210597843152
2024-10-25 10:30:00,25.38,trend_down,0.9236042312450827
2024-10-25 10:45:00,25.25,trend_down,0.9735686106763175
2024-10-25 11:00:00,25.36,trend_down,0.9680422957267861
2024-10-25 11:15:00,25.4,trend_down,0.9581306173140381
2024-10-25 11:30:00,25.49,trend_down,0.6314553321033184
2024-10-25 13:15:00,25.51,trend_up,0.4023418816377386
2024-10-25 13:30:00,25.51,range,0.8335407204208519
2024-10-25 13:45:00,25.42,trend_down,0.5183425986193364
2024-10-25 14:00:00,25.49,range,0.8335407204208519
2024-10-25 14:15:00,25.42,range,0.6813037943603433
2024-10-25 14:30:00,25.36,range,0.6324362144853907
2024-10-25 14:45:00,25.38,range,0.8072668076257075
2024-10-25 15:00:00,25.5,range,0.8881710623963003
2024-10-28 09:45:00,25.51,range,0.7935570650458733
2024-10-28 10:00:00,25.5,range,0.8953960049953154
2024-10-28 10:15:00,25.86,range,0.5778632564022342
2024-10-28 10:30:00,25.83,trend_up,0.9418612547060601
2024-10-28 10:45:00,26.17,trend_up,0.8532603527991378
2024-10-28 11:00:00,26.04,trend_up,0.9569306208080132
2024-10-28 11:15:00,25.83,trend_up,0.9742323281814625
2024-10-28 11:30:00,26.02,trend_up,0.9679511336517824
2024-10-28 13:15:00,25.99,trend_up,0.9679511336517824
2024-10-28 13:30:00,26.04,trend_up,0.9742323281814625
2024-10-28 13:45:00,25.99,trend_up,0.9206961464705191
2024-10-28 14:00:00,26.03,trend_up,0.9206961464705191
2024-10-28 14:15:00,26.01,trend_up,0.9206961464705191
2024-10-28 14:30:00,26.03,trend_up,0.9206961464705191
2024-10-28 14:45:00,26.07,trend_up,0.9206961464705191
2024-10-28 15:00:00,26.19,trend_up,0.9322810957908073
2024-10-29 09:45:00,26.03,trend_up,0.5275383222724065
2024-10-29 10:00:00,25.98,trend_up,0.9365728327825781
2024-10-29 10:15:00,25.94,trend_up,0.9653094962875512
2024-10-29 10:30:00,26.19,trend_up,0.9569306208080132
2024-10-29 10:45:00,26.32,trend_up,0.504032890722713
2024-10-29 11:00:00,26.16,trend_up,0.8781908115835458
2024-10-29 11:15:00,26.1,trend_up,0.8403711591520251
2024-10-29 11:30:00,25.96,trend_up,0.5183425986193364
2024-10-29 13:15:00,26.0,trend_down,0.5183425986193364
2024-10-29 13:30:00,26.03,range,0.6299592696573502
2024-10-29 13:45:00,26.04,range,0.6356567985997432
2024-10-29 14:00:00,26.0,trend_up,0.5824918233590364
2024-10-29 14:15:00,25.96,trend_up,0.5824918233590364
2024-10-29 14:30:00,26.86,trend_up,0.5610660188379687
2024-10-29 14:45:00,26.7,trend_up,0.771384364833132
2024-10-29 15:00:00,26.7,trend_up,0.7806021605156209
2024-10-30 09:45:00,27.1,trend_up,0.6914192736693954
2024-10-30 10:00:00,26.99,trend_up,0.9679556215260039
2024-10-30 10:15:00,26.9,trend_up,0.9679556215260039
2024-10-30 10:30:00,26.85,trend_up,0.9679511336517824
2024-10-30 10:45:00,26.99,trend_up,0.9679511336517824
2024-10-30 11:00:00,27.04,trend_up,0.9206961464705191
2024-10-30 11:15:00,27.03,trend_up,0.9206961464705191
2024-10-30 11:30:00,26.83,trend_up,0.9735686106763175
2024-10-30 13:15:00,26.82,trend_up,0.9162450753751263
2024-10-30 13:30:00,26.83,trend_up,0.9735686106763175
2024-10-30 13:45:00,26.86,trend_up,0.9162450753751263
2024-10-30 14:00:00,27.05,trend_up,0.9735686106763175
2024-10-30 14:15:00,27.01,trend_up,0.9179802441287964
2024-10-30 14:30:00,27.11,trend_up,0.9182273385573261
2024-10-30 14:45:00,27.13,trend_up,0.9182273385573261
2024-10-30 15:00:00,27.04,trend_up,0.9162450753751263
2024-10-31 09:45:00,26.79,trend_up,0.39385542801168005
2024-10-31 10:00:00,26.67,trend_up,0.7939991758485883
2024-10-31 10:15:00,26.72,trend_up,0.5183425986193364
2024-10-31 10:30:00,26.75,range,0.6813037943603433
2024-10-31 10:45:00,26.83,range,0.6299592696573502
2024-10-31 11:00:00,26.81,range,0.8872046872473589
2024-10-31 11:15:00,26.87,range,0.7521371808182002
2024-10-31 11:30:00,26.76,range,0.700716910698857
2024-10-31 13:15:00,26.75,range,0.700716910698857
2024-10-31 13:30:00,26.73,range,0.4998880512009192
2024-10-31 13:45:00,26.78,range,0.700716910698857
2024-10-31 14:00:00,26.73,trend_down,0.641881695646907
2024-10-31 14:15:00,26.81,range,0.4998880512009192
2024-10-31 14:30:00,26.87,trend_up,0.5079855202092495
2024-10-31 14:45:00,27.36,trend_up,0.5611109815731622
2024-10-31 15:00:00,27.54,trend_up,0.8204744981771703
2024-11-01 09:45:00,26.99,trend_up,0.8204744981771703
2024-11-01 10:00:00,26.93,trend_up,0.9423709533776204
2024-11-01 10:15:00,26.39,reversal,0.726257703186067
2024-11-01 10:30:00,26.63,trend_down,0.8156601237330515
2024-11-01 10:45:00,26.72,trend_down,0.6073029387372603
2024-11-01 11:00:00,26.78,range,0.5542730275260896
2024-11-01 11:15:00,26.82,trend_down,0.8941029787259807
2024-11-01 11:30:00,26.94,trend_down,0.6073029387372603
2024-11-01 13:15:00,26.76,range,0.5542730275260896
2024-11-01 13:30:00,26.72,range,0.7638272540456548
2024-11-01 13:45:00,26.94,range,0.7638272540456548
2024-11-01 14:00:00,27.01,trend_up,0.6846371050174314
2024-11-01 14:15:00,27.0,trend_up,0.6846371050174314
2024-11-01 14:30:00,26.9,trend_up,0.6846371050174314
2024-11-01 14:45:00,26.82,range,0.7638272540456548
2024-11-01 15:00:00,26.7,range,0.7544736893571622
2024-11-04 09:45:00,27.06,trend_up,0.5736738136438655
2024-11-04 10:00:00,26.8,range,0.8071915136673933
2024-11-04 10:15:00,26.85,range,0.8891015305300419
2024-11-04 10:30:00,26.74,range,0.8780163445070504
2024-11-04 10:45:00,26.82,range,0.7638272540456548
2024-11-04 11:00:00,26.73,range,0.6170851789055269
2024-11-04 11:15:00,26.82,range,0.6683038589322503
2024-11-04 11:30:00,26.81,range,0.664060939026449
2024-11-04 13:15:00,26.69,range,0.6170851789055269
2024-11-04 13:30:00,26.59,range,0.6170851789055269
2024-11-04 13:45:00,26.55,range,0.5913082628701426
2024-11-04 14:00:00,26.67,range,0.5913082628701426
2024-11-04 14:15:00,26.77,range,0.8780163445070504
2024-11-04 14:30:00,26.69,range,0.8780163445070504
2024-11-04 14:45:00,26.73,range,0.907698005859044
2024-11-04 15:00:00,26.83,range,0.8076301088394207
2024-11-05 09:45:00,26.57,range,0.7882570544014608
2024-11-05 10:00:00,26.65,range,0.7965110756279783
2024-11-05 10:15:00,26.87,range,0.7722451375612671
2024-11-05 10:30:00,26.94,trend_up,0.5172092323919841
2024-11-05 10:45:00,26.73,range,0.7722451375612671
2024-11-05 11:00:00,26.7,range,0.8072668076257075
2024-11-05 11:15:00,26.78,range,0.7722451375612671
2024-11-05 11:30:00,26.81,range,0.5011696763574541
2024-11-05 13:15:00,26.97,trend_up,0.5142235258221132
2024-11-05 13:30:00,27.03,trend_up,0.7448637014848448
2024-11-05 13:45:00,26.98,trend_up,0.5860438556749826
2024-11-05 14:00:00,26.95,trend_up,0.5591100434898039
2024-11-05 14:15:00,26.9,trend_up,0.7124680888866436
2024-11-05 14:30:00,26.92,trend_up,0.5593734999415976
2024-11-05 14:45:00,26.91,trend_up,0.5593734999415976
2024-11-05 15:00:00,26.91,trend_up,0.5593734999415976
2024-11-06 09:45:00,26.99,trend_up,0.6917266385923895
2024-11-06 10:00:00,27.43,trend_up,0.6711131898342786
2024-11-06 10:15:00,27.21,trend_up,0.8063539114579813
2024-11-06 10:30:00,27.24,trend_up,0.9558414499823895
2024-11-06 10:45:00,27.15,trend_up,0.9569306208080132
2024-11-06 11:00:00,27.08,trend_up,0.9212211388208612
2024-11-06 11:15:00,26.75,trend_down,0.5784702925237408
2024-11-06 11:30:00,26.87,trend_down,0.7970122181324113
2024-11-06 13:15:00,26.71,trend_down,0.6073029387372603
2024-11-06 13:30:00,26.41,trend_down,0.5763995259693844
2024-11-06 13:45:00,26.61,trend_down,0.9237576965691361
2024-11-06 14:00:00,26.58,trend_down,0.900980090619673
2024-11-06 14:15:00,26.64,range,0.4910342603249249
2024-11-06 14:30:00,26.47,trend_down,0.707697177671514
2024-11-06 14:45:00,26.32,trend_down,0.9136317859586802
2024-11-06 15:00:00,26.27,trend_down,0.6516806989816127
2024-11-07 09:45:00,25.3,breakout_down,0.4452658905757582
2024-11-07 10:00:00,25.61,trend_down,0.9074700472430703
2024-11-07 10:15:00,25.84,trend_down,0.9679556215260039
2024-11-07 10:30:00,25.65,trend_down,0.9742323281814625
2024-11-07 10:45:00,25.65,trend_down,0.9254264981159408
2024-11-07 11:00:00,25.65,trend_down,0.8989257226588602
2024-11-07 11:15:00,25.66,trend_down,0.9230955164120815
2024-11-07 11:30:00,25.76,trend_down,0.9230955164120815
2024-11-07 13:15:00,25.77,trend_down,0.9742323281814625
2024-11-07 13:30:00,25.87,trend_down,0.9735686106763175
2024-11-07 13:45:00,25.81,trend_down,0.9212211388208612
2024-11-07 14:00:00,25.9,trend_down,0.8983132835346506
2024-11-07 14:15:00,25.85,trend_down,0.8983132835346506
2024-11-07 14:30:00,25.87,trend_down,0.8983132835346506
2024-11-07 14:45:00,25.96,trend_down,0.8952284811874971
2024-11-07 15:00:00,25.97,trend_down,0.8952284811874971
2024-11-08 09:45:00,26.57,trend_up,0.8144270115893723
2024-11-08 10:00:00,26.86,trend_up,0.8183169538160069
2024-11-08 10:15:00,26.81,trend_up,0.9526892231117793
2024-11-08 10:30:00,26.73,trend_up,0.8964466843873213
2024-11-08 10:45:00,26.35,trend_up,0.9558414499823895
2024-11-08 11:00:00,26.45,trend_up,0.9558414499823895
2024-11-08 11:15:00,26.38,trend_up,0.934401781259849
2024-11-08 11:30:00,26.29,trend_up,0.934401781259849
2024-11-08 13:15:00,26.26,trend_up,0.7939991758485883
2024-11-08 13:30:00,26.48,trend_up,0.8156601237330515
2024-11-08 13:45:00,26.45,trend_up,0.8123414493055849
2024-11-08 14:00:00,26.4,range,0.6299592696573502
2024-11-08 14:15:00,26.43,range,0.6299592696573502
2024-11-08 14:30:00,26.35,trend_up,0.5110918184132843
2024-11-08 14:45:00,26.27,range,0.8752594922767772
2024-11-08 15:00:00,26.34,range,0.7535994836059334
2024-11-11 09:45:00,26.42,range,0.5813666543680974
2024-11-11 10:00:00,26.36,range,0.7995050735526689
2024-11-11 10:15:00,26.32,range,0.7995050735526689
2024-11-11 10:30:00,26.26,range,0.8872046872473589
2024-11-11 10:45:00,26.11,trend_down,0.9255028683958013
2024-11-11 11:00:00,26.01,trend_down,0.7611633949823834
2024-11-11 11:15:00,25.98,trend_down,0.7611633949823834
2024-11-11 11:30:00,25.95,trend_down,0.8612978915360555
2024-11-11 13:15:00,26.05,trend_down,0.9742323281814625
2024-11-11 13:30:00,26.18,trend_down,0.9671310851438669
2024-11-11 13:45:00,26.04,trend_down,0.8927407182097999
2024-11-11 14:00:00,26.04,trend_down,0.8781908115835458
2024-11-11 14:15:00,26.07,trend_down,0.9052286302355669
2024-11-11 14:30:00,26.06,trend_down,0.9052286302355669
2024-11-11 14:45:00,26.11,trend_down,0.9187684356464907
2024-11-11 15:00:00,26.19,trend_down,0.6554353925269597
2024-11-12 09:45:00,26.57,trend_up,0.8123011141139402
2024-11-12 10:00:00,26.57,trend_up,0.9526892231117793
2024-11-12 10:15:00,26.32,trend_up,0.7174783664142402
2024-11-12 10:30:00,26.37,trend_up,0.9037099434649061
2024-11-12 10:45:00,26.22,trend_up,0.4702253666007526
2024-11-12 11:00:00,26.2,range,0.7482809570184261
2024-11-12 11:15:00,26.18,range,0.7482809570184261
2024-11-12 11:30:00,26.19,range,0.68742754267119
2024-11-12 13:15:00,26.38,trend_up,0.6554353925269597
2024-11-12 13:30:00,26.19,range,0.7535994836059334
2024-11-12 13:45:00,26.02,trend_down,0.7515552165366696
2024-11-12 14:00:00,26.09,trend_down,0.5628047618033173
2024-11-12 14:15:00,25.95,trend_down,0.6826739095759736
2024-11-12 14:30:00,25.85,trend_down,0.7035906648144485
2024-11-12 14:45:00,25.73,trend_down,0.8199929029941461
2024-11-12 15:00:00,25.97,trend_down,0.8459328944504696
2024-11-13 09:45:00,25.7,trend_down,0.8522763148966412
2024-11-13 10:00:00,25.62,trend_down,0.8540433404472647
2024-11-13 10:15:00,25.62,trend_down,0.4974544746931273
2024-11-13 10:30:00,25.46,trend_down,0.8471799711672638
2024-11-13 10:45:00,25.62,trend_down,0.5342219733554894
2024-11-13 11:00:00,25.77,trend_down,0.9592704627017886
2024-11-13 11:15:00,25.75,trend_down,0.8934098402710774
2024-11-13 11:30:00,25.73,trend_down,0.9212211388208612
2024-11-13 13:15:00,25.69,trend_down,0.9212211388208612
2024-11-13 13:30:00,25.73,trend_down,0.8983132835346506
2024-11-13 13:45:00,25.78,range,0.6440097607953776
2024-11-13 14:00:00,25.88,range,0.795484194260536
2024-11-13 14:15:00,25.89,range,0.795484194260536
2024-11-13 14:30:00,25.85,range,0.8738031437839128
2024-11-13 14:45:00,25.83,range,0.8738031437839128
2024-11-13 15:00:00,25.87,range,0.9070860827310898
2024-11-14 09:45:00,25.89,range,0.8862011044689261
2024-11-14 10:00:00,25.87,range,0.8042938818139167
2024-11-14 10:15:00,25.8,range,0.7172378895645664
2024-11-14 10:30:00,25.87,range,0.8580254413004866
2024-11-14 10:45:00,25.85,range,0.9009720138351598
2024-11-14 11:00:00,26.04,range,0.8580254413004866
2024-11-14 11:15:00,26.07,range,0.7240131848057194
2024-11-14 11:30:00,25.97,range,0.5429090606652273
2024-11-14 13:15:00,25.87,range,0.8600395340794738
2024-11-14 13:30:00,25.87,range,0.9014195498544553
2024-11-14 13:45:00,25.95,range,0.8600395340794738
2024-11-14 14:00:00,25.91,range,0.8600395340794738
2024-11-14 14:15:00,25.74,range,0.7240131848057194
2024-11-14 14:30:00,25.73,trend_down,0.6147361893689397
2024-11-14 14:45:00,25.66,trend_down,0.6201280370430439
2024-11-14 15:00:00,25.64,trend_down,0.6161014700187515
2024-11-15 09:45:00,25.37,trend_down,0.7443493825313643
2024-11-15 10:00:00,25.46,trend_down,0.7190912688692335
2024-11-15 10:15:00,25.55,trend_down,0.9421127839593577
2024-11-15 10:30:00,25.52,trend_down,0.9735686106763175
2024-11-15 10:45:00,25.46,trend_down,0.9680422957267861
2024-11-15 11:00:00,25.46,trend_down,0.8934098402710774
2024-11-15 11:15:00,25.32,trend_down,0.9735686106763175
2024-11-15 11:30:00,25.33,trend_down,0.9261119987479053
2024-11-15 13:15:00,25.54,trend_down,0.9653094962875512
2024-11-15 13:30:00,25.65,trend_up,0.5784702925237408
2024-11-15 13:45:00,25.61,trend_up,0.7970122181324113
2024-11-15 14:00:00,25.52,trend_down,0.5894533561033574
2024-11-15 14:15:00,25.51,trend_down,0.8754655967026245
2024-11-15 14:30:00,25.4,trend_down,0.8156601237330515
2024-11-15 14:45:00,25.35,trend_down,0.63984502046001
2024-11-15 15:00:00,25.29,trend_down,0.7177877360565809
2024-11-18 09:45:00,25.39,trend_down,0.8254404640396391
2024-11-18 10:00:00,25.5,range,0.4067138677211837
2024-11-18 10:15:00,25.57,range,0.7535994836059334
2024-11-18 10:30:00,25.63,range,0.5662926162526309
2024-11-18 10:45:00,25.5,range,0.8872046872473589
2024-11-18 11:00:00,25.56,range,0.8872046872473589
2024-11-18 11:15:00,25.48,range,0.8072668076257075
2024-11-18 11:30:00,25.56,range,0.8881710623963003
2024-11-18 13:15:00,25.57,range,0.8881710623963003
2024-11-18 13:30:00,25.54,range,0.9075020440909478
2024-11-18 13:45:00,25.46,range,0.7722451375612671
2024-11-18 14:00:00,25.3,range,0.5011696763574541
2024-11-18 14:15:00,25.18,trend_down,0.6975249768020214
2024-11-18 14:30:00,25.21,trend_down,0.6359685894540297
2024-11-18 14:45:00,25.14,trend_down,0.7029048452034654
2024-11-18 15:00:00,25.16,trend_down,0.8820241035008868
2024-11-19 09:45:00,25.4,trend_down,0.6554353925269597
2024-11-19 10:00:00,25.49,range,0.4463221082749991
2024-11-19 10:15:00,25.51,trend_up,0.6554353925269597
2024-11-19 10:30:00,25.47,range,0.566292616252631
2024-11-19 10:45:00,25.38,trend_down,0.6412619597296555
2024-11-19 11:00:00,25.5,range,0.8034067673847938
2024-11-19 11:15:00,25.51,range,0.8881710623963003
2024-11-19 11:30:00,25.56,range,0.8766633165993692
2024-11-19 13:15:00,25.43,range,0.7587811733891006
2024-11-19 13:30:00,25.49,range,0.8766633165993692
2024-11-19 13:45:00,25.35,range,0.7587811733891006
2024-11-19 14:00:00,25.42,trend_down,0.6901246879786478
2024-11-19 14:15:00,25.47,range,0.7587811733891006
2024-11-19 14:30:00,25.55,range,0.7587811733891006
2024-11-19 14:45:00,25.5,range,0.7858972588653791
2024-11-19 15:00:00,25.58,range,0.8881710623963003
2024-11-20 09:45:00,25.48,trend_up,0.4575409025288313
2024-11-20 10:00:00,25.3,range,0.6914145925110778
2024-11-20 10:15:00,25.3,range,0.503616096073202
2024-11-20 10:30:00,25.22,range,0.5035202058056177
2024-11-20 10:45:00,25.2,trend_down,0.5544243586842303
2024-11-20 11:00:00,25.33,trend_down,0.5570089209018335
2024-11-20 11:15:00,25.25,trend_down,0.5570089209018335
2024-11-20 11:30:00,25.36,trend_down,0.6463336002171052
2024-11-20 13:15:00,25.38,range,0.535507961565993
2024-11-20 13:30:00,25.37,range,0.7722451375612671
2024-11-20 13:45:00,25.28,trend_down,0.6359685894540297
2024-11-20 14:00:00,25.27,trend_down,0.49531233898561716
2024-11-20 14:15:00,25.25,trend_down,0.551160654911573
2024-11-20 14:30:00,25.33,range,0.5216441438981175
2024-11-20 14:45:00,25.31,trend_down,0.5049421497994605
2024-11-20 15:00:00,25.35,range,0.8072668076257075
2024-11-21 09:45:00,25.31,range,0.7863367821971079
2024-11-21 10:00:00,25.25,range,0.7863367821971079
2024-11-21 10:15:00,25.37,range,0.8960555700076558
2024-11-21 10:30:00,25.49,range,0.8953960049953154
2024-11-21 10:45:00,25.48,range,0.7809057648076925
2024-11-21 11:00:00,25.46,range,0.9088724338911096
2024-11-21 11:15:00,25.43,range,0.6671987597552126
2024-11-21 11:30:00,25.4,range,0.6671987597552126
2024-11-21 13:15:00,25.41,range,0.6671987597552126
2024-11-21 13:30:00,25.38,range,0.9072981748131455
2024-11-21 13:45:00,25.4,range,0.8872046872473589
2024-11-21 14:00:00,25.36,range,0.8872046872473589
2024-11-21 14:15:00,25.28,range,0.5531899062912515
2024-11-21 14:30:00,25.33,trend_down,0.5534757380526303
2024-11-21 14:45:00,25.3,range,0.5531899062912515
2024-11-21 15:00:00,25.36,range,0.5049031794764315
2024-11-22 09:45:00,25.24,trend_down,0.5349396711305817
2024-11-22 10:00:00,25.18,trend_down,0.6247202376984093
2024-11-22 10:15:00,25.14,trend_down,0.6206473300424716
2024-11-22 10:30:00,25.15,trend_down,0.839819787592871
2024-11-22 10:45:00,25.14,trend_down,0.8985765491830685
2024-11-22 11:00:00,25.13,trend_down,0.8995701894473405
2024-11-22 11:15:00,25.26,trend_down,0.9603701744438654
2024-11-22 11:30:00,25.12,trend_down,0.9513612180331552
2024-11-22 13:15:00,25.01,trend_down,0.8528484063173296
2024-11-22 13:30:00,24.98,trend_down,0.6008592647342702
2024-11-22 13:45:00,24.95,trend_down,0.8808754331114961
2024-11-22 14:00:00,25.04,trend_down,0.8934098402710774
2024-11-22 14:15:00,24.8,trend_down,0.7416928989032525
2024-11-22 14:30:00,24.84,trend_down,0.5293985367695945
2024-11-22 14:45:00,24.63,trend_down,0.5293985367695945
2024-11-22 15:00:00,24.57,trend_down,0.9569306208080132
2024-11-25 09:45:00,24.66,trend_down,0.5293985367695945
2024-11-25 10:00:00,24.42,trend_down,0.8264601616968841
2024-11-25 10:15:00,24.47,trend_down,0.9742323281814625
2024-11-25 10:30:00,24.57,trend_down,0.9696978493388541
2024-11-25 10:45:00,24.56,trend_down,0.968840342841616
2024-11-25 11:00:00,24.69,trend_down,0.9680422957267861
2024-11-25 11:15:00,24.65,trend_down,0.9230955164120815
2024-11-25 11:30:00,24.62,trend_down,0.9735686106763175
2024-11-25 13:15:00,24.66,trend_down,0.9653094962875512
2024-11-25 13:30:00,24.58,trend_down,0.9162450753751263
2024-11-25 13:45:00,24.55,trend_down,0.9735686106763175
2024-11-25 14:00:00,24.52,trend_down,0.9735686106763175
2024-11-25 14:15:00,24.44,trend_down,0.9162450753751263
2024-11-25 14:30:00,24.51,trend_down,0.9735686106763175
2024-11-25 14:45:00,24.64,trend_down,0.9200970289289416
2024-11-25 15:00:00,24.67,range,0.4998880512009192
2024-11-26 09:45:00,24.45,trend_down,0.6454651381221237
2024-11-26 10:00:00,24.83,trend_down,0.4716510399169881
2024-11-26 10:15:00,24.98,trend_up,0.6950858822825088
2024-11-26 10:30:00,25.02,trend_up,0.9015062663814333
2024-11-26 10:45:00,25.12,trend_up,0.7071502087268331
2024-11-26 11:00:00,25.1,trend_up,0.74429590927734
2024-11-26 11:15:00,25.24,trend_up,0.787580399743369
2024-11-26 11:30:00,25.31,trend_up,0.9526892231117793
2024-11-26 13:15:00,25.18,trend_up,0.934401781259849
2024-11-26 13:30:00,25.2,trend_up,0.8414240059105436
2024-11-26 13:45:00,25.03,trend_up,0.8976590831882497
2024-11-26 14:00:00,24.92,range,0.4463221082749991
2024-11-26 14:15:00,24.97,range,0.4463221082749991
2024-11-26 14:30:00,24.91,range,0.4463221082749991
2024-11-26 14:45:00,24.9,trend_down,0.9096603708933312
2024-11-26 15:00:00,24.92,range,0.6299592696573502
2024-11-27 09:45:00,24.9,trend_down,0.5894533561033574
2024-11-27 10:00:00,24.89,trend_down,0.8155130958834124
2024-11-27 10:15:00,24.96,trend_down,0.5183425986193364
2024-11-27 10:30:00,25.16,range,0.6299592696573502
2024-11-27 10:45:00,25.32,trend_up,0.5182498481931086
2024-11-27 11:00:00,25.2,trend_up,0.7076722902715623
2024-11-27 11:15:00,25.06,trend_up,0.5239737120696346
2024-11-27 11:30:00,25.15,trend_up,0.6974420134051905
2024-11-27 13:15:00,25.41,trend_up,0.688656700053304
2024-11-27 13:30:00,25.37,trend_up,0.5591100434898039
2024-11-27 13:45:00,25.52,trend_up,0.7857305119689594
2024-11-27 14:00:00,25.48,trend_up,0.7124592383610923
2024-11-27 14:15:00,25.63,trend_up,0.6364985359561892
2024-11-27 14:30:00,25.67,trend_up,0.6372585403282437
2024-11-27 14:45:00,25.68,trend_up,0.9230955164120815
2024-11-27 15:00:00,25.75,trend_up,0.8905993395434422
2024-11-28 09:45:00,25.49,trend_up,0.6312008606191041
2024-11-28 10:00:00,25.39,trend_up,0.9735686106763175
2024-11-28 10:15:00,25.45,trend_down,0.8827596709537892
2024-11-28 10:30:00,25.43,trend_down,0.7119282201741393
2024-11-28 10:45:00,25.37,trend_down,0.6032138335566802
2024-11-28 11:00:00,25.38,trend_down,0.6032138335566802
2024-11-28 11:15:00,25.39,trend_down,0.6676344334317177
2024-11-28 11:30:00,25.4,range,0.7913419492900049
2024-11-28 13:15:00,25.44,trend_up,0.6032138335566802
2024-11-28 13:30:00,25.45,trend_up,0.5142803300338894
2024-11-28 13:45:00,25.5,trend_up,0.7010959321612099
2024-11-28 14:00:00,25.54,trend_up,0.7563838706517835
2024-11-28 14:15:00,25.51,trend_up,0.5210372069591409
2024-11-28 14:30:00,25.44,range,0.6440097607953776
2024-11-28 14:45:00,25.36,range,0.795484194260536
2024-11-28 15:00:00,25.37,range,0.6299592696573502
2024-11-29 09:45:00,25.42,reversal,0.4403003643114023
2024-11-29 10:00:00,25.35,range,0.8574801250532698
2024-11-29 10:15:00,25.54,range,0.7236312716548263
2024-11-29 10:30:00,25.45,range,0.7960741648574148
2024-11-29 10:45:00,25.36,range,0.861983580007161
2024-11-29 11:00:00,25.55,range,0.7272474280313435
2024-11-29 11:15:00,25.56,range,0.6341739504397705
2024-11-29 11:30:00,25.66,trend_up,0.4997281972594338
2024-11-29 13:15:00,25.72,trend_up,0.6434061807053494
2024-11-29 13:30:00,25.74,trend_up,0.8096764468495843
2024-11-29 13:45:00,25.76,trend_up,0.9286505123722527
2024-11-29 14:00:00,25.75,trend_up,0.8147582894121508
2024-11-29 14:15:00,25.64,trend_up,0.9403025693492182
2024-11-29 14:30:00,25.68,trend_up,0.7624714097997891
2024-11-29 14:45:00,25.69,trend_up,0.7624714097997891
2024-11-29 15:00:00,25.69,trend_up,0.7624714097997891
2024-12-02 09:45:00,25.37,breakout_down,0.46942313341343084
2024-12-02 10:00:00,25.48,trend_down,0.8201403525602478
2024-12-02 10:15:00,25.48,trend_down,0.6997607413676242
2024-12-02 10:30:00,25.33,trend_down,0.9058461351597149
2024-12-02 10:45:00,25.37,trend_down,0.8363153191535418
2024-12-02 11:00:00,25.44,trend_down,0.9239053855896278
2024-12-02 11:15:00,25.56,trend_down,0.8585837581824726
2024-12-02 11:30:00,25.71,trend_up,0.8840769116367145
2024-12-02 13:15:00,25.56,trend_up,0.6735886903367564
2024-12-02 13:30:00,25.49,trend_down,0.48252482198700597
2024-12-02 13:45:00,25.51,range,0.6805761434856741
2024-12-02 14:00:00,25.55,range,0.6805761434856741
2024-12-02 14:15:00,25.37,trend_down,0.4764065730541286
2024-12-02 14:30:00,25.32,range,0.47633243362523947
2024-12-02 14:45:00,25.4,range,0.6805761434856741
2024-12-02 15:00:00,25.46,range,0.68742754267119
2024-12-03 09:45:00,25.57,reversal,0.49671072958210505
2024-12-03 10:00:00,25.64,trend_up,0.6615824891304735
2024-12-03 10:15:00,25.58,trend_up,0.7010959321612099
2024-12-03 10:30:00,25.56,range,0.4962490207082196
2024-12-03 10:45:00,25.41,range,0.6299592696573502
2024-12-03 11:00:00,25.34,range,0.810076439693821
2024-12-03 11:15:00,25.36,range,0.8068890267785982
2024-12-03 11:30:00,25.35,range,0.8072668076257075
2024-12-03 13:15:00,25.52,range,0.8966901890453052
2024-12-03 13:30:00,25.49,range,0.8891015305300419
2024-12-03 13:45:00,25.4,range,0.907698005859044
2024-12-03 14:00:00,25.46,range,0.907698005859044
2024-12-03 14:15:00,25.45,range,0.8891015305300419
2024-12-03 14:30:00,25.53,range,0.7738946113840957
2024-12-03 14:45:00,25.48,range,0.8076301088394207
2024-12-03 15:00:00,25.49,range,0.8105769839318411
2024-12-04 09:45:00,25.32,range,0.8966901890453052
2024-12-04 10:00:00,25.2,trend_down,0.4956078535040964
2024-12-04 10:15:00,25.29,trend_down,0.6359685894540297
2024-12-04 10:30:00,25.22,trend_down,0.533227573154796
2024-12-04 10:45:00,25.31,trend_down,0.6923523892331434
2024-12-04 11:00:00,25.38,range,0.6431739756886395
2024-12-04 11:15:00,25.51,range,0.7722451375612671
2024-12-04 11:30:00,25.48,range,0.7722451375612671
2024-12-04 13:15:00,25.21,range,0.46034280339655637
2024-12-04 13:30:00,25.1,trend_down,0.6268665679451039
2024-12-04 13:45:00,25.09,trend_down,0.5628047618033173
2024-12-04 14:00:00,25.08,trend_down,0.7378201178256707
2024-12-04 14:15:00,25.08,trend_down,0.9415711170401416
2024-12-04 14:30:00,25.0,trend_down,0.7832082154617083
2024-12-04 14:45:00,24.96,trend_down,0.4702664568284098
2024-12-04 15:00:00,25.08,trend_down,0.9187684356464907
2024-12-05 09:45:00,24.97,trend_down,0.7849898404776505
2024-12-05 10:00:00,24.64,trend_down,0.8225765820481383
2024-12-05 10:15:00,24.57,trend_down,0.4850766622556711
2024-12-05 10:30:00,24.5,trend_down,0.5353414024884853
2024-12-05 10:45:00,24.64,trend_down,0.9742323281814625
2024-12-05 11:00:00,24.72,trend_down,0.9254264981159408
2024-12-05 11:15:00,24.62,trend_down,0.968840342841616
2024-12-05 11:30:00,24.64,trend_down,0.9230955164120815
2024-12-05 13:15:00,24.6,trend_down,0.9230955164120815
2024-12-05 13:30:00,24.64,trend_down,0.9230955164120815
2024-12-05 13:45:00,24.62,trend_down,0.9230955164120815
2024-12-05 14:00:00,24.63,trend_down,0.9212211388208612
2024-12-05 14:15:00,24.55,trend_down,0.9187684356464907
2024-12-05 14:30:00,24.56,trend_down,0.9204558658492991
2024-12-05 14:45:00,24.59,trend_down,0.9187684356464907
2024-12-05 15:00:00,24.66,trend_down,0.6980736040839369
2024-12-06 09:45:00,24.71,trend_down,0.8827596709537892
2024-12-06 10:00:00,24.76,trend_up,0.5739474073462888
2024-12-06 10:15:00,24.76,trend_up,0.5739474073462888
2024-12-06 10:30:00,24.77,range,0.8335407204208519
2024-12-06 10:45:00,24.82,range,0.6289200282351567
2024-12-06 11:00:00,24.75,range,0.6210429185113224
2024-12-06 11:15:00,24.84,range,0.6210429185113224
2024-12-06 11:30:00,24.88,range,0.8580254413004866
2024-12-06 13:15:00,24.83,range,0.8335407204208519
2024-12-06 13:30:00,24.79,range,0.8335407204208519
2024-12-06 13:45:00,24.81,trend_up,0.7656634859672273
2024-12-06 14:00:00,24.87,trend_up,0.9096603708933312
2024-12-06 14:15:00,24.99,trend_up,0.7249164009497114
2024-12-06 14:30:00,24.93,trend_up,0.9526892231117793
2024-12-06 14:45:00,24.89,trend_up,0.8989569418665566
2024-12-06 15:00:00,24.92,trend_up,0.8705313301600581
2024-12-09 09:45:00,24.9,trend_up,0.9470025662049734
2024-12-09 10:00:00,24.8,trend_up,0.7159611718510721
2024-12-09 10:15:00,24.99,trend_up,0.7159611718510721
2024-12-09 10:30:00,24.95,trend_up,0.5954143118264487
2024-12-09 10:45:00,25.0,trend_up,0.7212972039041727
2024-12-09 11:00:00,25.1,trend_up,0.7212972039041727
2024-12-09 11:15:00,25.03,trend_up,0.7025988867267614
2024-12-09 11:30:00,24.89,trend_up,0.5415660544584266
2024-12-09 13:15:00,25.02,trend_up,0.5415660544584266
2024-12-09 13:30:00,25.04,range,0.8851589731971736
2024-12-09 13:45:00,25.06,range,0.7870762248465117
2024-12-09 14:00:00,25.04,range,0.7870762248465117
2024-12-09 14:15:00,25.01,range,0.6077386527835211
2024-12-09 14:30:00,25.03,range,0.6077386527835211
2024-12-09 14:45:00,25.09,range,0.49367613118705433
2024-12-09 15:00:00,25.03,trend_up,0.5758689156497017
2024-12-10 09:45:00,25.45,trend_up,0.5897012945724474
2024-12-10 10:00:00,25.36,trend_up,0.8372056939489608
2024-12-10 10:15:00,25.43,trend_up,0.8372056939489608
2024-12-10 10:30:00,25.52,trend_up,0.8372056939489608
2024-12-10 10:45:00,25.46,trend_up,0.9452333998711213
2024-12-10 11:00:00,25.39,trend_up,0.9254264981159408
2024-12-10 11:15:00,25.46,trend_up,0.8989257226588602
2024-12-10 11:30:00,25.5,trend_up,0.8989257226588602
2024-12-10 13:15:00,25.61,trend_up,0.9339013390805402
2024-12-10 13:30:00,25.59,trend_up,0.8989257226588602
2024-12-10 13:45:00,25.55,trend_up,0.968840342841616
2024-12-10 14:00:00,25.52,trend_up,0.968840342841616
2024-12-10 14:15:00,25.49,trend_up,0.8958711337427966
2024-12-10 14:30:00,25.55,trend_up,0.968840342841616
2024-12-10 14:45:00,25.49,trend_up,0.8596638413505254
2024-12-10 15:00:00,25.53,trend_up,0.8902144987503774
2024-12-11 09:45:00,25.39,breakout_up,0.6923303623467053
2024-12-11 10:00:00,25.36,trend_down,0.8156601237330515
2024-12-11 10:15:00,25.36,trend_down,0.8156601237330515
2024-12-11 10:30:00,25.44,trend_up,0.5954143118264487
2024-12-11 10:45:00,25.45,trend_up,0.5954143118264487
2024-12-11 11:00:00,25.4,trend_up,0.532727735048976
2024-12-11 11:15:00,25.5,trend_up,0.8489039039438464
2024-12-11 11:30:00,25.45,trend_up,0.7611910281167401
2024-12-11 13:15:00,25.39,range,0.5521940070910744
2024-12-11 13:30:00,25.39,range,0.7419692446177366
2024-12-11 13:45:00,25.36,range,0.7392109578784413
2024-12-11 14:00:00,25.45,trend_up,0.717477468649036
2024-12-11 14:15:00,25.41,range,0.7419692446177366
2024-12-11 14:30:00,25.45,trend_up,0.5209065123849376
2024-12-11 14:45:00,25.45,trend_up,0.5209065123849376
2024-12-11 15:00:00,25.48,trend_up,0.5724497672398727
2024-12-12 09:45:00,25.33,range,0.5376925074681689
2024-12-12 10:00:00,25.29,range,0.5376925074681689
2024-12-12 10:15:00,25.36,range,0.5996123652525419
2024-12-12 10:30:00,25.35,range,0.7610242443377552
2024-12-12 10:45:00,25.3,trend_down,0.5536091423308571
2024-12-12 11:00:00,25.22,trend_down,0.5520143424381637
2024-12-12 11:15:00,25.29,trend_down,0.6227243666805986
2024-12-12 11:30:00,25.37,range,0.7196045576312198
2024-12-12 13:15:00,25.36,range,0.7735182268033269
2024-12-12 13:30:00,25.41,range,0.8817872619998535
2024-12-12 13:45:00,25.38,range,0.867416396323043
2024-12-12 14:00:00,25.38,range,0.8047625015245079
2024-12-12 14:15:00,25.42,range,0.805221542066969
2024-12-12 14:30:00,25.44,trend_up,0.5091561254747595
2024-12-12 14:45:00,25.42,trend_up,0.4965709995888522
2024-12-12 15:00:00,25.43,trend_up,0.46884277399941277
2024-12-13 09:45:00,25.45,trend_up,0.554141710217014
2024-12-13 10:00:00,25.13,range,0.5478338510314654
2024-12-13 10:15:00,24.99,breakout_down,0.5636387238457754
2024-12-13 10:30:00,24.93,trend_down,0.8003740218076941
2024-12-13 10:45:00,24.98,trend_down,0.9287205086326954
2024-12-13 11:00:00,24.97,trend_down,0.9254264981159408
2024-12-13 11:15:00,24.92,trend_down,0.8264601616968841
2024-12-13 11:30:00,24.89,trend_down,0.539313794585776
2024-12-13 13:15:00,24.89,trend_down,0.968840342841616
2024-12-13 13:30:00,24.99,trend_down,0.968840342841616
2024-12-13 13:45:00,24.98,trend_down,0.8927407182097999
2024-12-13 14:00:00,25.0,trend_down,0.9742323281814625
2024-12-13 14:15:00,25.02,trend_down,0.9735686106763175
2024-12-13 14:30:00,24.93,trend_down,0.9742323281814625
2024-12-13 14:45:00,24.86,trend_down,0.9742323281814625
2024-12-13 15:00:00,24.88,trend_down,0.9206961464705191
2024-12-16 09:45:00,24.77,trend_down,0.8095860766376309
2024-12-16 10:00:00,24.82,trend_down,0.9679511336517824
2024-12-16 10:15:00,24.76,trend_down,0.8219355018305541
2024-12-16 10:30:00,24.7,trend_down,0.8219355018305541
2024-12-16 10:45:00,24.59,trend_down,0.5384873087544113
2024-12-16 11:00:00,24.59,trend_down,0.6504743209313293
2024-12-16 11:15:00,24.59,trend_down,0.8895342149017359
2024-12-16 11:30:00,24.62,trend_down,0.8895342149017359
2024-12-16 13:15:00,24.69,trend_down,0.8895342149017359
2024-12-16 13:30:00,24.62,trend_down,0.9182273385573261
2024-12-16 13:45:00,24.63,trend_down,0.9182273385573261
2024-12-16 14:00:00,24.69,trend_down,0.9653094962875512
2024-12-16 14:15:00,24.64,trend_down,0.9136500667948829
2024-12-16 14:30:00,24.69,trend_down,0.9653094962875512
2024-12-16 14:45:00,24.62,trend_down,0.9652070575927774
2024-12-16 15:00:00,24.68,trend_down,0.9544574003068366
2024-12-17 09:45:00,24.86,trend_up,0.7275557528240248
2024-12-17 10:00:00,24.93,trend_up,0.8941029787259807
2024-12-17 10:15:00,25.15,trend_up,0.5256026693431192
2024-12-17 10:30:00,25.06,trend_up,0.8105915465586094
2024-12-17 10:45:00,24.98,trend_up,0.9526892231117793
2024-12-17 11:00:00,24.9,trend_up,0.9526892231117793
2024-12-17 11:15:00,24.85,trend_up,0.9526892231117793
2024-12-17 11:30:00,24.85,trend_up,0.8639326827781951
2024-12-17 13:15:00,24.79,trend_up,0.9096603708933312
2024-12-17 13:30:00,24.9,trend_up,0.6073029387372603
2024-12-17 13:45:00,24.82,trend_up,0.6073029387372603
2024-12-17 14:00:00,24.73,trend_up,0.6073029387372603
2024-12-17 14:15:00,24.69,trend_down,0.9025533180197977
2024-12-17 14:30:00,24.7,trend_down,0.797651098358285
2024-12-17 14:45:00,24.69,trend_down,0.7510017898309987
2024-12-17 15:00:00,24.69,trend_down,0.5626338737677908
2024-12-18 09:45:00,24.93,range,0.6498108345124656
2024-12-18 10:00:00,24.94,range,0.8034067673847938
2024-12-18 10:15:00,24.81,range,0.8034067673847938
2024-12-18 10:30:00,24.96,range,0.8034067673847938
2024-12-18 10:45:00,25.0,range,0.8034067673847938
2024-12-18 11:00:00,25.0,range,0.7722451375612671
2024-12-18 11:15:00,24.94,range,0.8881710623963003
2024-12-18 11:30:00,24.93,range,0.6148610574654111
2024-12-18 13:15:00,24.95,range,0.6170851789055269
2024-12-18 13:30:00,25.05,trend_up,0.658930331724969
2024-12-18 13:45:00,25.03,trend_up,0.808111438353901
2024-12-18 14:00:00,25.04,trend_up,0.8968911483091
2024-12-18 14:15:00,25.04,trend_up,0.7656634859672273
2024-12-18 14:30:00,25.01,trend_up,0.8924256327184921
2024-12-18 14:45:00,24.93,trend_up,0.5739474073462888
2024-12-18 15:00:00,24.95,range,0.5367232051589758
2024-12-19 09:45:00,24.78,trend_down,0.5442715107740077
2024-12-19 10:00:00,24.9,trend_down,0.7970122181324113
2024-12-19 10:15:00,24.75,trend_down,0.9355279931890701
2024-12-19 10:30:00,24.7,trend_down,0.8808754331114961
2024-12-19 10:45:00,24.72,trend_down,0.878459223905384
2024-12-19 11:00:00,24.66,trend_down,0.9072718521831746
2024-12-19 11:15:00,24.67,trend_down,0.5996976465098526
2024-12-19 11:30:00,24.71,trend_down,0.8965282913525047
2024-12-19 13:15:00,24.85,trend_down,0.6032138335566802
2024-12-19 13:30:00,24.93,trend_down,0.532727735048976
2024-12-19 13:45:00,24.97,range,0.6049488934198607
2024-12-19 14:00:00,24.93,range,0.6720283126002974
2024-12-19 14:15:00,24.92,trend_up,0.5356352519973492
2024-12-19 14:30:00,24.98,trend_up,0.7159611718510721
2024-12-19 14:45:00,24.96,trend_up,0.7707603053954855
2024-12-19 15:00:00,24.93,trend_up,0.5239737120696346
2024-12-20 09:45:00,24.76,range,0.42664829619252953
2024-12-20 10:00:00,24.8,trend_down,0.6741413246130571
2024-12-20 10:15:00,24.82,trend_down,0.5628047618033173
2024-12-20 10:30:00,24.78,trend_down,0.5110918184132843
2024-12-20 10:45:00,24.79,trend_down,0.5894239004896421
2024-12-20 11:00:00,24.79,trend_down,0.7075252337545701
2024-12-20 11:15:00,24.81,trend_down,0.5570089209018335
2024-12-20 11:30:00,24.81,trend_down,0.5570089209018335
2024-12-20 13:15:00,24.81,trend_down,0.5570089209018335
2024-12-20 13:30:00,24.77,trend_down,0.5570089209018335
2024-12-20 13:45:00,24.72,trend_down,0.6446461407956842
2024-12-20 14:00:00,24.71,trend_down,0.7918050138911845
2024-12-20 14:15:00,24.67,trend_down,0.8715821182867544
2024-12-20 14:30:00,24.61,trend_down,0.8559386411128228
2024-12-20 14:45:00,24.63,trend_down,0.7122263879303621
2024-12-20 15:00:00,24.64,trend_down,0.9162450753751263
2024-12-23 09:45:00,24.8,trend_down,0.5366100519903155
2024-12-23 10:00:00,24.75,trend_down,0.5529036999713479
2024-12-23 10:15:00,24.66,trend_down,0.8452061671728198
2024-12-23 10:30:00,24.63,trend_down,0.8784592239053839
2024-12-23 10:45:00,24.67,trend_down,0.6444135550300908
2024-12-23 11:00:00,24.64,trend_down,0.6241183562746762
2024-12-23 11:15:00,24.6,trend_down,0.5461109324226264
2024-12-23 11:30:00,24.58,trend_down,0.6738534638853216
2024-12-23 13:15:00,24.57,trend_down,0.6738534638853216
2024-12-23 13:30:00,24.55,trend_down,0.5989084773786837
2024-12-23 13:45:00,24.51,trend_down,0.6198849698612905
2024-12-23 14:00:00,24.5,trend_down,0.7274146089053374
2024-12-23 14:15:00,24.42,trend_down,0.5287393834049715
2024-12-23 14:30:00,24.37,trend_down,0.5065579807357767
2024-12-23 14:45:00,24.36,trend_down,0.8683222378913141
2024-12-23 15:00:00,24.33,trend_down,0.6834988453307118
2024-12-24 09:45:00,24.64,trend_down,0.4500514853469928
2024-12-24 10:00:00,24.55,range,0.5099475599369951
2024-12-24 10:15:00,24.57,range,0.5189241709150464
2024-12-24 10:30:00,24.52,range,0.5189241709150464
2024-12-24 10:45:00,24.43,trend_down,0.8036700552552861
2024-12-24 11:00:00,24.42,trend_down,0.6876217229161292
2024-12-24 11:15:00,24.46,trend_down,0.5894533561033574
2024-12-24 11:30:00,24.54,range,0.8335407204208519
2024-12-24 13:15:00,24.46,range,0.6813037943603433
2024-12-24 13:30:00,24.49,range,0.8872046872473589
2024-12-24 13:45:00,24.6,range,0.8953960049953154
2024-12-24 14:00:00,24.59,range,0.8960555700076558
2024-12-24 14:15:00,24.54,range,0.9091523182718814
2024-12-24 14:30:00,24.58,range,0.9091523182718814
2024-12-24 14:45:00,24.66,range,0.6340762323724056
2024-12-24 15:00:00,24.74,trend_up,0.6560496614403774
2024-12-25 09:45:00,24.56,reversal,0.48201839130937846
2024-12-25 10:00:00,24.69,trend_up,0.45134527247218387
2024-12-25 10:15:00,24.68,range,0.7071529133931204
2024-12-25 10:30:00,24.52,range,0.7638272540456548
2024-12-25 10:45:00,24.45,range,0.5949005364052775
2024-12-25 11:00:00,24.41,trend_down,0.5545577042650239
2024-12-25 11:15:00,24.38,trend_down,0.5545577042650239
2024-12-25 11:30:00,24.39,trend_down,0.5599915953733177
2024-12-25 13:15:00,24.42,trend_down,0.7075252337545701
2024-12-25 13:30:00,24.51,trend_down,0.6463336002171052
2024-12-25 13:45:00,24.52,range,0.6356567985997432
2024-12-25 14:00:00,24.54,range,0.7722451375612671
2024-12-25 14:15:00,24.5,range,0.7587811733891006
2024-12-25 14:30:00,24.53,range,0.7587811733891006
2024-12-25 14:45:00,24.56,range,0.7587811733891006
2024-12-25 15:00:00,24.59,range,0.8766633165993692
2024-12-26 09:45:00,24.7,range,0.6498108345124656
2024-12-26 10:00:00,24.72,range,0.5011696763574541
2024-12-26 10:15:00,24.74,trend_up,0.7095807333185014
2024-12-26 10:30:00,24.83,trend_up,0.8286426797787365
2024-12-26 10:45:00,24.75,trend_up,0.9096603708933312
2024-12-26 11:00:00,24.92,trend_up,0.895572857015637
2024-12-26 11:15:00,24.97,trend_up,0.9310376619313472
2024-12-26 11:30:00,24.93,trend_up,0.5146495703395934
2024-12-26 13:15:00,24.85,trend_up,0.9254264981159408
2024-12-26 13:30:00,24.91,trend_up,0.9742323281814625
2024-12-26 13:45:00,24.94,trend_up,0.8989257226588602
2024-12-26 14:00:00,24.87,trend_up,0.968840342841616
2024-12-26 14:15:00,24.94,trend_up,0.9230955164120815
2024-12-26 14:30:00,24.94,trend_up,0.9230955164120815
2024-12-26 14:45:00,24.91,trend_up,0.9230955164120815
2024-12-26 15:00:00,24.9,trend_up,0.9230955164120815
2024-12-27 09:45:00,24.79,trend_up,0.5442715107740077
2024-12-27 10:00:00,24.88,trend_up,0.7970122181324113
2024-12-27 10:15:00,24.86,trend_down,0.5784702925237408
2024-12-27 10:30:00,24.96,trend_up,0.5255368726491012
2024-12-27 10:45:00,25.14,trend_up,0.8499605516562851
2024-12-27 11:00:00,25.04,trend_up,0.850879287182741
2024-12-27 11:15:00,25.14,trend_up,0.9053335040930582
2024-12-27 11:30:00,25.06,trend_up,0.9254264981159408
2024-12-27 13:15:00,25.09,trend_up,0.9230955164120815
2024-12-27 13:30:00,25.11,trend_up,0.772069769738
2024-12-27 13:45:00,25.07,trend_up,0.8192822453641552
2024-12-27 14:00:00,25.03,trend_up,0.7639905614354506
2024-12-27 14:15:00,24.89,trend_down,0.4639852444248265
2024-12-27 14:30:00,24.91,range,0.49209851201904514
2024-12-27 14:45:00,24.92,range,0.566292616252631
2024-12-27 15:00:00,24.92,range,0.566292616252631
2024-12-30 09:45:00,24.86,trend_down,0.6724790551027678
2024-12-30 10:00:00,25.03,trend_up,0.4743077528822412
2024-12-30 10:15:00,25.02,trend_up,0.7378201178256707
2024-12-30 10:30:00,25.08,range,0.5662926162526309
2024-12-30 10:45:00,25.06,trend_up,0.8493096640531225
2024-12-30 11:00:00,25.13,trend_up,0.9187684356464907
2024-12-30 11:15:00,25.09,trend_up,0.5593734999415976
2024-12-30 11:30:00,24.98,range,0.7535994836059334
2024-12-30 13:15:00,24.96,range,0.7535994836059334
2024-12-30 13:30:00,25.01,range,0.8766633165993692
2024-12-30 13:45:00,25.04,range,0.5731823569743637
2024-12-30 14:00:00,25.09,range,0.5035202058056177
2024-12-30 14:15:00,25.08,range,0.7738946113840957
2024-12-30 14:30:00,25.06,range,0.5543668809139047
2024-12-30 14:45:00,25.03,range,0.788532315932384
2024-12-30 15:00:00,24.98,range,0.8891015305300419
2024-12-31 09:45:00,24.83,range,0.7976161822689268
2024-12-31 10:00:00,25.02,range,0.7810184142131437
2024-12-31 10:15:00,25.14,range,0.6914145925110778
2024-12-31 10:30:00,25.09,range,0.5625029901970459
2024-12-31 10:45:00,25.13,range,0.4658276207823905
2024-12-31 11:00:00,24.96,range,0.8881710623963003
2024-12-31 11:15:00,24.87,range,0.7722451375612671
2024-12-31 11:30:00,24.88,range,0.7535994836059334
2024-12-31 13:15:00,24.86,range,0.7535994836059334
2024-12-31 13:30:00,24.85,trend_down,0.5239737120696346
2024-12-31 13:45:00,24.84,trend_down,0.8158377606251345
2024-12-31 14:00:00,24.86,trend_down,0.8164731192348211
2024-12-31 14:15:00,24.74,trend_down,0.8759429074363255
2024-12-31 14:30:00,24.67,trend_down,0.8759429074363255
2024-12-31 14:45:00,24.83,trend_down,0.8760738095212024
2024-12-31 15:00:00,24.66,trend_down,0.9438657732455722
2025-01-02 09:45:00,24.58,trend_down,0.5280567246047543
2025-01-02 10:00:00,24.48,trend_down,0.952555408724359
2025-01-02 10:15:00,24.36,trend_down,0.952555408724359
2025-01-02 10:30:00,24.37,trend_down,0.9696978493388541
2025-01-02 10:45:00,24.49,trend_down,0.9696978493388541
2025-01-02 11:00:00,24.55,trend_down,0.968840342841616
2025-01-02 11:15:00,24.41,trend_down,0.968840342841616
2025-01-02 11:30:00,24.41,trend_down,0.9230955164120815
2025-01-02 13:15:00,24.26,trend_down,0.5407135016471885
2025-01-02 13:30:00,24.08,trend_down,0.5280567246047543
2025-01-02 13:45:00,23.98,trend_down,0.4839498821261851
2025-01-02 14:00:00,23.97,trend_down,0.5293985367695945
2025-01-02 14:15:00,23.7,trend_down,0.5407135016471885
2025-01-02 14:30:00,23.78,trend_down,0.5293985367695945
2025-01-02 14:45:00,23.59,trend_down,0.5293985367695945
2025-01-02 15:00:00,23.74,trend_down,0.938106489634533
2025-01-03 09:45:00,23.87,trend_down,0.9742323281814625
2025-01-03 10:00:00,23.69,trend_down,0.9742323281814625
2025-01-03 10:15:00,23.86,trend_down,0.9679511336517824
2025-01-03 10:30:00,24.11,trend_down,0.7939991758485883
2025-01-03 10:45:00,24.0,trend_down,0.7939991758485883
2025-01-03 11:00:00,23.92,trend_down,0.8414240059105436
2025-01-03 11:15:00,23.93,trend_down,0.8753697464663617
2025-01-03 11:30:00,23.86,trend_down,0.8964466843873213
2025-01-03 13:15:00,23.72,trend_down,0.9204558658492991
2025-01-03 13:30:00,23.66,trend_down,0.9417516507203924
2025-01-03 13:45:00,23.58,trend_down,0.9403025693492182
2025-01-03 14:00:00,23.54,trend_down,0.784326599616006
2025-01-03 14:15:00,23.41,trend_down,0.49436850570766944
2025-01-03 14:30:00,23.56,trend_down,0.6291763895745622
2025-01-03 14:45:00,23.51,trend_down,0.9230955164120815
2025-01-03 15:00:00,23.43,trend_down,0.772069769738
2025-01-06 09:45:00,23.62,trend_down,0.8569679005102002
2025-01-06 10:00:00,23.81,trend_down,0.6615824891304735
2025-01-06 10:15:00,23.95,trend_up,0.8524900881344755
2025-01-06 10:30:00,23.89,trend_up,0.9015062663814333
2025-01-06 10:45:00,23.82,trend_up,0.9015062663814333
2025-01-06 11:00:00,23.78,range,0.7535994836059334
2025-01-06 11:15:00,23.74,range,0.566292616252631
2025-01-06 11:30:00,23.7,trend_down,0.7123691467602389
2025-01-06 13:15:00,23.67,range,0.49209851201904514
2025-01-06 13:30:00,23.54,trend_down,0.9015062663814333
2025-01-06 13:45:00,23.48,trend_down,0.5860438556749826
2025-01-06 14:00:00,23.55,trend_down,0.5693664605098077
2025-01-06 14:15:00,23.55,trend_down,0.7080317345949005
2025-01-06 14:30:00,23.5,trend_down,0.5177646269349031
2025-01-06 14:45:00,23.48,trend_down,0.5534831458654006
2025-01-06 15:00:00,23.57,trend_down,0.5177646269349031
2025-01-07 09:45:00,24.06,reversal,0.5155828719661367
2025-01-07 10:00:00,23.98,trend_up,0.4898799703859407
2025-01-07 10:15:00,24.13,trend_up,0.5002677151533544
2025-01-07 10:30:00,24.27,trend_up,0.6839302420729675
2025-01-07 10:45:00,24.11,trend_up,0.9015062663814333
2025-01-07 11:00:00,24.02,trend_up,0.8493096640531225
2025-01-07 11:15:00,24.11,trend_up,0.8493096640531225
2025-01-07 11:30:00,24.03,trend_up,0.8123414493055849
2025-01-07 13:15:00,23.93,trend_up,0.8493096640531225
2025-01-07 13:30:00,24.04,trend_up,0.8493096640531225
2025-01-07 13:45:00,24.03,trend_up,0.648246343667833
2025-01-07 14:00:00,23.96,trend_up,0.8493096640531225
2025-01-07 14:15:00,23.96,trend_up,0.648246343667833
2025-01-07 14:30:00,24.05,trend_up,0.648246343667833
2025-01-07 14:45:00,24.03,range,0.5851334218962132
2025-01-07 15:00:00,24.08,range,0.5851334218962132
2025-01-08 09:45:00,23.87,range,0.5294037623753223
2025-01-08 10:00:00,23.94,range,0.6299592696573502
2025-01-08 10:15:00,23.96,range,0.6299592696573502
2025-01-08 10:30:00,24.1,range,0.7851479446904522
2025-01-08 10:45:00,24.02,range,0.7705357985483827
2025-01-08 11:00:00,24.06,range,0.7863367821971079
2025-01-08 11:15:00,23.99,range,0.7863367821971079
2025-01-08 11:30:00,23.69,trend_down,0.6357311226644753
2025-01-08 13:15:00,23.7,trend_down,0.5512036185635135
2025-01-08 13:30:00,23.89,trend_down,0.6359685894540297
2025-01-08 13:45:00,24.07,range,0.6356567985997432
2025-01-08 14:00:00,24.23,range,0.5276718154384146
2025-01-08 14:15:00,24.54,trend_up,0.6072763531051178
2025-01-08 14:30:00,24.32,trend_up,0.7495765898693661
2025-01-08 14:45:00,24.36,trend_up,0.7984524515105774
2025-01-08 15:00:00,24.37,trend_up,0.8107846739053404
2025-01-09 09:45:00,24.08,reversal,0.4918807138681568
2025-01-09 10:00:00,24.08,range,0.7535994836059334
2025-01-09 10:15:00,23.93,trend_down,0.6554353925269597
2025-01-09 10:30:00,23.94,trend_down,0.5845824471871092
2025-01-09 10:45:00,23.98,trend_down,0.6956124261749731
2025-01-09 11:00:00,23.98,range,0.4987464144289901
2025-01-09 11:15:00,23.96,trend_down,0.5110918184132843
2025-01-09 11:30:00,23.96,trend_down,0.5110918184132843
2025-01-09 13:15:00,23.95,trend_down,0.5110918184132843
2025-01-09 13:30:00,23.95,trend_down,0.5869865257032929
2025-01-09 13:45:00,23.89,trend_down,0.7124680888866436
2025-01-09 14:00:00,23.83,trend_down,0.7177877360565809
2025-01-09 14:15:00,23.96,trend_down,0.8596638413505254
2025-01-09 14:30:00,23.9,trend_down,0.6601022639809804
2025-01-09 14:45:00,23.85,trend_down,0.6601022639809804
2025-01-09 15:00:00,23.83,trend_down,0.6578067227736748
